,6120507350,6120508240,6120512640,6120513770,6120515780,6120515900,6120515990,6120516000,6120516820,6120517050,6120517160,6120517580,6120517900,6120518850,6120520150,6121162550,6121162920,6121163520,6121163640,6121165370,6121166760,6121167560,6121172190,6121172300
6120507350,0.0,0.0739283985499,0.36360147759,0.584887621307,0.674240810269,0.600721761412,0.652966290837,0.670087722348,0.670987022766,0.649676369046,0.658673985295,0.670857067164,0.621513304986,0.545183437124,0.658101441866,0.196389306328,0.238540701396,0.205358966132,0.284330582808,0.603706485288,0.669528504767,0.669892086023,0.486203528365,0.522666561959
6120508240,0.0739283985499,0.0,0.610726598469,0.67344162808,0.637368654851,0.665957673041,0.673619768627,0.635177623158,0.624101142548,0.624341580581,0.612531781583,0.626669000181,0.582413716671,0.519950012696,0.607664767057,0.255083494592,0.22257931619,0.217591143353,0.510729223085,0.671407653998,0.63430565645,0.643580961612,0.480327565681,0.495775383623
6120512640,0.36360147759,0.610726598469,0.0,0.524537559531,0.655042100249,0.496709139036,0.619400014492,0.614745234782,0.671775548213,0.65280249148,0.672420347268,0.668025202244,0.654419798338,0.602403609548,0.669447930215,0.169271177522,0.131029409452,0.245972045267,0.0839666493303,0.386666949588,0.671276651068,0.667695089764,0.606837850108,0.644728381853
6120513770,0.584887621307,0.67344162808,0.524537559531,0.0,0.66856829748,0.423388581198,0.655847397183,0.516043914095,0.650469150216,0.66053332788,0.671180720753,0.670020311896,0.651577921727,0.604923596852,0.674220417144,0.533094563231,0.599105977375,0.53004665404,0.452078292809,0.0999927037932,0.674014515876,0.674148413144,0.664237681264,0.670132081101
6120515780,0.674240810269,0.637368654851,0.655042100249,0.66856829748,0.0,0.635156465769,0.475871231613,0.604062699362,0.331133475355,0.364379531906,0.371193488429,0.416802301543,0.674216668087,0.663217734937,0.633705998862,0.655033052881,0.652786042303,0.664470724231,0.655533510688,0.666000730557,0.569699217581,0.610571233106,0.66689567775,0.659842176725
6120515900,0.600721761412,0.665957673041,0.496709139036,0.423388581198,0.635156465769,0.0,0.393520399366,0.666211365722,0.639630951796,0.67065551267,0.672151173498,0.66978132155,0.614356767695,0.534372798836,0.66274360193,0.557510870835,0.52305713275,0.61081084797,0.581802926582,0.386902161358,0.673535815569,0.674482257373,0.523148554585,0.566747044713
6120515990,0.652966290837,0.673619768627,0.619400014492,0.655847397183,0.475871231613,0.393520399366,0.0,0.636931673617,0.669643475118,0.658361327641,0.66088895572,0.67414912479,0.648382362042,0.595764238636,0.669565462741,0.613166797589,0.600322049203,0.644449609242,0.635621169692,0.657509469532,0.672280387368,0.672591990351,0.611023510076,0.633525433076
6120516000,0.670087722348,0.635177623158,0.614745234782,0.516043914095,0.604062699362,0.666211365722,0.636931673617,0.0,0.427270673419,0.674471466239,0.663140863387,0.594161170656,0.671028085512,0.652287786807,0.635751957013,0.653971922934,0.663447906343,0.652980797464,0.616277582435,0.486079932122,0.651341552946,0.655795720078,0.646568475323,0.636460462526
6120516820,0.670987022766,0.624101142548,0.671775548213,0.650469150216,0.331133475355,0.639630951796,0.669643475118,0.427270673419,0.0,0.458835074797,0.38455597272,0.287406043948,0.669872109523,0.673162682894,0.591271939228,0.674414922751,0.672327926771,0.674316800859,0.669477973591,0.646609304227,0.598980297482,0.636736639113,0.553040469214,0.5563028359
6120517050,0.649676369046,0.624341580581,0.65280249148,0.66053332788,0.364379531906,0.67065551267,0.658361327641,0.674471466239,0.458835074797,0.0,0.1653530682,0.635457907012,0.612010898487,0.659222777195,0.660622058459,0.672192205036,0.671612683387,0.665165482205,0.66213308923,0.655383731333,0.671731357696,0.666596834187,0.673333473619,0.672848233428
6120517160,0.658673985295,0.612531781583,0.672420347268,0.671180720753,0.371193488429,0.672151173498,0.66088895572,0.663140863387,0.38455597272,0.1653530682,0.0,0.417562478418,0.609369136401,0.656398632979,0.656439744397,0.67443096165,0.674385203334,0.672964985347,0.673821409026,0.671334922705,0.568083498769,0.656850816953,0.648742296899,0.646836350976
6120517580,0.670857067164,0.626669000181,0.668025202244,0.670020311896,0.416802301543,0.66978132155,0.67414912479,0.594161170656,0.287406043948,0.635457907012,0.417562478418,0.0,0.591603456829,0.654180510507,0.394300328217,0.674452210549,0.674459539699,0.673988061031,0.668454983175,0.666621356145,0.316465901889,0.44504582083,0.451728402505,0.445730895342
6120517900,0.621513304986,0.582413716671,0.654419798338,0.651577921727,0.674216668087,0.614356767695,0.648382362042,0.671028085512,0.669872109523,0.612010898487,0.609369136401,0.591603456829,0.0,0.321825713865,0.57702185352,0.665961304983,0.666014439693,0.660886360956,0.660635505969,0.656401604984,0.305585583931,0.614639055612,0.535318489462,0.550282918402
6120518850,0.545183437124,0.519950012696,0.602403609548,0.604923596852,0.663217734937,0.534372798836,0.595764238636,0.652287786807,0.673162682894,0.659222777195,0.656398632979,0.654180510507,0.321825713865,0.0,0.44311481267,0.643139568806,0.644482602977,0.63024673514,0.620780978959,0.616703752457,0.599978246645,0.551850815477,0.412249063002,0.471727160485
6120520150,0.658101441866,0.607664767057,0.669447930215,0.674220417144,0.633705998862,0.66274360193,0.669565462741,0.635751957013,0.591271939228,0.660622058459,0.656439744397,0.394300328217,0.57702185352,0.44311481267,0.0,0.674417980206,0.674458527572,0.674300008497,0.670668099666,0.668545952321,0.298110025413,0.0405369339265,0.245536635049,0.214927667053
6121162550,0.196389306328,0.255083494592,0.169271177522,0.533094563231,0.655033052881,0.557510870835,0.613166797589,0.653971922934,0.674414922751,0.672192205036,0.67443096165,0.674452210549,0.665961304983,0.643139568806,0.674417980206,0.0,0.0314318826915,0.0361166140814,0.0690225916805,0.538338029687,0.674477712171,0.674403811184,0.597401131242,0.635892071405
6121162920,0.238540701396,0.22257931619,0.131029409452,0.599105977375,0.652786042303,0.52305713275,0.600322049203,0.663447906343,0.672327926771,0.671612683387,0.674385203334,0.674459539699,0.666014439693,0.644482602977,0.674458527572,0.0314318826915,0.0,0.040349960695,0.134328850745,0.554168271659,0.674480255492,0.67405530335,0.592863700531,0.63464078951
6121163520,0.205358966132,0.217591143353,0.245972045267,0.53004665404,0.664470724231,0.61081084797,0.644449609242,0.652980797464,0.674316800859,0.665165482205,0.672964985347,0.673988061031,0.660886360956,0.63024673514,0.674300008497,0.0361166140814,0.040349960695,0.0,0.082707540224,0.556760602363,0.674340433997,0.673669710341,0.619577936312,0.650575465722
6121163640,0.284330582808,0.510729223085,0.0839666493303,0.452078292809,0.655533510688,0.581802926582,0.635621169692,0.616277582435,0.669477973591,0.66213308923,0.673821409026,0.668454983175,0.660635505969,0.620780978959,0.670668099666,0.0690225916805,0.134328850745,0.082707540224,0.0,0.480347918452,0.671674205911,0.669702993865,0.626492301131,0.656563784108
6121165370,0.603706485288,0.671407653998,0.386666949588,0.0999927037932,0.666000730557,0.386902161358,0.657509469532,0.486079932122,0.646609304227,0.655383731333,0.671334922705,0.666621356145,0.656401604984,0.616703752457,0.668545952321,0.538338029687,0.554168271659,0.556760602363,0.480347918452,0.0,0.672354172637,0.670817448475,0.665887441586,0.672533630116
6121166760,0.669528504767,0.63430565645,0.671276651068,0.674014515876,0.569699217581,0.673535815569,0.672280387368,0.651341552946,0.598980297482,0.671731357696,0.568083498769,0.316465901889,0.305585583931,0.599978246645,0.298110025413,0.674477712171,0.674480255492,0.674340433997,0.671674205911,0.672354172637,0.0,0.320765114428,0.431955920192,0.427906276499
6121167560,0.669892086023,0.643580961612,0.667695089764,0.674148413144,0.610571233106,0.674482257373,0.672591990351,0.655795720078,0.636736639113,0.666596834187,0.656850816953,0.44504582083,0.614639055612,0.551850815477,0.0405369339265,0.674403811184,0.67405530335,0.673669710341,0.669702993865,0.670817448475,0.320765114428,0.0,0.350174204859,0.334531085374
6121172190,0.486203528365,0.480327565681,0.606837850108,0.664237681264,0.66689567775,0.523148554585,0.611023510076,0.646568475323,0.553040469214,0.673333473619,0.648742296899,0.451728402505,0.535318489462,0.412249063002,0.245536635049,0.597401131242,0.592863700531,0.619577936312,0.626492301131,0.665887441586,0.431955920192,0.350174204859,0.0,0.0145515329443
6121172300,0.522666561959,0.495775383623,0.644728381853,0.670132081101,0.659842176725,0.566747044713,0.633525433076,0.636460462526,0.5563028359,0.672848233428,0.646836350976,0.445730895342,0.550282918402,0.471727160485,0.214927667053,0.635892071405,0.63464078951,0.650575465722,0.656563784108,0.672533630116,0.427906276499,0.334531085374,0.0145515329443,0.0
