,6120515970,6120517100,6120520230,6120520350,6120522330,6120523410,6120523490,6120524990
6120515970,0.0,22.019783537653893,29.647796938778875,12.39422615101974,34.66074313921589,49.65905469686471,38.926123981192184,42.70009222054064
6120517100,22.019783537653893,0.0,48.02230405383779,24.063944821193175,51.43882676140047,66.07120739705849,53.5588914538625,55.521252548817756
6120520230,29.647796938778875,48.02230405383779,0.0,24.17910140797485,6.442273870258768,20.396363389418028,13.145939987262619,18.778701409620375
6120520350,12.39422615101974,24.063944821193175,24.17910140797485,0.0,27.379324286018633,42.10773934354505,29.91772759396565,32.642798033274445
6120522330,34.66074313921589,51.43882676140047,6.442273870258768,27.379324286018633,0.0,15.029851768584399,6.925860333883031,12.676282791719586
6120523410,49.65905469686471,66.07120739705849,20.396363389418028,42.10773934354505,15.029851768584399,0.0,13.127805087175549,14.570997683980815
6120523490,38.926123981192184,53.5588914538625,13.145939987262619,29.91772759396565,6.925860333883031,13.127805087175549,0.0,5.759443167643371
6120524990,42.70009222054064,55.521252548817756,18.778701409620375,32.642798033274445,12.676282791719586,14.570997683980815,5.759443167643371,0.0
