,6120515970,6120517100,6120520230,6120520350,6120522330,6120523410,6120523490,6120524990
6120515970,1.0,0.9954701789914823,-0.5173190376261121,0.9925198268203291,-0.3849723271474187,0.903593457483755,0.7143172078641601,0.8362796892892298
6120517100,0.9954701789914823,1.0,-0.7595361454065463,0.9721282684812173,-0.4089295849902075,0.9396628043430387,0.7602169989532683,0.8786020332166812
6120520230,-0.5173190376261121,-0.7595361454065463,1.0,-0.6176781686067899,0.8816832288557663,-0.33092374030932215,-0.27988173175808095,-0.2695547726635665
6120520350,0.9925198268203291,0.9721282684812173,-0.6176781686067899,1.0,-0.4452591306697986,0.8878449381020471,0.6980741873308384,0.8311151964556283
6120522330,-0.3849723271474187,-0.4089295849902075,0.8816832288557663,-0.4452591306697986,1.0,0.15090727636122,0.33798969292475545,0.26870075346769634
6120523410,0.903593457483755,0.9396628043430387,-0.33092374030932215,0.8878449381020471,0.15090727636122,1.0,0.9404857499071538,0.9882337536054286
6120523490,0.7143172078641601,0.7602169989532683,-0.27988173175808095,0.6980741873308384,0.33798969292475545,0.9404857499071538,1.0,0.9698323084299396
6120524990,0.8362796892892298,0.8786020332166812,-0.2695547726635665,0.8311151964556283,0.26870075346769634,0.9882337536054286,0.9698323084299396,1.0
