,6120602960,6120610400,6120616750,6121205220,6121205680,6121208170,6121208760
6120602960,0.0,65.7155336917,99.2367713608,69.8364269123,63.3512231323,83.607739436,90.1797447141
6120610400,65.7155336917,0.0,36.3639610541,19.5173861942,11.4957001783,18.8765247974,25.7156422205
6120616750,99.2367713608,36.3639610541,0.0,47.8396605092,45.2462455284,17.800737894,11.3187329868
6121205220,69.8364269123,19.5173861942,47.8396605092,0.0,9.67373598523,30.8812039787,36.5839352069
6121205680,63.3512231323,11.4957001783,45.2462455284,9.67373598523,0.0,27.4757796381,34.0159763513
6121208170,83.607739436,18.8765247974,17.800737894,30.8812039787,27.4757796381,0.0,6.83918895933
6121208760,90.1797447141,25.7156422205,11.3187329868,36.5839352069,34.0159763513,6.83918895933,0.0
