,6120602960,6120610400,6120616750,6121205220,6121205680,6121208170,6121208760
6120602960,0.0,2172.9947052,2301.81141662,2254.21568298,2202.5990448,2357.07700348,2318.57823944
6120610400,2172.9947052,0.0,128.816711426,81.220977784,29.6043396,184.082298279,145.583534241
6120616750,2301.81141662,128.816711426,0.0,47.5957336421,99.2123718261,55.265586853,16.7668228149
6121205220,2254.21568298,81.220977784,47.5957336421,0.0,51.616638184,102.861320495,64.362556457
6121205680,2202.5990448,29.6043396,99.2123718261,51.616638184,0.0,154.477958679,115.979194641
6121208170,2357.07700348,184.082298279,55.265586853,102.861320495,154.477958679,0.0,38.4987640381
6121208760,2318.57823944,145.583534241,16.7668228149,64.362556457,115.979194641,38.4987640381,0.0
