,6120602960,6120610400,6120616750,6121205220,6121205680,6121208170,6121208760
6120602960,0.0,0.626394648258,0.65754869817,0.0260439280086,0.592366462139,0.536227911234,0.605634521432
6120610400,0.626394648258,0.0,0.0198374480345,0.0454083699233,0.0160867401797,0.01176143398,0.0117013645709
6120616750,0.65754869817,0.0198374480345,0.0,0.006969869933,0.0189006791654,0.0122533360476,0.00305986705623
6121205220,0.0260439280086,0.0454083699233,0.006969869933,0.0,0.00782818547272,0.0244541033115,0.0151349086336
6121205680,0.592366462139,0.0160867401797,0.0189006791654,0.00782818547272,0.0,0.0587175974847,0.0310338503033
6121208170,0.536227911234,0.01176143398,0.0122533360476,0.0244541033115,0.0587175974847,0.0,0.0061235991721
6121208760,0.605634521432,0.0117013645709,0.00305986705623,0.0151349086336,0.0310338503033,0.0061235991721,0.0
