,6120030850,6120516360,6120517080,6120517880,6120520510,6120523030
6120030850,0.0,0.257609070071,0.44592044142,0.499687646891,0.673166165215,0.0593454130893
6120516360,0.257609070071,0.0,0.0730521930545,0.534854740677,0.647688737957,0.658307962054
6120517080,0.44592044142,0.0730521930545,0.0,0.360252623542,0.54999548156,0.668900541393
6120517880,0.499687646891,0.534854740677,0.360252623542,0.0,0.331459697681,0.583686828029
6120520510,0.673166165215,0.647688737957,0.54999548156,0.331459697681,0.0,0.135710612915
6120523030,0.0593454130893,0.658307962054,0.668900541393,0.583686828029,0.135710612915,0.0
