,6120030850,6120516360,6120517080,6120517880,6120520510,6120523030
6120030850,0.0,52.0839183984,43.5694658396,34.1305045495,18.9456085356,5.8316434437
6120516360,52.0839183984,0.0,9.14787049346,19.7357359437,33.9736788214,46.2656062596
6120517080,43.5694658396,9.14787049346,0.0,10.587866793,25.095227545,37.7379643724
6120517880,34.1305045495,19.7357359437,10.587866793,0.0,15.2264822099,28.3590284005
6120520510,18.9456085356,33.9736788214,25.095227545,15.2264822099,0.0,13.2422982376
6120523030,5.8316434437,46.2656062596,37.7379643724,28.3590284005,13.2422982376,0.0
