,6120030850,6120516360,6120517080,6120517880,6120520510,6120523030
6120030850,0.0,375.273315429,272.138214111,257.222595215,31.113525391,151.355834961
6120516360,375.273315429,0.0,103.135101318,118.050720214,406.38684082,223.917480468
6120517080,272.138214111,103.135101318,0.0,14.915618896,303.251739502,120.78237915
6120517880,257.222595215,118.050720214,14.915618896,0.0,288.336120606,105.866760254
6120520510,31.113525391,406.38684082,303.251739502,288.336120606,0.0,182.469360352
6120523030,151.355834961,223.917480468,120.78237915,105.866760254,182.469360352,0.0
