,6120030850,6120516360,6120517080,6120517880,6120520510,6120523030
6120030850,1.0,-0.786170451265,-0.582125433274,-0.509071464941,-0.0441731041964,-0.954993916991
6120516360,-0.786170451265,1.0,0.94429415616,0.454988314088,-0.199310242881,-0.154855780696
6120517080,-0.582125433274,0.94429415616,1.0,0.682556025418,-0.429611941839,0.0909700870141
6120517880,-0.509071464941,0.454988314088,0.682556025418,1.0,-0.713142102113,0.366899169612
6120520510,-0.0441731041964,-0.199310242881,-0.429611941839,-0.713142102113,1.0,-0.893752151938
6120523030,-0.954993916991,-0.154855780696,0.0909700870141,0.366899169612,-0.893752151938,1.0
