,6120441220,6120479570,6120480390,6120484880,6120484890,6120486000,6120489370,6121151870
6120441220,0.0,0.305885030748,0.421643653994,0.30392746669,0.326119881869,0.579658165174,0.544055819463,0.672843932204
6120479570,0.305885030748,0.0,0.0323746439759,0.655828074672,0.670338794614,0.653812271578,0.672909006094,0.388863209239
6120480390,0.421643653994,0.0323746439759,0.0,0.515716224545,0.583623512214,0.654850546777,0.67397895405,0.201751163874
6120484880,0.30392746669,0.655828074672,0.515716224545,0.0,0.0652933039571,0.563936816107,0.547971993061,0.335346157148
6120484890,0.326119881869,0.670338794614,0.583623512214,0.0652933039571,0.0,0.614122921338,0.603330061255,0.256090697198
6120486000,0.579658165174,0.653812271578,0.654850546777,0.563936816107,0.614122921338,0.0,0.0218636797097,0.654558036295
6120489370,0.544055819463,0.672909006094,0.67397895405,0.547971993061,0.603330061255,0.0218636797097,0.0,0.672743604963
6121151870,0.672843932204,0.388863209239,0.201751163874,0.335346157148,0.256090697198,0.654558036295,0.672743604963,0.0
