,6120441220,6120479570,6120480390,6120484880,6120484890,6120486000,6120489370,6121151870
6120441220,1.0,-0.739249035812,-0.612260760457,0.74120945623,0.718671391195,0.374950625415,0.439741599802,-0.0492850060332
6120479570,-0.739249035812,1.0,0.97570525663,0.166304059459,0.0783784130118,-0.175059154381,-0.048296294403,0.650741222605
6120480390,-0.612260760457,0.97570525663,1.0,0.485169545252,0.367027075122,-0.170605806814,-0.0273167937186,0.837185734504
6120484880,0.74120945623,0.166304059459,0.485169545252,1.0,0.950365680848,0.404841620181,0.433089462392,0.709090629165
6120484890,0.718671391195,0.0783784130118,0.367027075122,0.950365680848,1.0,0.299148591713,0.324794667416,0.787600880167
6120486000,0.374950625415,-0.175059154381,-0.170605806814,0.404841620181,0.299148591713,1.0,0.983658731404,-0.171872111832
6120489370,0.439741599802,-0.048296294403,-0.0273167937186,0.433089462392,0.324794667416,0.983658731404,1.0,-0.0507716344252
6121151870,-0.0492850060332,0.650741222605,0.837185734504,0.709090629165,0.787600880167,-0.171872111832,-0.0507716344252,1.0
