,6120664560,6120666740,6120669500,6120669910,6120670010,6120670140,6121227790
6120664560,1.0,0.99918629832,-0.969861897187,-0.973647436821,-0.974428679305,-0.974251473917,0.999991085012
6120666740,0.99918629832,1.0,-0.99695034901,-0.991501169508,-0.992080173328,-0.991961188185,0.999063411585
6120669500,-0.969861897187,-0.99695034901,1.0,0.999204686427,0.999032031812,0.999058276965,-0.979763657008
6120669910,-0.973647436821,-0.991501169508,0.999204686427,1.0,0.999991503539,0.999993606184,-0.982452381512
6120670010,-0.974428679305,-0.992080173328,0.999032031812,0.999991503539,1.0,0.999999706953,-0.983109791537
6120670140,-0.974251473917,-0.991961188185,0.999058276965,0.999993606184,0.999999706953,1.0,-0.983087932964
6121227790,0.999991085012,0.999063411585,-0.979763657008,-0.982452381512,-0.983109791537,-0.983087932964,1.0
