,6120359210,6120359520,6120361470,6120363030,6120366530,6120367480,6121103390,6121104960
6120359210,1.0,0.980820432066,0.558619765267,-0.499457012359,-0.627411231198,-0.189335344068,0.240848333392,0.157402829161
6120359520,0.980820432066,1.0,0.673353318704,-0.481873277914,-0.544860269901,-0.258538417769,0.0596495915312,0.0120470465644
6120361470,0.558619765267,0.673353318704,1.0,-0.279322430295,-0.369401583003,0.0665642524745,0.0418893956766,-0.19031542636
6120363030,-0.499457012359,-0.481873277914,-0.279322430295,1.0,0.973896279772,0.520890297063,0.051480566531,0.761635238012
6120366530,-0.627411231198,-0.544860269901,-0.369401583003,0.973896279772,1.0,0.69945707823,-0.257590921884,0.800941715979
6120367480,-0.189335344068,-0.258538417769,0.0665642524745,0.520890297063,0.69945707823,1.0,0.423714798967,0.672532528887
6121103390,0.240848333392,0.0596495915312,0.0418893956766,0.051480566531,-0.257590921884,0.423714798967,1.0,0.9373084705
6121104960,0.157402829161,0.0120470465644,-0.19031542636,0.761635238012,0.800941715979,0.672532528887,0.9373084705,1.0
