,6120359520,6120361470,6120363030,6120366530,6120367480,6121103390,6121104960
6120359520,0.0,343.71502686,543.155029302,884.331054692,478.786071782,260.712036137,173.24005127
6120361470,343.71502686,0.0,199.440002442,540.616027832,135.071044922,83.002990723,170.47497559
6120363030,543.155029302,199.440002442,0.0,341.17602539,64.36895752,282.442993165,369.914978032
6120366530,884.331054692,540.616027832,341.17602539,0.0,405.54498291,623.619018555,711.091003422
6120367480,478.786071782,135.071044922,64.36895752,405.54498291,0.0,218.074035645,305.546020512
6121103390,260.712036137,83.002990723,282.442993165,623.619018555,218.074035645,0.0,87.471984867
6121104960,173.24005127,170.47497559,369.914978032,711.091003422,305.546020512,87.471984867,0.0
