,6120359520,6120361470,6120363030,6120366530,6120367480,6121103390,6121104960
6120359520,0.0,8.51885422454,31.5712368666,39.9692942099,48.4763964365,23.4894528583,35.6179328876
6120361470,8.51885422454,0.0,23.1656227255,31.7087996432,41.2710475461,15.1421767112,27.2768447299
6120363030,31.5712368666,23.1656227255,0.0,8.86269911631,22.309913576,11.478946885,4.25390236336
6120366530,39.9692942099,31.7087996432,8.86269911631,0.0,15.4690171379,20.1415588003,4.61349865071
6120367480,48.4763964365,41.2710475461,22.309913576,15.4690171379,0.0,33.5180618189,18.9087659198
6121103390,23.4894528583,15.1421767112,11.478946885,20.1415588003,33.5180618189,0.0,15.5774074839
6121104960,35.6179328876,27.2768447299,4.25390236336,4.61349865071,18.9087659198,15.5774074839,0.0
