,6120359520,6120361470,6120363030,6120366530,6120367480,6121103390,6121104960
6120359520,0.0,0.210732253581,0.513330727081,0.469465066777,0.629537811479,0.672152030119,0.674393386044
6120361470,0.210732253581,0.0,0.643604204675,0.614828278886,0.668943581176,0.670318672791,0.669364238184
6120363030,0.513330727081,0.643604204675,0.0,0.0315370852268,0.488139038163,0.671576095994,0.272329441439
6120366530,0.469465066777,0.614828278886,0.0315370852268,0.0,0.211462058145,0.639464391096,0.250904848178
6120367480,0.629537811479,0.668943581176,0.488139038163,0.211462058145,0.0,0.553300523381,0.318630721421
6121103390,0.672152030119,0.670318672791,0.671576095994,0.639464391096,0.553300523381,0.0,0.0515944718475
6121104960,0.674393386044,0.669364238184,0.272329441439,0.250904848178,0.318630721421,0.0515944718475,0.0
