,6120359210,6120359520,6120361470,6120363030,6120366530,6120367480,6121103390,6121104960
6120359210,0.0,0.0256244443308,0.464005993781,0.506227729853,0.408975788421,0.650303503597,0.635356944944,0.657771520811
6120359520,0.0256244443308,0.0,0.368668837451,0.517866225552,0.474246879418,0.62939843799,0.672082399951,0.674384369072
6120361470,0.464005993781,0.368668837451,0.0,0.621858463827,0.582444075002,0.67149376179,0.673298729081,0.65005253617
6120363030,0.506227729853,0.517866225552,0.621858463827,0.0,0.0347533972512,0.49147721136,0.672694711833,0.283223034714
6120366530,0.408975788421,0.474246879418,0.582444075002,0.0347533972512,0.0,0.344498420094,0.629728280335,0.241796741427
6120367480,0.650303503597,0.62939843799,0.67149376179,0.49147721136,0.344498420094,0.0,0.553389604234,0.36941393085
6121103390,0.635356944944,0.672082399951,0.673298729081,0.672694711833,0.629728280335,0.553389604234,0.0,0.0819177797293
6121104960,0.657771520811,0.674384369072,0.65005253617,0.283223034714,0.241796741427,0.36941393085,0.0819177797293,0.0
