,6120359520,6120361470,6120363030,6120366530,6120367480,6121103390,6121104960
6120359520,1.0,0.829195044979,-0.488800849797,-0.551327777734,-0.258138481678,0.0587778766262,-0.0114787891067
6120361470,0.829195044979,1.0,-0.213963497573,-0.297395533998,0.0906186798856,0.078568496341,-0.0871095356596
6120363030,-0.488800849797,-0.213963497573,1.0,0.976341399342,0.525619576825,0.0656409131342,0.772165319575
6120366530,-0.551327777734,-0.297395533998,0.976341399342,1.0,0.828542334906,-0.227855531582,0.792466897171
6120367480,-0.258138481678,0.0906186798856,0.525619576825,0.828542334906,1.0,0.423870621535,0.726355379797
6121103390,0.0587778766262,0.078568496341,0.0656409131342,-0.227855531582,0.423870621535,1.0,0.960991712673
6121104960,-0.0114787891067,-0.0871095356596,0.772165319575,0.792466897171,0.726355379797,0.960991712673,1.0
