,6120298550,6120299470,6120300140,6120300270,6120300470,6120300730,6120302370,6120302570,6120303340,6120303880,6120303990,6120305470,6121079990,6121081390,6121081710,6121082960
6120298550,1.0,0.295763720226,-0.450413002619,-0.294545841182,-0.33326058276,0.0900309495011,-0.347516550104,-0.157197077452,-0.0976407199043,0.222779642599,-0.372520044348,-0.243074206476,-0.158173289166,-0.472670708293,-0.230185116125,0.237905214841
6120299470,0.295763720226,1.0,-0.111372414164,-0.0798647593497,0.238502139698,0.824854561956,0.166988263813,-0.141535924477,-0.444777824178,-0.131818803567,-0.253349102804,0.215268722732,-0.323007140125,-0.130187067756,-0.400894390885,-0.118171086121
6120300140,-0.450413002619,-0.111372414164,1.0,0.859459022872,0.50505885516,0.219754604746,0.502618233994,0.0276816971577,-0.169873074677,-0.342698786445,0.357397105421,-0.107518890927,-0.22202223489,0.974588399091,0.00452817102322,-0.373614515869
6120300270,-0.294545841182,-0.0798647593497,0.859459022872,1.0,0.232911609955,0.108466076874,0.223198163798,-0.0424063030121,-0.244645957709,-0.216997769889,0.14875361223,-0.0863904918476,-0.28165851218,0.723358869872,-0.0146210845718,-0.256252453236
6120300470,-0.33326058276,0.238502139698,0.50505885516,0.232911609955,1.0,0.664657900739,0.995259728389,0.454936041506,0.116382378151,-0.333385268197,0.289724349647,0.118187126214,-0.497438160055,0.572657928475,-0.451239484362,-0.334546054532
6120300730,0.0900309495011,0.824854561956,0.219754604746,0.108466076874,0.664657900739,1.0,0.594200164003,-0.118276043338,-0.485880074827,-0.222448313864,-0.175481535622,0.364993000471,-0.540214365602,0.231155595621,-0.62819654478,-0.217620857142
6120302370,-0.347516550104,0.166988263813,0.502618233994,0.223198163798,0.995259728389,0.594200164003,1.0,0.535445029382,0.222786759013,-0.334378713737,0.331709077317,0.0692066915609,-0.465465234316,0.574638383687,-0.404686402472,-0.335284219809
6120302570,-0.157197077452,-0.141535924477,0.0276816971577,-0.0424063030121,0.454936041506,-0.118276043338,0.535445029382,1.0,0.656952888295,-0.225972941045,0.846749315031,-0.282920433066,-0.0614904756124,0.0630779282754,0.204669149784,-0.220058263533
6120303340,-0.0976407199043,-0.444777824178,-0.169873074677,-0.244645957709,0.116382378151,-0.485880074827,0.222786759013,0.656952888295,1.0,-0.24299761132,0.280209892503,-0.538373524112,0.126386117628,-0.102822488735,0.338753838263,-0.226286088562
6120303880,0.222779642599,-0.131818803567,-0.342698786445,-0.216997769889,-0.333385268197,-0.222448313864,-0.334378713737,-0.225972941045,-0.24299761132,1.0,-0.353881127801,0.357489450643,-0.177603921927,-0.366750352621,-0.276546963997,0.999049555706
6120303990,-0.372520044348,-0.253349102804,0.357397105421,0.14875361223,0.289724349647,-0.175481535622,0.331709077317,0.846749315031,0.280209892503,-0.353881127801,1.0,-0.352300986976,0.139053421275,0.432422582699,0.524017052388,-0.35698353389
6120305470,-0.243074206476,0.215268722732,-0.107518890927,-0.0863904918476,0.118187126214,0.364993000471,0.0692066915609,-0.282920433066,-0.538373524112,0.357489450643,-0.352300986976,1.0,-0.357967376839,-0.128092446214,-0.470256385147,0.315623677666
6121079990,-0.158173289166,-0.323007140125,-0.22202223489,-0.28165851218,-0.497438160055,-0.540214365602,-0.465465234316,-0.0614904756124,0.126386117628,-0.177603921927,0.139053421275,-0.357967376839,1.0,-0.209035760832,0.600923306056,-0.186618834212
6121081390,-0.472670708293,-0.130187067756,0.974588399091,0.723358869872,0.572657928475,0.231155595621,0.574638383687,0.0630779282754,-0.102822488735,-0.366750352621,0.432422582699,-0.128092446214,-0.209035760832,1.0,0.0137912381118,-0.391272904418
6121081710,-0.230185116125,-0.400894390885,0.00452817102322,-0.0146210845718,-0.451239484362,-0.62819654478,-0.404686402472,0.204669149784,0.338753838263,-0.276546963997,0.524017052388,-0.470256385147,0.600923306056,0.0137912381118,1.0,-0.279242154909
6121082960,0.237905214841,-0.118171086121,-0.373614515869,-0.256252453236,-0.334546054532,-0.217620857142,-0.335284219809,-0.220058263533,-0.226286088562,0.999049555706,-0.35698353389,0.315623677666,-0.186618834212,-0.391272904418,-0.279242154909,1.0
