,6120386150,6120386310,6120386480,6120389000,6120400420,6120403870,6120404260,6120405900,6120407840,6120410870,6121111780
6120386150,1.0,0.972311108161,0.991667599545,0.929889765964,0.894079955773,0.870157166102,0.888293183671,0.722404314783,0.754164610448,0.706302368606,0.947692144354
6120386310,0.972311108161,1.0,0.977194183994,0.350513164141,0.797663008,0.779033724724,0.805074684982,0.565714076336,0.651680468676,0.590706016523,0.992291607861
6120386480,0.991667599545,0.977194183994,1.0,0.779870496524,0.85934078927,0.853379483134,0.875823082899,0.621635357388,0.728132015507,0.675560004334,0.972932794189
6120389000,0.929889765964,0.350513164141,0.779870496524,1.0,-0.408249118129,-0.310182503877,-0.178900515264,-0.623590231428,-0.323371329895,-0.299435134698,0.178737872207
6120400420,0.894079955773,0.797663008,0.85934078927,-0.408249118129,1.0,0.987595899748,0.935954862777,0.868963366061,0.801404581959,0.626804797156,0.831241987824
6120403870,0.870157166102,0.779033724724,0.853379483134,-0.310182503877,0.987595899748,1.0,0.952021813656,0.805194713699,0.825565367763,0.62893250802,0.814027209916
6120404260,0.888293183671,0.805074684982,0.875823082899,-0.178900515264,0.935954862777,0.952021813656,1.0,0.725408211223,0.644270275282,0.819114775366,0.833175412339
6120405900,0.722404314783,0.565714076336,0.621635357388,-0.623590231428,0.868963366061,0.805194713699,0.725408211223,1.0,0.873652591143,0.748418766175,0.592438124217
6120407840,0.754164610448,0.651680468676,0.728132015507,-0.323371329895,0.801404581959,0.825565367763,0.644270275282,0.873652591143,1.0,0.877188113838,0.694070792765
6120410870,0.706302368606,0.590706016523,0.675560004334,-0.299435134698,0.626804797156,0.62893250802,0.819114775366,0.748418766175,0.877188113838,1.0,0.628301757503
6121111780,0.947692144354,0.992291607861,0.972932794189,0.178737872207,0.831241987824,0.814027209916,0.833175412339,0.592438124217,0.694070792765,0.628301757503,1.0
