,6120512130,6120519090,6120519700,6121164800,6121165510,6121166230
6120512130,1.0,-0.682555092744,-0.91099631546,-0.744087595861,0.84714869161,-0.545723381359
6120519090,-0.682555092744,1.0,0.692868574658,0.612238453332,-0.835863745413,0.919395509694
6120519700,-0.91099631546,0.692868574658,1.0,-0.316993217364,-0.169911879832,0.299507297842
6121164800,-0.744087595861,0.612238453332,-0.316993217364,1.0,-0.777544100524,0.796655392657
6121165510,0.84714869161,-0.835863745413,-0.169911879832,-0.777544100524,1.0,-0.844641915606
6121166230,-0.545723381359,0.919395509694,0.299507297842,0.796655392657,-0.844641915606,1.0
