,6120283290,6120283410,6120285610,6120288890,6120289130,6120290220,6120292750,6120292890,6120293670,6120293740,6120295270,6120296120,6120297920,6120300900,6120301550,6120301700,6120302110,6120302210,6120305240,6120305440,6120307880,6120308220,6120308230,6120309930,6120310880,6120310890,6120312700,6120314020,6120316360,6121075530,6121077290,6121079190,6121082280
6120283290,0.0,7585.990573881801,1923.9497070300004,2962.7202148199995,7564.984573363,1321.07958985,7547.1537780749,7594.149177550001,3391.1196289199997,7436.722183226,3343.1503906200005,3423.5903320300004,7562.7149734485,7495.646179198,668.7602539099989,7594.227874754601,1070.869628909999,7360.7191772450005,1070.869628909999,7344.152160643001,7559.1185760486005,307.7900390600007,39.25,7580.0626754748,7528.448173522001,39.25,320.4501953100007,655.8300781200005,758.6303710900002,7609.8692741382,7385.915161132,3025.2202148199995,7336.518188475
6120283410,7585.990573881801,0.0,9509.9402809118,10548.7107887018,21.0060005188,8907.0701637318,38.83679580689999,8.158603668200001,10977.1102028018,149.26839065579998,4242.8401832618,4162.4002418518,23.275600433299992,90.34439468379998,8254.750827791799,8.237300872800006,8656.860202791799,225.27139663679998,8656.860202791799,241.8384132388,26.87199783319999,7278.2005348218,7625.240573881801,5.927898406999994,57.54240035979999,7625.240573881801,7265.5403785718,6930.1604957618,6827.3602027918005,23.878700256400002,200.07541274979997,10611.2107887018,249.47238540680002
6120285610,1923.9497070300004,9509.9402809118,0.0,1038.770507789999,9488.934280393001,602.8701171800003,9471.1034851049,9518.09888458,1467.1699218899994,9360.671890256,5267.100097650001,5347.540039060001,9486.664680478501,9419.595886228,1255.1894531200014,9518.177581784601,853.0800781200014,9284.668884275,853.0800781200014,9268.101867673,9483.0682830786,2231.739746090001,1884.6997070300004,9504.012382504801,9452.397880552,1884.6997070300004,2244.399902340001,2579.779785150001,2682.5800781200005,9533.8189811682,9309.864868162002,1101.270507789999,9260.467895505
6120288890,2962.7202148199995,10548.7107887018,1038.770507789999,0.0,10527.704788183,1641.6406249699994,10509.8739928949,10556.86939237,428.3994141000003,10399.442398046,6305.87060544,6386.31054685,10525.4351882685,10458.366394018,2293.9599609100005,10556.9480895746,1891.8505859100005,10323.439392065,1891.8505859100005,10306.872375463,10521.8387908686,3270.51025388,2923.4702148199995,10542.7828902948,10491.168388342,2923.4702148199995,3283.17041013,3618.55029294,3721.3505859099996,10572.5894889582,10348.635375952,62.5,10299.238403295
6120289130,7564.984573363,21.0060005188,9488.934280393001,10527.704788183,0.0,8886.064163213001,17.830795288099992,29.164604187000002,10956.104202283,128.26239013699998,4221.8341827429995,4141.394241333,2.2695999144999917,69.33839416499998,8233.744827273,29.243301391600006,8635.854202273,204.26539611799998,8635.854202273,220.83241272,5.865997314399991,7257.194534302999,7604.234573363,15.078102111800007,36.53639984099999,7604.234573363,7244.534378052999,6909.1544952429995,6806.354202273,44.8847007752,179.06941223099997,10590.204788183,228.46638488800002
6120290220,1321.07958985,8907.0701637318,602.8701171800003,1641.6406249699994,8886.064163213001,0.0,8868.2333679249,8915.2287674,2070.0400390699997,8757.801773076,4664.229980470001,4744.66992188,8883.794563298501,8816.725769048,652.3193359400011,8915.3074646046,250.2099609400011,8681.798767095,250.2099609400011,8665.231750493,8880.1981658986,1628.8696289100008,1281.82958985,8901.142265324801,8849.527763372,1281.82958985,1641.5297851600008,1976.9096679700006,2079.70996094,8930.9488639882,8706.994750982001,1704.1406249699994,8657.597778325
6120292750,7547.1537780749,38.83679580689999,9471.1034851049,10509.8739928949,17.830795288099992,8868.2333679249,0.0,46.995399475099994,10938.2734069949,110.43159484889999,4204.0033874549,4123.5634460449,15.5611953736,51.50759887689999,8215.9140319849,47.0740966797,8618.0234069849,186.43460082989998,8618.0234069849,203.0016174319,11.964797973700001,7239.3637390149,7586.4037780749,32.9088973999,18.7056045529,7586.4037780749,7226.7035827649,6891.3236999549,6788.5234069849,62.715496063299994,161.23861694289997,10572.3739928949,210.63558959990002
6120292890,7594.149177550001,8.158603668200001,9518.09888458,10556.86939237,29.164604187000002,8915.2287674,46.995399475099994,0.0,10985.26880647,157.426994324,4250.99878693,4170.55884552,31.434204101499994,98.50299835199999,8262.909431459999,0.07869720460000451,8665.018806459999,233.430000305,8665.018806459999,249.99701690700002,35.03060150139999,7286.35913849,7633.399177550001,14.086502075199995,65.701004028,7633.399177550001,7273.69898224,6938.31909943,6835.518806460001,15.7200965882,208.23401641799998,10619.36939237,257.630989075
6120293670,3391.1196289199997,10977.1102028018,1467.1699218899994,428.3994141000003,10956.104202283,2070.0400390699997,10938.2734069949,10985.26880647,0.0,10827.841812146,6734.27001954,6814.70996095,10953.8346023685,10886.765808118,2722.359375010001,10985.3475036746,2320.250000010001,10751.838806165,2320.250000010001,10735.271789563,10950.2382049686,3698.9096679800004,3351.8696289199997,10971.1823043948,10919.567802442,3351.8696289199997,3711.5698242300004,4046.9497070400002,4149.75000001,11000.9889030582,10777.034790052001,365.8994141000003,10727.637817395
6120293740,7436.722183226,149.26839065579998,9360.671890256,10399.442398046,128.26239013699998,8757.801773076,110.43159484889999,157.426994324,10827.841812146,0.0,4093.5717926059997,4013.131851196,125.99279022249999,58.923995972,8105.482437135999,157.50569152859998,8507.591812136,76.003005981,8507.591812136,92.57002258300002,122.39639282259999,7128.9321441659995,7475.972183226,143.3404922488,91.72599029599999,7475.972183226,7116.2719879159995,6780.892105106,6678.091812136,173.14709091219999,50.80702209399999,10461.942398046,100.20399475100004
6120295270,3343.1503906200005,4242.8401832618,5267.100097650001,6305.87060544,4221.8341827429995,4664.229980470001,4204.0033874549,4250.99878693,6734.27001954,4093.5717926059997,0.0,80.43994140999985,4219.5645828285,4152.4957885779995,4011.9106445299994,4251.0774841346,4414.020019529999,4017.568786625,4414.020019529999,4001.001770023,4215.9681854286,3035.36035156,3382.4003906200005,4236.9122848547995,4185.297782902,3382.4003906200005,3022.70019531,2687.3203125,2584.5200195300004,4266.7188835182,4042.764770512,6368.37060544,3993.367797855
6120296120,3423.5903320300004,4162.4002418518,5347.540039060001,6386.31054685,4141.394241333,4744.66992188,4123.5634460449,4170.55884552,6814.70996095,4013.131851196,80.43994140999985,0.0,4139.1246414185,4072.055847168,4092.3505859399993,4170.6375427246,4494.459960939999,3937.128845215,4494.459960939999,3920.561828613,4135.5282440186,3115.8002929699996,3462.8403320300004,4156.4723434448,4104.857841492,3462.8403320300004,3103.1401367199996,2767.76025391,2664.95996094,4186.2789421082,3962.324829102,6448.81054685,3912.927856445
6120297920,7562.7149734485,23.275600433299992,9486.664680478501,10525.4351882685,2.2695999144999917,8883.794563298501,15.5611953736,31.434204101499994,10953.8346023685,125.99279022249999,4219.5645828285,4139.1246414185,0.0,67.06879425049999,8231.4752273585,31.512901306099998,8633.5846023585,201.9957962035,8633.5846023585,218.56281280550002,3.596397399899999,7254.924934388499,7601.9649734485,17.3477020263,34.2667999265,7601.9649734485,7242.264778138499,6906.8848953285,6804.0846023585,47.154300689699994,176.79981231649998,10587.9351882685,226.19678497350003
6120300900,7495.646179198,90.34439468379998,9419.595886228,10458.366394018,69.33839416499998,8816.725769048,51.50759887689999,98.50299835199999,10886.765808118,58.923995972,4152.4957885779995,4072.055847168,67.06879425049999,0.0,8164.406433107999,98.58169555659998,8566.515808107999,134.927001953,8566.515808107999,151.49401855500003,63.47239685059999,7187.856140137999,7534.896179198,84.41649627679999,32.80199432399999,7534.896179198,7175.195983887999,6839.8161010779995,6737.015808108,114.22309494019999,109.73101806599999,10520.866394018,159.12799072300004
6120301550,668.7602539099989,8254.750827791799,1255.1894531200014,2293.9599609100005,8233.744827273,652.3193359400011,8215.9140319849,8262.909431459999,2722.359375010001,8105.482437135999,4011.9106445299994,4092.3505859399993,8231.4752273585,8164.406433107999,0.0,8262.9881286646,402.109375,8029.4794311549995,402.109375,8012.9124145529995,8227.8788299586,976.5502929699996,629.5102539099989,8248.8229293848,8197.208427431999,629.5102539099989,989.2104492199996,1324.5903320299994,1427.390624999999,8278.629528048199,8054.675415041999,2356.4599609100005,8005.278442384999
6120301700,7594.227874754601,8.237300872800006,9518.177581784601,10556.9480895746,29.243301391600006,8915.3074646046,47.0740966797,0.07869720460000451,10985.3475036746,157.50569152859998,4251.0774841346,4170.6375427246,31.512901306099998,98.58169555659998,8262.9881286646,0.0,8665.0975036646,233.50869750959998,8665.0975036646,250.0757141116,35.109298706,7286.4378356946,7633.477874754601,14.1651992798,65.77970123259999,7633.477874754601,7273.7776794446,6938.3977966346,6835.5975036646005,15.641399383599996,208.31271362259997,10619.4480895746,257.7096862796
6120302110,1070.869628909999,8656.860202791799,853.0800781200014,1891.8505859100005,8635.854202273,250.2099609400011,8618.0234069849,8665.018806459999,2320.250000010001,8507.591812136,4414.020019529999,4494.459960939999,8633.5846023585,8566.515808107999,402.109375,8665.0975036646,0.0,8431.588806155,0.0,8415.021789552999,8629.9882049586,1378.6596679699996,1031.619628909999,8650.9323043848,8599.317802431999,1031.619628909999,1391.3198242199996,1726.6997070299994,1829.499999999999,8680.738903048199,8456.784790042,1954.3505859100005,8407.387817384999
6120302210,7360.7191772450005,225.27139663679998,9284.668884275,10323.439392065,204.26539611799998,8681.798767095,186.43460082989998,233.430000305,10751.838806165,76.003005981,4017.568786625,3937.128845215,201.9957962035,134.927001953,8029.4794311549995,233.50869750959998,8431.588806155,0.0,8431.588806155,16.567016602000024,198.39939880359998,7052.929138185,7399.9691772450005,219.3434982298,167.728996277,7399.9691772450005,7040.268981935,6704.889099125,6602.088806155,249.1500968932,25.19598388700001,10385.939392065,24.200988770000038
6120305240,1070.869628909999,8656.860202791799,853.0800781200014,1891.8505859100005,8635.854202273,250.2099609400011,8618.0234069849,8665.018806459999,2320.250000010001,8507.591812136,4414.020019529999,4494.459960939999,8633.5846023585,8566.515808107999,402.109375,8665.0975036646,0.0,8431.588806155,0.0,8415.021789552999,8629.9882049586,1378.6596679699996,1031.619628909999,8650.9323043848,8599.317802431999,1031.619628909999,1391.3198242199996,1726.6997070299994,1829.499999999999,8680.738903048199,8456.784790042,1954.3505859100005,8407.387817384999
6120305440,7344.152160643001,241.8384132388,9268.101867673,10306.872375463,220.83241272,8665.231750493,203.0016174319,249.99701690700002,10735.271789563,92.57002258300002,4001.001770023,3920.561828613,218.56281280550002,151.49401855500003,8012.9124145529995,250.0757141116,8415.021789552999,16.567016602000024,8415.021789552999,0.0,214.9664154056,7036.362121583,7383.402160643001,235.91051483180001,184.29601287900002,7383.402160643001,7023.701965333,6688.322082523,6585.521789553,265.7171134952,41.763000489000035,10369.372375463,7.633972168000014
6120307880,7559.1185760486005,26.87199783319999,9483.0682830786,10521.8387908686,5.865997314399991,8880.1981658986,11.964797973700001,35.03060150139999,10950.2382049686,122.39639282259999,4215.9681854286,4135.5282440186,3.596397399899999,63.47239685059999,8227.8788299586,35.109298706,8629.9882049586,198.39939880359998,8629.9882049586,214.9664154056,0.0,7251.3285369886,7598.3685760486005,20.944099426199998,30.6704025266,7598.3685760486005,7238.6683807386,6903.2884979286,6800.4882049586,50.75069808959999,173.20341491659997,10584.3387908686,222.60038757360002
6120308220,307.7900390600007,7278.2005348218,2231.739746090001,3270.51025388,7257.194534302999,1628.8696289100008,7239.3637390149,7286.35913849,3698.9096679800004,7128.9321441659995,3035.36035156,3115.8002929699996,7254.924934388499,7187.856140137999,976.5502929699996,7286.4378356946,1378.6596679699996,7052.929138185,1378.6596679699996,7036.362121583,7251.3285369886,0.0,347.0400390600007,7272.272636414799,7220.658134462,347.0400390600007,12.66015625,348.0400390599998,450.84033202999944,7302.079235078199,7078.125122072,3333.01025388,7028.728149414999
6120308230,39.25,7625.240573881801,1884.6997070300004,2923.4702148199995,7604.234573363,1281.82958985,7586.4037780749,7633.399177550001,3351.8696289199997,7475.972183226,3382.4003906200005,3462.8403320300004,7601.9649734485,7534.896179198,629.5102539099989,7633.477874754601,1031.619628909999,7399.9691772450005,1031.619628909999,7383.402160643001,7598.3685760486005,347.0400390600007,0.0,7619.3126754748,7567.698173522001,0.0,359.7001953100007,695.0800781200005,797.8803710900002,7649.1192741382,7425.165161132,2985.9702148199995,7375.768188475
6120309930,7580.0626754748,5.927898406999994,9504.012382504801,10542.7828902948,15.078102111800007,8901.142265324801,32.9088973999,14.086502075199995,10971.1823043948,143.3404922488,4236.9122848547995,4156.4723434448,17.3477020263,84.41649627679999,8248.8229293848,14.1651992798,8650.9323043848,219.3434982298,8650.9323043848,235.91051483180001,20.944099426199998,7272.272636414799,7619.3126754748,0.0,51.6145019528,7619.3126754748,7259.612480164799,6924.2325973547995,6821.4323043848,29.806598663399996,194.14751434279998,10605.2828902948,243.54448699980003
6120310880,7528.448173522001,57.54240035979999,9452.397880552,10491.168388342,36.53639984099999,8849.527763372,18.7056045529,65.701004028,10919.567802442,91.72599029599999,4185.297782902,4104.857841492,34.2667999265,32.80199432399999,8197.208427431999,65.77970123259999,8599.317802431999,167.728996277,8599.317802431999,184.29601287900002,30.6704025266,7220.658134462,7567.698173522001,51.6145019528,0.0,7567.698173522001,7207.997978212,6872.618095402,6769.8178024320005,81.4211006162,142.53301238999998,10553.668388342,191.92998504700003
6120310890,39.25,7625.240573881801,1884.6997070300004,2923.4702148199995,7604.234573363,1281.82958985,7586.4037780749,7633.399177550001,3351.8696289199997,7475.972183226,3382.4003906200005,3462.8403320300004,7601.9649734485,7534.896179198,629.5102539099989,7633.477874754601,1031.619628909999,7399.9691772450005,1031.619628909999,7383.402160643001,7598.3685760486005,347.0400390600007,0.0,7619.3126754748,7567.698173522001,0.0,359.7001953100007,695.0800781200005,797.8803710900002,7649.1192741382,7425.165161132,2985.9702148199995,7375.768188475
6120312700,320.4501953100007,7265.5403785718,2244.399902340001,3283.17041013,7244.534378052999,1641.5297851600008,7226.7035827649,7273.69898224,3711.5698242300004,7116.2719879159995,3022.70019531,3103.1401367199996,7242.264778138499,7175.195983887999,989.2104492199996,7273.7776794446,1391.3198242199996,7040.268981935,1391.3198242199996,7023.701965333,7238.6683807386,12.66015625,359.7001953100007,7259.612480164799,7207.997978212,359.7001953100007,0.0,335.3798828099998,438.18017577999944,7289.419078828199,7065.464965822,3345.67041013,7016.067993164999
6120314020,655.8300781200005,6930.1604957618,2579.779785150001,3618.55029294,6909.1544952429995,1976.9096679700006,6891.3236999549,6938.31909943,4046.9497070400002,6780.892105106,2687.3203125,2767.76025391,6906.8848953285,6839.8161010779995,1324.5903320299994,6938.3977966346,1726.6997070299994,6704.889099125,1726.6997070299994,6688.322082523,6903.2884979286,348.0400390599998,695.0800781200005,6924.2325973547995,6872.618095402,695.0800781200005,335.3798828099998,0.0,102.80029296999965,6954.0391960182,6730.085083012,3681.05029294,6680.6881103549995
6120316360,758.6303710900002,6827.3602027918005,2682.5800781200005,3721.3505859099996,6806.354202273,2079.70996094,6788.5234069849,6835.518806460001,4149.75000001,6678.091812136,2584.5200195300004,2664.95996094,6804.0846023585,6737.015808108,1427.390624999999,6835.5975036646005,1829.499999999999,6602.088806155,1829.499999999999,6585.521789553,6800.4882049586,450.84033202999944,797.8803710900002,6821.4323043848,6769.8178024320005,797.8803710900002,438.18017577999944,102.80029296999965,0.0,6851.2389030482,6627.284790042,3783.8505859099996,6577.887817385
6121075530,7609.8692741382,23.878700256400002,9533.8189811682,10572.5894889582,44.8847007752,8930.9488639882,62.715496063299994,15.7200965882,11000.9889030582,173.14709091219999,4266.7188835182,4186.2789421082,47.154300689699994,114.22309494019999,8278.629528048199,15.641399383599996,8680.738903048199,249.1500968932,8680.738903048199,265.7171134952,50.75069808959999,7302.079235078199,7649.1192741382,29.806598663399996,81.4211006162,7649.1192741382,7289.419078828199,6954.0391960182,6851.2389030482,0.0,223.95411300619998,10635.0894889582,273.3510856632
6121077290,7385.915161132,200.07541274979997,9309.864868162002,10348.635375952,179.06941223099997,8706.994750982001,161.23861694289997,208.23401641799998,10777.034790052001,50.80702209399999,4042.764770512,3962.324829102,176.79981231649998,109.73101806599999,8054.675415041999,208.31271362259997,8456.784790042,25.19598388700001,8456.784790042,41.763000489000035,173.20341491659997,7078.125122072,7425.165161132,194.14751434279998,142.53301238999998,7425.165161132,7065.464965822,6730.085083012,6627.284790042,223.95411300619998,0.0,10411.135375952,49.39697265700005
6121079190,3025.2202148199995,10611.2107887018,1101.270507789999,62.5,10590.204788183,1704.1406249699994,10572.3739928949,10619.36939237,365.8994141000003,10461.942398046,6368.37060544,6448.81054685,10587.9351882685,10520.866394018,2356.4599609100005,10619.4480895746,1954.3505859100005,10385.939392065,1954.3505859100005,10369.372375463,10584.3387908686,3333.01025388,2985.9702148199995,10605.2828902948,10553.668388342,2985.9702148199995,3345.67041013,3681.05029294,3783.8505859099996,10635.0894889582,10411.135375952,0.0,10361.738403295
6121082280,7336.518188475,249.47238540680002,9260.467895505,10299.238403295,228.46638488800002,8657.597778325,210.63558959990002,257.630989075,10727.637817395,100.20399475100004,3993.367797855,3912.927856445,226.19678497350003,159.12799072300004,8005.278442384999,257.7096862796,8407.387817384999,24.200988770000038,8407.387817384999,7.633972168000014,222.60038757360002,7028.728149414999,7375.768188475,243.54448699980003,191.92998504700003,7375.768188475,7016.067993164999,6680.6881103549995,6577.887817385,273.3510856632,49.39697265700005,10361.738403295,0.0
