,6120283290,6120285610,6120288890,6120290220,6120293670,6120293740,6120295270,6120296120,6120301550,6120302110,6120305240,6120305440,6120308220,6120310890,6120312700,6120314020,6120316360,6121079190,6121082280
6120283290,1.0,0.79167883996,0.541446596444,0.484084368191,0.265983416832,0.233529102563,0.224162881033,0.0216341169941,0.236236521695,0.161490472095,0.140161049247,-0.609097754991,0.119793173633,0.117647754626,0.125038206899,0.126494210395,0.150550953138,0.0455138004133,-0.664720346814
6120285610,0.79167883996,1.0,0.874708952664,0.61975095597,0.595831911689,-0.19155477955,-0.0937654782371,-0.193890931195,0.456566768561,0.432825126085,0.398383281058,-0.69050582837,0.215187406882,0.241893022694,0.22559690999,0.206547050615,0.21366262737,0.344588336601,-0.7868877761
6120288890,0.541446596444,0.874708952664,1.0,0.726397831072,0.889469081515,-0.219413672568,-0.147120305734,-0.266275220784,0.588275663846,0.545531123942,0.499089485276,-0.698979370124,0.263065757822,0.294811889916,0.27179864091,0.252476321298,0.263148491383,0.52493592996,-0.815605752782
6120290220,0.484084368191,0.61975095597,0.726397831072,1.0,0.91781195938,0.362984184679,0.340027738304,0.019926583112,0.673175829842,0.545830764506,0.487330939339,-0.590677461751,0.256169856761,0.289686573125,0.277399750838,0.278143870799,0.30923895779,0.443854881033,-0.66957432108
6120293670,0.265983416832,0.595831911689,0.889469081515,0.91781195938,1.0,0.0865690412632,0.0170324237293,-0.172031133871,0.659608857685,0.530224573287,0.467509948447,-0.559048401805,0.198231050672,0.224311275762,0.197051361832,0.180748098432,0.196135470598,0.660934733298,-0.666320157693
6120293740,0.233529102563,-0.19155477955,-0.219413672568,0.362984184679,0.0865690412632,1.0,0.827269898914,0.58820603992,-0.0393294578667,-0.420999896791,-0.466824227308,-0.00220681615549,-0.407882848666,-0.507830387699,-0.504941254744,-0.479070268726,-0.446677328138,-0.0505739641329,-0.0238621394155
6120295270,0.224162881033,-0.0937654782371,-0.147120305734,0.340027738304,0.0170324237293,0.827269898914,1.0,0.87638062292,0.210574159353,-0.0726019594717,-0.110807988443,-0.0433157024397,-0.0481044004612,-0.115035325304,-0.100420512043,-0.06444963516,-0.0220645118382,-0.227093011999,-0.0639819542088
6120296120,0.0216341169941,-0.193890931195,-0.266275220784,0.019926583112,-0.172031133871,0.58820603992,0.87638062292,1.0,0.353188870491,-0.00974865093219,-0.0519464657374,0.0902854466622,-0.012090972362,-0.0719991119913,-0.0614471311642,-0.0305488505739,0.00328351657805,-0.0693964855691,0.0824375750949
6120301550,0.236236521695,0.456566768561,0.588275663846,0.673175829842,0.659608857685,-0.0393294578667,0.210574159353,0.353188870491,1.0,0.855980792767,0.79626723882,-0.468859238953,0.576642016823,0.593493229733,0.562629894416,0.552371092832,0.57456286924,0.81774485024,-0.600391313268
6120302110,0.161490472095,0.432825126085,0.545531123942,0.545830764506,0.530224573287,-0.420999896791,-0.0726019594717,-0.00974865093219,0.855980792767,1.0,0.993715624322,-0.45769436523,0.863384954032,0.884791554438,0.841932808647,0.826664219328,0.833338449899,0.535063978233,-0.596283681561
6120305240,0.140161049247,0.398383281058,0.499089485276,0.487330939339,0.467509948447,-0.466824227308,-0.110807988443,-0.0519464657374,0.79626723882,0.993715624322,1.0,-0.417763007792,0.909644393696,0.919851946722,0.874122324622,0.858913359837,0.862672262823,0.457554026322,-0.562925545515
6120305440,-0.609097754991,-0.69050582837,-0.698979370124,-0.590677461751,-0.559048401805,-0.00220681615549,-0.0433157024397,0.0902854466622,-0.468859238953,-0.45769436523,-0.417763007792,1.0,-0.332107783296,-0.426655414745,-0.455496344346,-0.397086623316,-0.413518598314,-0.326634204404,0.941786551162
6120308220,0.119793173633,0.215187406882,0.263065757822,0.256169856761,0.198231050672,-0.407882848666,-0.0481044004612,-0.012090972362,0.576642016823,0.863384954032,0.909644393696,-0.332107783296,1.0,0.971080483639,0.943011212998,0.928614430707,0.933244011378,0.168216983448,-0.471626047499
6120310890,0.117647754626,0.241893022694,0.294811889916,0.289686573125,0.224311275762,-0.507830387699,-0.115035325304,-0.0719991119913,0.593493229733,0.884791554438,0.919851946722,-0.426655414745,0.971080483639,1.0,0.987714488087,0.977252428343,0.97488167323,0.181289255911,-0.505972291342
6120312700,0.125038206899,0.22559690999,0.27179864091,0.277399750838,0.197051361832,-0.504941254744,-0.100420512043,-0.0614471311642,0.562629894416,0.841932808647,0.874122324622,-0.455496344346,0.943011212998,0.987714488087,1.0,0.995268758207,0.988316479261,0.1441187135,-0.512769772231
6120314020,0.126494210395,0.206547050615,0.252476321298,0.278143870799,0.180748098432,-0.479070268726,-0.06444963516,-0.0305488505739,0.552371092832,0.826664219328,0.858913359837,-0.397086623316,0.928614430707,0.977252428343,0.995268758207,1.0,0.997961842106,0.120036889757,-0.451855076358
6120316360,0.150550953138,0.21366262737,0.263148491383,0.30923895779,0.196135470598,-0.446677328138,-0.0220645118382,0.00328351657805,0.57456286924,0.833338449899,0.862672262823,-0.413518598314,0.933244011378,0.97488167323,0.988316479261,0.997961842106,1.0,0.125435717353,-0.478439718065
6121079190,0.0455138004133,0.344588336601,0.52493592996,0.443854881033,0.660934733298,-0.0505739641329,-0.227093011999,-0.0693964855691,0.81774485024,0.535063978233,0.457554026322,-0.326634204404,0.168216983448,0.181289255911,0.1441187135,0.120036889757,0.125435717353,1.0,-0.423338452671
6121082280,-0.664720346814,-0.7868877761,-0.815605752782,-0.66957432108,-0.666320157693,-0.0238621394155,-0.0639819542088,0.0824375750949,-0.600391313268,-0.596283681561,-0.562925545515,0.941786551162,-0.471626047499,-0.505972291342,-0.512769772231,-0.451855076358,-0.478439718065,-0.423338452671,1.0
