,6120283290,6120285610,6120288890,6120290220,6120293670,6120293740,6120295270,6120296120,6120301550,6120302110,6120305240,6120305440,6120308220,6120310890,6120312700,6120314020,6120316360,6121079190,6121082280
6120283290,1.0,0.791675809493,0.541443168215,0.48408229279,0.265982438421,0.233525775043,0.224160249885,0.0216322830526,0.236235964508,0.161490711698,0.140161346971,-0.60909771011,0.119793239633,0.117647964904,0.125037902109,0.126493983755,0.150551736715,0.0455146629535,-0.664720607998
6120285610,0.791675809493,1.0,0.874709085219,0.619751425215,0.595834528243,-0.191560308055,-0.0937693788366,-0.193893176239,0.456568473699,0.432826176652,0.398384341783,-0.690504253911,0.215188260064,0.241893608413,0.225597147446,0.20654718176,0.213663903246,0.344590307337,-0.786886504504
6120288890,0.541443168215,0.874709085219,1.0,0.726402511847,0.889470508337,-0.219417928058,-0.147121329649,-0.266275350395,0.588279978689,0.545533982381,0.499092232368,-0.698977303335,0.263068089208,0.294814046594,0.27180057064,0.252478302183,0.263151917144,0.524937889384,-0.81560374645
6120290220,0.48408229279,0.619751425215,0.726402511847,1.0,0.91781261958,0.362975853038,0.340022471292,0.0199235971313,0.67318023122,0.545834618737,0.487334625375,-0.590680236799,0.256172082528,0.289688823387,0.277401480382,0.278145259627,0.30924124641,0.443859880446,-0.669578152871
6120293670,0.265982438421,0.595834528243,0.889470508337,0.91781261958,1.0,0.0865641006177,0.0170322323296,-0.172031257297,0.659614075344,0.530228784799,0.467514054937,-0.559047876033,0.198234342545,0.224314635608,0.197054491217,0.180751242295,0.196140004404,0.660936806552,-0.666319774679
6120293740,0.233525775043,-0.191560308055,-0.219417928058,0.362975853038,0.0865641006177,1.0,0.827269246864,0.588205451736,-0.0393350457679,-0.421002898627,-0.466826853882,-0.00220772395503,-0.407885239873,-0.507832150956,-0.504943657823,-0.479072198928,-0.446678937047,-0.0505743212725,-0.0238636355706
6120295270,0.224160249885,-0.0937693788366,-0.147121329649,0.340022471292,0.0170322323296,0.827269246864,1.0,0.876380745742,0.210569230904,-0.0726039410873,-0.110809635463,-0.0433175040959,-0.0481058196603,-0.115036181485,-0.100421935438,-0.0644507589062,-0.0220655530816,-0.227092352462,-0.0639845381121
6120296120,0.0216322830526,-0.193893176239,-0.266275350395,0.0199235971313,-0.172031257297,0.588205451736,0.876380745742,1.0,0.353182685693,-0.00975117606107,-0.0519485335537,0.0902845302868,-0.0120924768294,-0.0720000551753,-0.0614484481209,-0.0305499308749,0.00328229149264,-0.0693962841799,0.0824362415382
6120301550,0.236235964508,0.456568473699,0.588279978689,0.67318023122,0.659614075344,-0.0393350457679,0.210569230904,0.353182685693,1.0,0.855981805748,0.796268504636,-0.468861124864,0.57664280468,0.593494250258,0.562630634067,0.552371505068,0.574564118034,0.817745837374,-0.600393320935
6120302110,0.161490711698,0.432826176652,0.545533982381,0.545834618737,0.530228784799,-0.421002898627,-0.0726039410873,-0.00975117606107,0.855981805748,1.0,0.993715652629,-0.45769513269,0.863385400919,0.884791684429,0.841933207328,0.826664372205,0.833339182625,0.535064875591,-0.596284165668
6120305240,0.140161346971,0.398384341783,0.499092232368,0.487334625375,0.467514054937,-0.466826853882,-0.110809635463,-0.0519485335537,0.796268504636,0.993715652629,1.0,-0.417763840395,0.909644696963,0.919851977277,0.874122720036,0.858913524941,0.862672902487,0.457555030301,-0.562925977111
6120305440,-0.60909771011,-0.690504253911,-0.698977303335,-0.590680236799,-0.559047876033,-0.00220772395503,-0.0433175040959,0.0902845302868,-0.468861124864,-0.45769513269,-0.417763840395,1.0,-0.332110218407,-0.426656373902,-0.455495891577,-0.397085154003,-0.413519129325,-0.326634514104,0.941786587388
6120308220,0.119793239633,0.215188260064,0.263068089208,0.256172082528,0.198234342545,-0.407885239873,-0.0481058196603,-0.0120924768294,0.57664280468,0.863385400919,0.909644696963,-0.332110218407,1.0,0.971080792493,0.943011403865,0.928614447619,0.933244293091,0.16821831366,-0.471627060264
6120310890,0.117647964904,0.241893608413,0.294814046594,0.289688823387,0.224314635608,-0.507832150956,-0.115036181485,-0.0720000551753,0.593494250258,0.884791684429,0.919851977277,-0.426656373902,0.971080792493,1.0,0.98771463261,0.977252315574,0.974881661012,0.181290464879,-0.50597293559
6120312700,0.125037902109,0.225597147446,0.27180057064,0.277401480382,0.197054491217,-0.504943657823,-0.100421935438,-0.0614484481209,0.562630634067,0.841933207328,0.874122720036,-0.455495891577,0.943011403865,0.98771463261,1.0,0.995268568947,0.988316038435,0.144119839946,-0.512769693304
6120314020,0.126493983755,0.20654718176,0.252478302183,0.278145259627,0.180751242295,-0.479072198928,-0.0644507589062,-0.0305499308749,0.552371505068,0.826664372205,0.858913524941,-0.397085154003,0.928614447619,0.977252315574,0.995268568947,1.0,0.997961765032,0.12003800536,-0.451854207333
6120316360,0.150551736715,0.213663903246,0.263151917144,0.30924124641,0.196140004404,-0.446678937047,-0.0220655530816,0.00328229149264,0.574564118034,0.833339182625,0.862672902487,-0.413519129325,0.933244293091,0.974881661012,0.988316038435,0.997961765032,1.0,0.125438082858,-0.478441672848
6121079190,0.0455146629535,0.344590307337,0.524937889384,0.443859880446,0.660936806552,-0.0505743212725,-0.227092352462,-0.0693962841799,0.817745837374,0.535064875591,0.457555030301,-0.326634514104,0.16821831366,0.181290464879,0.144119839946,0.12003800536,0.125438082858,1.0,-0.423338693612
6121082280,-0.664720607998,-0.786886504504,-0.81560374645,-0.669578152871,-0.666319774679,-0.0238636355706,-0.0639845381121,0.0824362415382,-0.600393320935,-0.596284165668,-0.562925977111,0.941786587388,-0.471627060264,-0.50597293559,-0.512769693304,-0.451854207333,-0.478441672848,-0.423338693612,1.0
