,6120373890,6120378790,6120379480,6120379840,6120380050,6120380060
6120373890,0.0,38.98760025564742,42.401460524358164,53.56467522770838,55.72132102038756,51.732539445069264
6120378790,38.98760025564742,0.0,3.580870188309684,14.808731474236193,16.901951616814163,12.80343264459932
6120379480,42.401460524358164,3.580870188309684,0.0,11.85385726689037,13.84370988108814,9.66528136318634
6120379840,53.56467522770838,14.808731474236193,11.85385726689037,0.0,2.181907073923732,2.414673616346264
6120380050,55.72132102038756,16.901951616814163,13.84370988108814,2.181907073923732,0.0,4.1887928680011255
6120380060,51.732539445069264,12.80343264459932,9.66528136318634,2.414673616346264,4.1887928680011255,0.0
