,6120373890,6120378790,6120379480,6120379840,6120380050,6120380060
6120373890,1.0,0.7192386863292392,-0.355064875612989,-0.7125753702455129,0.7889045681607371,0.7642290288684014
6120378790,0.7192386863292392,1.0,0.12818402941842516,-0.48470612347942926,0.1802941061099799,0.16209171548197135
6120379480,-0.355064875612989,0.12818402941842516,1.0,-0.1849318234310679,-0.24848612481979465,-0.2959874851857914
6120379840,-0.7125753702455129,-0.48470612347942926,-0.1849318234310679,1.0,0.6971167568944193,0.7274399610952553
6120380050,0.7889045681607371,0.1802941061099799,-0.24848612481979465,0.6971167568944193,1.0,0.9989803076557997
6120380060,0.7642290288684014,0.16209171548197135,-0.2959874851857914,0.7274399610952553,0.9989803076557997,1.0
