,6120372920,6120373880,6120374440,6120374730,6120375050,6120375730,6120375880
6120372920,0.0,738.338684082,496.344909668,201.507751465,86.1005859375,76.4760131836,153.711120605
6120373880,738.338684082,0.0,241.993774414,536.830932617,824.43927002,661.862670898,584.627563477
6120374440,496.344909668,241.993774414,0.0,294.837158203,582.445495605,419.868896484,342.633789062
6120374730,201.507751465,536.830932617,294.837158203,0.0,287.608337402,125.031738281,47.7966308594
6120375050,86.1005859375,824.43927002,582.445495605,287.608337402,0.0,162.576599121,239.811706543
6120375730,76.4760131836,661.862670898,419.868896484,125.031738281,162.576599121,0.0,77.2351074219
6120375880,153.711120605,584.627563477,342.633789062,47.7966308594,239.811706543,77.2351074219,0.0
