,6120318040,6120318200,6120321090,6120321300,6121088530,6121089100,6121089720
6120318040,0.0,10.64612213659319,23.065107870482606,22.71555627098834,31.551711231299826,42.29799250031914,48.60092301063175
6120318200,10.64612213659319,0.0,14.385140467238662,14.49866103020674,22.604069268998643,33.099855382916765,39.839633925641856
6120321090,23.065107870482606,14.385140467238662,0.0,1.3065996449763313,8.488114961336407,19.234185659350725,25.647174967254717
6120321300,22.71555627098834,14.49866103020674,1.3065996449763313,0.0,8.933258385486202,19.677002453375017,25.891040439557255
6121088530,31.551711231299826,22.604069268998643,8.488114961336407,8.933258385486202,0.0,10.756932168575268,17.2403230045067
6121089100,42.29799250031914,33.099855382916765,19.234185659350725,19.677002453375017,10.756932168575268,0.0,7.237610145218068
6121089720,48.60092301063175,39.839633925641856,25.647174967254717,25.891040439557255,17.2403230045067,7.237610145218068,0.0
