,6120318040,6120318200,6120321090,6120321300,6121088530,6121089100,6121089720
6120318040,0.0,0.013641709121001861,0.49891819111871283,0.48336286467971906,0.46933695665830916,0.18281245160239648,0.42179661848291017
6120318200,0.013641709121001861,0.0,0.23587359484577444,0.22810419512808827,0.10190054687767343,0.662937897065136,0.6743130374016045
6120321090,0.49891819111871283,0.23587359484577444,0.0,0.00031287119330720476,0.18114622518658202,0.6361778385566896,0.5575338944463587
6120321300,0.48336286467971906,0.22810419512808827,0.00031287119330720476,0.0,0.19066133004835573,0.6379519876998662,0.5573845066853901
6121088530,0.46933695665830916,0.10190054687767343,0.18114622518658202,0.19066133004835573,0.0,0.6621993148843203,0.602345233055926
6121089100,0.18281245160239648,0.662937897065136,0.6361778385566896,0.6379519876998662,0.6621993148843203,0.0,0.5419078236125837
6121089720,0.42179661848291017,0.6743130374016045,0.5575338944463587,0.5573845066853901,0.602345233055926,0.5419078236125837,0.0
