,6120530600,6120531200,6120532080,6120532090,6120534440,6120534450,6120537530,6120537920,6120539080,6120539770,6120540560,6120540660,6120543010,6120545410,6120546120,6120546710,6120546960,6120548950,6120549240,6120549790,6120550050,6120550060,6120550520,6120550530,6120551150,6120551260,6120551640,6120552360,6121173990,6121175740,6121176640,6121177440,6121178820,6121179470,6121179630,6121180090,6121181610
6120530600,1.0,0.769766879412,0.335785901703,0.43535290558,0.418672861175,-0.0489639429862,0.272688702286,0.125851526217,0.111722848415,0.162803266828,0.141125553692,0.0795557443481,-0.212128689012,-0.293739728543,0.0490735101346,0.0407751957964,0.218568935184,0.200286765112,0.243541266684,-0.172004223531,-0.169773598114,-0.113554881572,0.0709593465217,0.265197024791,0.281353458189,0.294220468402,-0.0475402964436,-0.0594921982277,0.107617787712,-0.179970505536,0.179968349558,0.256187544041,0.246342930626,-0.0540244435785,0.197476897602,0.205381558666,0.307534452715
6120531200,0.769766879412,1.0,0.831679518302,0.518784496835,0.510417323711,0.1393929691,0.224207246422,0.304694571821,0.124942812479,0.24277425644,0.187739670668,0.253394350499,-0.231315259215,-0.296494920168,0.0980915799172,0.0976417315333,0.290918517835,0.227008122767,0.315598286884,-0.152660560154,-0.146868911839,-0.101148429209,0.0985663953071,0.277685295559,0.295004831998,0.468630119474,-0.0120636363637,-0.0211518192697,0.0247949165121,-0.175326725228,0.379418695293,0.444797774471,0.420425539751,-0.0398028876687,0.314462737862,0.377150017904,0.475026686467
6120532080,0.335785901703,0.831679518302,1.0,0.874480424012,0.86564480309,0.29211661175,0.511682433012,0.614754525543,0.331175290599,0.509132135684,0.396443543491,0.505688288079,-0.257246702367,-0.358294545858,0.260723477545,0.249566210282,0.538760525433,0.408871858769,0.578694331419,-0.147886319517,-0.127133540233,-0.0668734608026,0.223785041856,0.455461055559,0.4700915422,0.828008177587,0.0327860272921,0.025929589914,0.137183618085,-0.184285860821,0.713930184966,0.809884522782,0.782576668247,0.00949904890606,0.628850630431,0.696243005716,0.833384820441
6120532090,0.43535290558,0.518784496835,0.874480424012,1.0,0.999478427502,0.303062389339,0.703709887876,0.723422247197,0.444376575351,0.62970682918,0.504833883961,0.565400213775,-0.193558211922,-0.309898633803,0.326749381173,0.303682670234,0.607867298974,0.456038073941,0.652168251121,-0.119566346713,-0.0916646257589,-0.0305540472536,0.261075439024,0.493425828984,0.502730952567,0.893152724389,0.0450551885226,0.0407399448763,0.357710617983,-0.133195728405,0.786290494442,0.886834903382,0.876830835777,0.0395930392782,0.755244929549,0.757580884019,0.896401635327
6120534440,0.418672861175,0.510417323711,0.86564480309,0.999478427502,1.0,0.316511348835,0.713509491347,0.730057210476,0.449797953305,0.634100480238,0.508963151472,0.570839754345,-0.184898193753,-0.302004899603,0.326279381565,0.30284878371,0.605367227108,0.452294192059,0.649333254481,-0.117716026081,-0.0897431882444,-0.0296487222872,0.25861337752,0.488936822697,0.498197138466,0.890684152845,0.0442673214448,0.0401345824095,0.374605722637,-0.126732017844,0.789535535186,0.886563273155,0.876071767505,0.0394552234847,0.754163464168,0.756264428436,0.893507422903
6120534450,-0.0489639429862,0.1393929691,0.29211661175,0.303062389339,0.316511348835,1.0,0.238060284278,0.250639062196,0.0869587355365,0.106258124178,0.0932980365194,0.212679181421,-0.0208364971974,-0.102751396666,-0.0405450710767,-0.0434687060772,0.0535783053534,0.0339498482404,0.0617282299891,-0.127818395907,-0.129592018454,-0.108877234962,-0.0298317733897,0.0800982438373,0.0994415163013,0.176234658318,-0.0637349168435,-0.0715865114466,0.802716906978,-0.0402629318929,0.241443591166,0.196678678913,0.138605699533,-0.0774867306398,0.0341382624573,0.135604003487,0.176285908063
6120537530,0.272688702286,0.224207246422,0.511682433012,0.703709887876,0.713509491347,0.238060284278,1.0,0.604424116583,0.800072574532,0.631169083376,0.626326007879,0.44369298653,0.15669935836,-0.0703158602718,0.161824208084,0.109004761301,0.354357930156,0.258255121507,0.390865082403,-0.166194096685,-0.148570027127,-0.0900203484099,0.083189413705,0.324917267019,0.341147215687,0.51172497264,-0.0926731387138,-0.102324047868,0.64100697076,0.105359168941,0.549237820265,0.557674935636,0.543300260881,-0.0437593078167,0.464977682721,0.417047969391,0.50853612231
6120537920,0.125851526217,0.304694571821,0.614754525543,0.723422247197,0.730057210476,0.250639062196,0.604424116583,1.0,0.773985664329,0.833525777204,0.639573461335,0.832898795036,0.221402032161,0.0322615924651,0.135202621297,0.112658019016,0.312915122021,0.154986512387,0.333914487221,-0.109064188267,-0.0935562297424,-0.0769722588518,0.0433485288567,0.192734972537,0.214985018802,0.631399838897,-0.0447748482564,-0.0483738325619,0.151705147222,0.243310270243,0.867745149844,0.750976171388,0.66913404051,-0.0455364449339,0.51868971487,0.567748645469,0.612644379893
6120539080,0.111722848415,0.124942812479,0.331175290599,0.444376575351,0.449797953305,0.0869587355365,0.800072574532,0.773985664329,1.0,0.759121132354,0.808851632156,0.62692048638,0.492724734122,0.176467946445,0.073407627586,0.0124539844586,0.183916231792,0.110869282974,0.209451625859,-0.13610562327,-0.122284924024,-0.0836064216037,-0.00903096716593,0.175724796507,0.19367054075,0.352790979682,-0.128299738441,-0.136625639133,0.232145586873,0.452141573753,0.581167156863,0.471138867361,0.418776680515,-0.0642746272472,0.332461209476,0.301085812577,0.337032001168
6120539770,0.162803266828,0.24277425644,0.509132135684,0.62970682918,0.634100480238,0.106258124178,0.631169083376,0.833525777204,0.759121132354,1.0,0.945281566074,0.959035957645,0.375494837698,0.148930936438,0.0745462899072,0.0511833679959,0.236901029111,0.0703845739364,0.255086331609,-0.1120741942,-0.0994471526063,-0.0873062634525,-0.0162113533503,0.116509205806,0.140774406536,0.532025780122,-0.0777867260175,-0.0822973434695,0.164975504556,0.530002214421,0.860192018434,0.695950813912,0.620964189574,-0.067283677009,0.505770024905,0.496123674328,0.50465410324
6120540560,0.141125553692,0.187739670668,0.396443543491,0.504833883961,0.508963151472,0.0932980365194,0.626326007879,0.639573461335,0.808851632156,0.945281566074,1.0,0.908295130679,0.389174320274,0.174956640724,0.0102406569996,-0.0101680380878,0.151550259633,0.0185491220484,0.167256896013,-0.114640411337,-0.105673894939,-0.0917429297087,-0.0488152341413,0.0704418033425,0.0935103940539,0.397766576345,-0.0952928220607,-0.100964804863,0.158019761009,0.638740606714,0.735094315578,0.56301609444,0.497788246799,-0.0772211884585,0.411004212915,0.37705844161,0.369992943307
6120540660,0.0795557443481,0.253394350499,0.505688288079,0.565400213775,0.570839754345,0.212679181421,0.44369298653,0.832898795036,0.62692048638,0.959035957645,0.908295130679,1.0,0.274567065412,0.120116417281,0.0467250365215,0.0469004308717,0.215705752115,-0.0153339204944,0.220844718713,-0.104579361832,-0.101883205568,-0.120300179232,-0.0865939595824,0.0197276146162,0.0546327477319,0.51853061765,-0.0883165168082,-0.0924605009516,0.0629287995643,0.454067210745,0.920068746757,0.694878796936,0.577377997018,-0.105478630792,0.4102005967,0.515101108605,0.489949912103
6120543010,-0.212128689012,-0.231315259215,-0.257246702367,-0.193558211922,-0.184898193753,-0.0208364971974,0.15669935836,0.221402032161,0.492724734122,0.375494837698,0.389174320274,0.274567065412,1.0,0.702722513952,0.0258590319883,-0.0636880217343,-0.315799282893,-0.0993419065649,-0.323048287147,0.173560726909,0.137930899742,0.128054982977,-0.140618312106,0.0254755062815,0.0399684093521,-0.307284470998,-0.334169638351,-0.347727797268,0.0379958062913,0.945957180319,0.0347938922163,-0.160519222224,-0.213069234153,0.00436685011595,-0.226057500432,-0.293810564885,-0.324494740069
6120545410,-0.293739728543,-0.296494920168,-0.358294545858,-0.309898633803,-0.302004899603,-0.102751396666,-0.0703158602718,0.0322615924651,0.176467946445,0.148930936438,0.174956640724,0.120116417281,0.702722513952,1.0,0.354697900805,0.298612691577,-0.114154826136,-0.16861134326,-0.190100933963,0.705770986702,0.630480388373,0.508685143258,-0.0757761355945,-0.0373800744645,-0.0170349525127,-0.336276821742,-0.350560453105,-0.354511835481,-0.0540484518361,0.545195958533,-0.0246103536168,-0.184281809588,-0.237373286023,0.228152108199,-0.250026708863,-0.303330565878,-0.352158260968
6120546120,0.0490735101346,0.0980915799172,0.260723477545,0.326749381173,0.326279381565,-0.0405450710767,0.161824208084,0.135202621297,0.073407627586,0.0745462899072,0.0102406569996,0.0467250365215,0.0258590319883,0.354697900805,1.0,0.984702350306,0.610779583692,0.441502986443,0.572378934854,0.712832712889,0.660154286938,0.490499118586,0.18921272806,0.315857524058,0.288381149211,0.454730609602,-0.0979586432612,-0.0848711820058,0.0174115456011,-0.0425701328863,0.270671429914,0.436526504508,0.459385437235,0.286593280355,0.410229838475,0.380194085112,0.464954088368
6120546710,0.0407751957964,0.0976417315333,0.249566210282,0.303682670234,0.30284878371,-0.0434687060772,0.109004761301,0.112658019016,0.0124539844586,0.0511833679959,-0.0101680380878,0.0469004308717,-0.0636880217343,0.298612691577,0.984702350306,1.0,0.629273539808,0.425731838787,0.537916915878,0.750365963393,0.694695460201,0.507409830838,0.199063031887,0.273425799051,0.242263433648,0.440139525577,-0.0509528623346,-0.0347422939764,-0.00136400677341,-0.124909290415,0.255955298907,0.414050519882,0.432555782956,0.302638587965,0.378415166583,0.365981473307,0.452141688615
6120546960,0.218568935184,0.290918517835,0.538760525433,0.607867298974,0.605367227108,0.0535783053534,0.354357930156,0.312915122021,0.183916231792,0.236901029111,0.151550259633,0.215705752115,-0.315799282893,-0.114154826136,0.610779583692,0.629273539808,1.0,0.405756308604,0.991155752581,0.17284341498,0.192254598655,0.0792623759829,0.104993855347,0.244915217752,0.235652803063,0.725121666241,0.0173838183928,0.0288115239176,0.0832459751308,-0.270319000228,0.494174902538,0.688728205517,0.715609361836,0.049002003135,0.644984242645,0.636553551242,0.734167508743
6120548950,0.200286765112,0.227008122767,0.408871858769,0.456038073941,0.452294192059,0.0339498482404,0.258255121507,0.154986512387,0.110869282974,0.0703845739364,0.0185491220484,-0.0153339204944,-0.0993419065649,-0.16861134326,0.441502986443,0.425731838787,0.405756308604,1.0,0.456640120101,0.180292318232,0.129537162888,0.215888412038,0.259408952627,0.662225220806,0.569075871524,0.551874236393,-0.13800229792,-0.132681102938,0.0750710638561,-0.0695998619217,0.192507178397,0.420711499186,0.491695912034,0.444044073513,0.484982751946,0.456578474049,0.574525893007
6120549240,0.243541266684,0.315598286884,0.578694331419,0.652168251121,0.649333254481,0.0617282299891,0.390865082403,0.333914487221,0.209451625859,0.255086331609,0.167256896013,0.220844718713,-0.323048287147,-0.190100933963,0.572378934854,0.537916915878,0.991155752581,0.456640120101,1.0,0.144724796452,0.166401903488,0.0533749227472,0.111422343944,0.274619398393,0.262253078819,0.770498237456,0.0239316363571,0.035398844297,0.0953848752085,-0.264923889035,0.513227096102,0.723992466431,0.757456323099,0.0364988339303,0.688529875411,0.675617597214,0.780788571907
6120549790,-0.172004223531,-0.152660560154,-0.147886319517,-0.119566346713,-0.117716026081,-0.127818395907,-0.166194096685,-0.109064188267,-0.13610562327,-0.1120741942,-0.114640411337,-0.104579361832,0.173560726909,0.705770986702,0.712832712889,0.750365963393,0.17284341498,0.180292318232,0.144724796452,1.0,0.963013532336,0.8105181016,0.256438445428,0.240038456491,0.248071411064,-0.00627798251707,-0.197052836548,-0.187880819268,-0.0856329154608,0.037724196979,-0.0648151841038,-0.00939089719814,-0.000195701335398,0.525937931748,-0.0068744914054,-0.0285198864205,0.00291282272666
6120550050,-0.169773598114,-0.146868911839,-0.127133540233,-0.0916646257589,-0.0897431882444,-0.129592018454,-0.148570027127,-0.0935562297424,-0.122284924024,-0.0994471526063,-0.105673894939,-0.101883205568,0.137930899742,0.630480388373,0.660154286938,0.694695460201,0.192254598655,0.129537162888,0.166401903488,0.963013532336,1.0,0.914700486815,0.388917054237,0.226223317751,0.272826013165,0.0293812426157,-0.154478818159,-0.142047053437,-0.0827561767867,0.0299773544691,-0.0501276863507,0.0194261532253,0.0333838379582,0.714240483838,0.0261120419866,0.000342055888854,0.040018749637
6120550060,-0.113554881572,-0.101148429209,-0.0668734608026,-0.0305540472536,-0.0296487222872,-0.108877234962,-0.0900203484099,-0.0769722588518,-0.0836064216037,-0.0873062634525,-0.0917429297087,-0.120300179232,0.128054982977,0.508685143258,0.490499118586,0.507409830838,0.0792623759829,0.215888412038,0.0533749227472,0.8105181016,0.914700486815,1.0,0.561180746452,0.378902628623,0.424515740957,0.0646165180613,-0.127344617092,-0.116050517355,-0.0557181824992,0.042979121395,-0.0635355405428,0.025472489091,0.0533904707646,0.913079026753,0.0592399222321,0.0264073872366,0.0773889642435
6120550520,0.0709593465217,0.0985663953071,0.223785041856,0.261075439024,0.25861337752,-0.0298317733897,0.083189413705,0.0433485288567,-0.00903096716593,-0.0162113533503,-0.0488152341413,-0.0865939595824,-0.140618312106,-0.0757761355945,0.18921272806,0.199063031887,0.104993855347,0.259408952627,0.111422343944,0.256438445428,0.388917054237,0.561180746452,1.0,0.779470121323,0.622766876131,0.337911930173,0.39946625748,0.403267781946,0.00870829766262,-0.0961902548754,0.044027984738,0.217449659855,0.271488000927,0.606886871702,0.266793003312,0.248840682076,0.360573235284
6120550530,0.265197024791,0.277685295559,0.455461055559,0.493425828984,0.488936822697,0.0800982438373,0.324917267019,0.192734972537,0.175724796507,0.116509205806,0.0704418033425,0.0197276146162,0.0254755062815,-0.0373800744645,0.315857524058,0.273425799051,0.244915217752,0.662225220806,0.274619398393,0.240038456491,0.226223317751,0.378902628623,0.779470121323,1.0,0.938592619016,0.514726035986,-0.1387761748,-0.156556550264,0.110614263148,-0.00566032150534,0.19116784927,0.381992085565,0.449831826504,0.334015020625,0.455933147747,0.431816209137,0.531591217373
6120551150,0.281353458189,0.295004831998,0.4700915422,0.502730952567,0.498197138466,0.0994415163013,0.341147215687,0.214985018802,0.19367054075,0.140774406536,0.0935103940539,0.0546327477319,0.0399684093521,-0.0170349525127,0.288381149211,0.242263433648,0.235652803063,0.569075871524,0.262253078819,0.248071411064,0.272826013165,0.424515740957,0.622766876131,0.938592619016,1.0,0.508330613257,-0.283441084194,-0.307631512257,0.118477884379,-0.00202179314695,0.215248907035,0.385912945691,0.446629179604,0.378061045706,0.449407947916,0.432881114655,0.522325838435
6120551260,0.294220468402,0.468630119474,0.828008177587,0.893152724389,0.890684152845,0.176234658318,0.51172497264,0.631399838897,0.352790979682,0.532025780122,0.397766576345,0.51853061765,-0.307284470998,-0.336276821742,0.454730609602,0.440139525577,0.725121666241,0.551874236393,0.770498237456,-0.00627798251707,0.0293812426157,0.0646165180613,0.337911930173,0.514726035986,0.508330613257,1.0,0.126263012823,0.132052525298,0.0768749326093,-0.215489708592,0.789529453581,0.959093641154,0.972797613307,0.118819743621,0.859074017698,0.928071869839,0.997255160292
6120551640,-0.0475402964436,-0.0120636363637,0.0327860272921,0.0450551885226,0.0442673214448,-0.0637349168435,-0.0926731387138,-0.0447748482564,-0.128299738441,-0.0777867260175,-0.0952928220607,-0.0883165168082,-0.334169638351,-0.350560453105,-0.0979586432612,-0.0509528623346,0.0173838183928,-0.13800229792,0.0239316363571,-0.197052836548,-0.154478818159,-0.127344617092,0.39946625748,-0.1387761748,-0.283441084194,0.126263012823,1.0,0.997259665429,-0.0556478750151,-0.19917683916,-0.0290060830378,0.061703180628,0.0799190551925,-0.0422054853547,0.0588296184521,0.0674066013237,0.143516754775
6120552360,-0.0594921982277,-0.0211518192697,0.025929589914,0.0407399448763,0.0401345824095,-0.0715865114466,-0.102324047868,-0.0483738325619,-0.136625639133,-0.0822973434695,-0.100964804863,-0.0924605009516,-0.347727797268,-0.354511835481,-0.0848711820058,-0.0347422939764,0.0288115239176,-0.132681102938,0.035398844297,-0.187880819268,-0.142047053437,-0.116050517355,0.403267781946,-0.156556550264,-0.307631512257,0.132052525298,0.997259665429,1.0,-0.0615476792935,-0.206751713494,-0.0289952864406,0.0666810905788,0.0855862855978,-0.0267042706304,0.0629716585795,0.0707036612631,0.150275633192
6121173990,0.107617787712,0.0247949165121,0.137183618085,0.357710617983,0.374605722637,0.802716906978,0.64100697076,0.151705147222,0.232145586873,0.164975504556,0.158019761009,0.0629287995643,0.0379958062913,-0.0540484518361,0.0174115456011,-0.00136400677341,0.0832459751308,0.0750710638561,0.0953848752085,-0.0856329154608,-0.0827561767867,-0.0557181824992,0.00870829766262,0.110614263148,0.118477884379,0.0768749326093,-0.0556478750151,-0.0615476792935,1.0,-0.00382258795269,0.0803818258612,0.0715449842102,0.0793415787205,-0.0353286822428,0.0611879871506,0.0249044767288,0.0844711674397
6121175740,-0.179970505536,-0.175326725228,-0.184285860821,-0.133195728405,-0.126732017844,-0.0402629318929,0.105359168941,0.243310270243,0.452141573753,0.530002214421,0.638740606714,0.454067210745,0.945957180319,0.545195958533,-0.0425701328863,-0.124909290415,-0.270319000228,-0.0695998619217,-0.264923889035,0.037724196979,0.0299773544691,0.042979121395,-0.0961902548754,-0.00566032150534,-0.00202179314695,-0.215489708592,-0.19917683916,-0.206751713494,-0.00382258795269,1.0,0.103259682754,-0.0909571292203,-0.143257910539,-0.0143015601338,-0.169486614633,-0.218138370646,-0.228841569442
6121176640,0.179968349558,0.379418695293,0.713930184966,0.786290494442,0.789535535186,0.241443591166,0.549237820265,0.867745149844,0.581167156863,0.860192018434,0.735094315578,0.920068746757,0.0347938922163,-0.0246103536168,0.270671429914,0.255955298907,0.494174902538,0.192507178397,0.513227096102,-0.0648151841038,-0.0501276863507,-0.0635355405428,0.044027984738,0.19116784927,0.215248907035,0.789529453581,-0.0290060830378,-0.0289952864406,0.0803818258612,0.103259682754,1.0,0.915322413579,0.831027239315,-0.0387156762899,0.651599145145,0.755808828221,0.768529888735
6121177440,0.256187544041,0.444797774471,0.809884522782,0.886834903382,0.886563273155,0.196678678913,0.557674935636,0.750976171388,0.471138867361,0.695950813912,0.56301609444,0.694878796936,-0.160519222224,-0.184281809588,0.436526504508,0.414050519882,0.688728205517,0.420711499186,0.723992466431,-0.00939089719814,0.0194261532253,0.025472489091,0.217449659855,0.381992085565,0.385912945691,0.959093641154,0.061703180628,0.0666810905788,0.0715449842102,-0.0909571292203,0.915322413579,1.0,0.97443419537,0.061485964544,0.821261814,0.908896302852,0.948053252428
6121178820,0.246342930626,0.420425539751,0.782576668247,0.876830835777,0.876071767505,0.138605699533,0.543300260881,0.66913404051,0.418776680515,0.620964189574,0.497788246799,0.577377997018,-0.213069234153,-0.237373286023,0.459385437235,0.432555782956,0.715609361836,0.491695912034,0.757456323099,-0.000195701335398,0.0333838379582,0.0533904707646,0.271488000927,0.449831826504,0.446629179604,0.972797613307,0.0799190551925,0.0855862855978,0.0793415787205,-0.143257910539,0.831027239315,0.97443419537,1.0,0.0930191596653,0.921973798652,0.932154320295,0.959601740285
6121179470,-0.0540244435785,-0.0398028876687,0.00949904890606,0.0395930392782,0.0394552234847,-0.0774867306398,-0.0437593078167,-0.0455364449339,-0.0642746272472,-0.067283677009,-0.0772211884585,-0.105478630792,0.00436685011595,0.228152108199,0.286593280355,0.302638587965,0.049002003135,0.444044073513,0.0364988339303,0.525937931748,0.714240483838,0.913079026753,0.606886871702,0.334015020625,0.378061045706,0.118819743621,-0.0422054853547,-0.0267042706304,-0.0353286822428,-0.0143015601338,-0.0387156762899,0.061485964544,0.0930191596653,1.0,0.0962237048249,0.0723023683297,0.133025538937
6121179630,0.197476897602,0.314462737862,0.628850630431,0.755244929549,0.754163464168,0.0341382624573,0.464977682721,0.51868971487,0.332461209476,0.505770024905,0.411004212915,0.4102005967,-0.226057500432,-0.250026708863,0.410229838475,0.378415166583,0.644984242645,0.484982751946,0.688529875411,-0.0068744914054,0.0261120419866,0.0592399222321,0.266793003312,0.455933147747,0.449407947916,0.859074017698,0.0588296184521,0.0629716585795,0.0611879871506,-0.169486614633,0.651599145145,0.821261814,0.921973798652,0.0962237048249,1.0,0.950101871748,0.835041174954
6121180090,0.205381558666,0.377150017904,0.696243005716,0.757580884019,0.756264428436,0.135604003487,0.417047969391,0.567748645469,0.301085812577,0.496123674328,0.37705844161,0.515101108605,-0.293810564885,-0.303330565878,0.380194085112,0.365981473307,0.636553551242,0.456578474049,0.675617597214,-0.0285198864205,0.000342055888854,0.0264073872366,0.248840682076,0.431816209137,0.432881114655,0.928071869839,0.0674066013237,0.0707036612631,0.0249044767288,-0.218138370646,0.755808828221,0.908896302852,0.932154320295,0.0723023683297,0.950101871748,1.0,0.9047659106
6121181610,0.307534452715,0.475026686467,0.833384820441,0.896401635327,0.893507422903,0.176285908063,0.50853612231,0.612644379893,0.337032001168,0.50465410324,0.369992943307,0.489949912103,-0.324494740069,-0.352158260968,0.464954088368,0.452141688615,0.734167508743,0.574525893007,0.780788571907,0.00291282272666,0.040018749637,0.0773889642435,0.360573235284,0.531591217373,0.522325838435,0.997255160292,0.143516754775,0.150275633192,0.0844711674397,-0.228841569442,0.768529888735,0.948053252428,0.959601740285,0.133025538937,0.835041174954,0.9047659106,1.0
