,6120530600,6120531200,6120532080,6120532090,6120534440,6120534450,6120537530,6120537920,6120539080,6120539770,6120540560,6120540660,6120543010,6120545410,6120546120,6120546710,6120546960,6120548950,6120549240,6120549790,6120550050,6120550060,6120550520,6120550530,6120551150,6120551260,6120551640,6121173990,6121175740,6121176640,6121177440,6121178820,6121179470,6121179630,6121180090,6121181610
6120530600,0.0,0.312577222389,0.620385221016,0.568243153591,0.577672460159,0.671555394713,0.637059143358,0.668140428076,0.669392748622,0.660242688572,0.663109435507,0.671118049417,0.641894723402,0.615752774478,0.674383866229,0.67441533534,0.649720178581,0.661381127438,0.643490403055,0.644738782103,0.643591838899,0.652094058356,0.674364801772,0.651743117357,0.64617671233,0.634914482869,0.674288443875,0.668604273239,0.652336733676,0.658895448843,0.644025213908,0.648580644675,0.665906188739,0.660601935231,0.658643425328,0.63035612839
6120531200,0.312577222389,0.0,0.213986246365,0.516117505746,0.521968678921,0.663662939083,0.652204554235,0.621375294747,0.667895622642,0.639855341952,0.65334351643,0.632837732811,0.635436451984,0.614316443281,0.672002461155,0.671472278531,0.627106779103,0.656357283797,0.618716065627,0.649420041715,0.649269791276,0.654174785794,0.674390211643,0.650080775707,0.64385169196,0.550138043563,0.674159216265,0.674447148304,0.653362611642,0.588353788969,0.560905331996,0.577042519647,0.667507529276,0.626851324588,0.59907474611,0.546296044076
6120532080,0.620385221016,0.213986246365,0.0,0.178791269442,0.190188329482,0.619959916234,0.525006977835,0.428492919541,0.611441061751,0.501893655736,0.568319972541,0.492347914413,0.621186465795,0.579659788922,0.643564852869,0.644085574092,0.492087449459,0.6025406514,0.464283217553,0.642850678851,0.646214219122,0.652039889431,0.668015542706,0.598794325527,0.589145616117,0.238625471304,0.668425974751,0.665353129885,0.649543554492,0.334982202614,0.251809750608,0.28903032459,0.669309788992,0.444841829763,0.380244937392,0.232395787074
6120532090,0.568243153591,0.516117505746,0.178791269442,0.0,0.000799519361574,0.615224757293,0.361450176178,0.321235579019,0.551114212304,0.400176164085,0.495675882523,0.442156602813,0.643037251115,0.602694963166,0.620172429062,0.625559825515,0.43514834527,0.579627376977,0.399234634878,0.649792308932,0.654508014541,0.659277173226,0.662654607473,0.581100354563,0.57402673676,0.155723632714,0.66578823092,0.590613088568,0.66146877195,0.253307574394,0.154844524823,0.173739242848,0.671971633912,0.320976038077,0.316965822843,0.151760838398
6120534440,0.577672460159,0.521968678921,0.190188329482,0.000799519361574,0.0,0.609367190591,0.351484446379,0.314593618001,0.547770521592,0.396518747664,0.492896189411,0.437997239206,0.645789520975,0.606566481716,0.620265328635,0.625823179794,0.437490777363,0.581370514054,0.402059677158,0.650517311406,0.655197521169,0.659735484449,0.662916717262,0.583048029858,0.576093693656,0.158860773453,0.666054667455,0.581861222178,0.662762623669,0.25005592756,0.155396618513,0.174714270215,0.67204398462,0.321971581381,0.318256398537,0.155463582179
6120534450,0.671555394713,0.663662939083,0.619959916234,0.615224757293,0.609367190591,0.0,0.640356393747,0.634866239596,0.670478907012,0.667876714159,0.669231701587,0.644835207342,0.674143880673,0.667550741148,0.672376254496,0.672359219175,0.673309269075,0.674449489682,0.672878749138,0.660923434592,0.660069455017,0.66190282004,0.67147082896,0.673211293792,0.671374381465,0.657080426781,0.67259401665,0.25458237991,0.673425220639,0.637872359886,0.651721421892,0.664528144806,0.667587321587,0.674400735151,0.664993105148,0.657090003403
6120537530,0.637059143358,0.652204554235,0.525006977835,0.361450176178,0.351484446379,0.640356393747,0.0,0.44039156302,0.244968613306,0.408780252574,0.407227397838,0.540822453683,0.657750171619,0.671458872848,0.664306259925,0.670697904516,0.601760088428,0.650307595102,0.585558926623,0.643991567579,0.647065960538,0.654815075584,0.674278536599,0.638059674053,0.63098186362,0.526109970932,0.672229864683,0.396432322611,0.66603880992,0.483528924387,0.487745522819,0.501106883223,0.665739101553,0.554432889623,0.581703568973,0.528760084008
6120537920,0.668140428076,0.621375294747,0.428492919541,0.321235579019,0.314593618001,0.634866239596,0.44039156302,0.0,0.278328254486,0.207812108518,0.400113286339,0.202381829048,0.641546796179,0.673598959153,0.666542323313,0.669018713863,0.616114637357,0.666978012765,0.608066504664,0.661687874206,0.663673318845,0.663091769201,0.674072824039,0.664336181759,0.659028067071,0.412215950658,0.674187490134,0.661117318042,0.632632435842,0.170787096172,0.299846294896,0.37983503627,0.668790339926,0.505795736615,0.468724911528,0.428472949343
6120539080,0.669392748622,0.667895622642,0.611441061751,0.551114212304,0.547770521592,0.670478907012,0.244968613306,0.278328254486,0.0,0.289530204971,0.233329691273,0.409621134546,0.50896905827,0.65226383965,0.672836304112,0.674430485336,0.65608259032,0.671476751289,0.650289662767,0.657032119439,0.659110372896,0.663247464226,0.671031881378,0.664989147866,0.660955288522,0.601630609795,0.666363000611,0.640742896556,0.532230134563,0.454552478904,0.53480875411,0.566734808543,0.667124825854,0.610532868385,0.623578769144,0.60904702283
6120539770,0.660242688572,0.639855341952,0.501893655736,0.400176164085,0.396518747664,0.667876714159,0.408780252574,0.207812108518,0.289530204971,0.0,0.0715660499968,0.0520667652871,0.579572453297,0.658876881928,0.6723836058,0.673647484964,0.640761280279,0.673692928981,0.635318414142,0.662849813662,0.664475428646,0.664129114589,0.671540451188,0.671537769074,0.668148074908,0.483175653231,0.671842050751,0.657698894778,0.479654176,0.176751565166,0.346152181853,0.412735917657,0.667822482504,0.505348156163,0.512563061422,0.503174979264
6120540560,0.663109435507,0.65334351643,0.568319972541,0.495675882523,0.492896189411,0.669231701587,0.407227397838,0.400113286339,0.233329691273,0.0715660499968,0.0,0.118364568581,0.572788907493,0.653365399182,0.674475109675,0.674167406135,0.660861417567,0.674439609489,0.657797198196,0.663452376609,0.664575894683,0.66515822193,0.669512675932,0.673677679573,0.67175074691,0.56653531751,0.669558887898,0.658679620671,0.394545026881,0.310096694872,0.457749331347,0.504243103065,0.667764228445,0.560756175623,0.580024556274,0.581669925665
6120540660,0.671118049417,0.632837732811,0.492347914413,0.442156602813,0.437997239206,0.644835207342,0.540822453683,0.202381829048,0.409621134546,0.0520667652871,0.118364568581,0.0,0.624343078587,0.66458676511,0.673571090905,0.673472912577,0.644743983464,0.673541582221,0.643324399123,0.665541313901,0.665662492133,0.660779078662,0.664922068693,0.67433450861,0.673908867214,0.479965885658,0.670043316115,0.672154771936,0.534507359841,0.097007719247,0.334971926038,0.4376858816,0.664039857553,0.557887626633,0.488016266547,0.500548289583
6120543010,0.641894723402,0.635436451984,0.621186465795,0.643037251115,0.645789520975,0.674143880673,0.657750171619,0.641546796179,0.50896905827,0.579572453297,0.572788907493,0.624343078587,0.0,0.340776247162,0.674097002137,0.671495351843,0.604081762185,0.666239643621,0.600235801925,0.654148934503,0.661686259643,0.663144214594,0.657353256979,0.674099799136,0.673313237513,0.597708404578,0.598677820329,0.673574987679,0.0704600033017,0.673853951887,0.654041612475,0.638143773958,0.674481352049,0.634054270926,0.607111403676,0.588495658944
6120545410,0.615752774478,0.614316443281,0.579659788922,0.602694963166,0.606566481716,0.667550741148,0.671458872848,0.673598959153,0.65226383965,0.658876881928,0.653365399182,0.66458676511,0.340776247162,0.0,0.584095379321,0.611435440455,0.66579825778,0.655177986657,0.649871937945,0.326115394729,0.393224777029,0.478692650987,0.671122332439,0.674095204943,0.674481580913,0.589541692655,0.588193499393,0.672637987632,0.474047863105,0.674154561917,0.650756720673,0.633836112947,0.634388611628,0.629620185974,0.607961994248,0.580662427254
6120546120,0.674383866229,0.672002461155,0.643564852869,0.620172429062,0.620265328635,0.672376254496,0.664306259925,0.666542323313,0.672836304112,0.6723836058,0.674475109675,0.673571090905,0.674097002137,0.584095379321,0.0,0.0204043073724,0.436907418642,0.561678583214,0.468481049944,0.340178793162,0.391728894523,0.529582228558,0.66370459215,0.628627482132,0.639925463414,0.553669427997,0.670993246452,0.67447947684,0.673376317501,0.633394413835,0.562573063424,0.549993670124,0.632162965583,0.57859596453,0.594109182309,0.547284691253
6120546710,0.67441533534,0.671472278531,0.644085574092,0.625559825515,0.625823179794,0.672359219175,0.670697904516,0.669018713863,0.674430485336,0.673647484964,0.674167406135,0.673472912577,0.671495351843,0.611435440455,0.0204043073724,0.0,0.422049301821,0.565800439012,0.493052391649,0.301757842762,0.357857634545,0.513874949097,0.659278807035,0.639184347012,0.650143254671,0.557028836093,0.673944524099,0.674342454039,0.664087735214,0.636939828478,0.571520105858,0.561514351247,0.623823722106,0.591114617804,0.597190470879,0.54947840021
6120546960,0.649720178581,0.627106779103,0.492087449459,0.43514834527,0.437490777363,0.673309269075,0.601760088428,0.616114637357,0.65608259032,0.640761280279,0.660861417567,0.644743983464,0.604081762185,0.66579825778,0.436907418642,0.422049301821,0.0,0.579667893664,0.01201381338,0.661201604675,0.657585814861,0.674062874308,0.673452885525,0.651801865414,0.654408354357,0.321544722248,0.673196508814,0.671103323934,0.62460983072,0.51919529349,0.364171656944,0.335527141539,0.674480573365,0.403968592359,0.411864607933,0.310696604208
6120548950,0.661381127438,0.656357283797,0.6025406514,0.579627376977,0.581370514054,0.674449489682,0.650307595102,0.666978012765,0.671476751289,0.673692928981,0.674439609489,0.673541582221,0.666239643621,0.655177986657,0.561678583214,0.565800439012,0.579667893664,0.0,0.552949491342,0.661940184206,0.671469504047,0.666768507218,0.665323976778,0.433443224359,0.522768344121,0.516390110026,0.669059566914,0.672897402167,0.671254682953,0.66043604966,0.588610171716,0.552242133315,0.606967496098,0.556261277327,0.572804156017,0.500180182945
6120549240,0.643490403055,0.618716065627,0.464283217553,0.399234634878,0.402059677158,0.672878749138,0.585558926623,0.608066504664,0.650289662767,0.635318414142,0.657797198196,0.643324399123,0.600235801925,0.649871937945,0.468481049944,0.493052391649,0.01201381338,0.552949491342,0.0,0.667028271475,0.663792080348,0.674410271414,0.673518129208,0.645329432982,0.649319145189,0.276545407656,0.672555270126,0.669960886016,0.626372204949,0.507216160145,0.332054492052,0.295139352735,0.674275443981,0.366331692306,0.379049973751,0.263577933205
6120549790,0.644738782103,0.649420041715,0.642850678851,0.649792308932,0.650517311406,0.660923434592,0.643991567579,0.661687874206,0.657032119439,0.662849813662,0.663452376609,0.665541313901,0.654148934503,0.326115394729,0.340178793162,0.301757842762,0.661201604675,0.661940184206,0.667028271475,0.0,0.0499438041017,0.232398887065,0.642932279893,0.650307802332,0.647642470077,0.671185693578,0.653073568343,0.667731377048,0.673397107737,0.668511048456,0.672249998977,0.672434758963,0.499050541999,0.671938804971,0.669797153785,0.671906064642
6120550050,0.643591838899,0.649269791276,0.646214219122,0.654508014541,0.655197521169,0.660069455017,0.647065960538,0.663673318845,0.659110372896,0.664475428646,0.664575894683,0.665662492133,0.661686259643,0.393224777029,0.391728894523,0.357857634545,0.657585814861,0.671469504047,0.663792080348,0.0499438041017,0.0,0.108812344915,0.590469099551,0.658518182681,0.643918372187,0.673311631971,0.662862544495,0.667776579395,0.673761698101,0.669749422204,0.673659012973,0.673945461722,0.340973289367,0.673648379864,0.671932642169,0.673787123397
6120550060,0.652094058356,0.654174785794,0.652039889431,0.659277173226,0.659735484449,0.66190282004,0.654815075584,0.663091769201,0.663247464226,0.664129114589,0.66515822193,0.660779078662,0.663144214594,0.478692650987,0.529582228558,0.513874949097,0.674062874308,0.666768507218,0.674410271414,0.232398887065,0.108812344915,0.0,0.498768938176,0.623228577974,0.598874210255,0.673049865022,0.669147493608,0.669827610647,0.672896071252,0.665029204752,0.671962116116,0.673188261375,0.120159390655,0.673597610675,0.671155676163,0.67365262194
6120550520,0.674364801772,0.674390211643,0.668015542706,0.662654607473,0.662916717262,0.67147082896,0.674278536599,0.674072824039,0.671031881378,0.671540451188,0.669512675932,0.664922068693,0.657353256979,0.671122332439,0.66370459215,0.659278807035,0.673452885525,0.665323976778,0.673518129208,0.642932279893,0.590469099551,0.498768938176,0.0,0.358179980944,0.494033396436,0.641514106875,0.48319814485,0.673962915473,0.667809282402,0.674018418208,0.665300169691,0.656855106594,0.455843665707,0.657827299356,0.661415338077,0.634285213141
6120550530,0.651743117357,0.650080775707,0.598794325527,0.581100354563,0.583048029858,0.673211293792,0.638059674053,0.664336181759,0.664989147866,0.671537769074,0.673677679573,0.67433450861,0.674099799136,0.674095204943,0.628627482132,0.639184347012,0.651801865414,0.433443224359,0.645329432982,0.650307802332,0.658518182681,0.623228577974,0.358179980944,0.0,0.120547045444,0.56766310999,0.673383300285,0.670564657131,0.674474491269,0.665185596756,0.62196720785,0.596216651723,0.637550340192,0.591976360335,0.604318758351,0.558559027849
6120551150,0.64617671233,0.64385169196,0.589145616117,0.57402673676,0.576093693656,0.671374381465,0.63098186362,0.659028067071,0.660955288522,0.668148074908,0.67175074691,0.673908867214,0.673313237513,0.674481580913,0.639925463414,0.650143254671,0.654408354357,0.522768344121,0.649319145189,0.647642470077,0.643918372187,0.598874210255,0.494033396436,0.120547045444,0.0,0.571304908978,0.674467179694,0.669456109359,0.674441742936,0.659582926223,0.619534729731,0.597478099508,0.617231386757,0.595349110659,0.603095749443,0.564441072225
6120551260,0.634914482869,0.550138043563,0.238625471304,0.155723632714,0.158860773453,0.657080426781,0.526109970932,0.412215950658,0.601630609795,0.483175653231,0.56653531751,0.479965885658,0.597708404578,0.589541692655,0.553669427997,0.557028836093,0.321544722248,0.516390110026,0.276545407656,0.671185693578,0.673311631971,0.673049865022,0.641514106875,0.56766310999,0.571304908978,0.0,0.646551587691,0.672747680483,0.639684788444,0.249096828084,0.0546699999979,0.0393614229978,0.674055767239,0.196431378815,0.102976173426,0.00420995328427
6120551640,0.674288443875,0.674159216265,0.668425974751,0.66578823092,0.666054667455,0.67259401665,0.672229864683,0.674187490134,0.666363000611,0.671842050751,0.669558887898,0.670043316115,0.598677820329,0.588193499393,0.670993246452,0.673944524099,0.673196508814,0.669059566914,0.672555270126,0.653073568343,0.662862544495,0.669147493608,0.48319814485,0.673383300285,0.674467179694,0.646551587691,0.0,0.673197124729,0.646727430736,0.674470798953,0.666111531293,0.661196280872,0.674476476302,0.66519832653,0.663966138681,0.640144047568
6121173990,0.668604273239,0.674447148304,0.665353129885,0.590613088568,0.581861222178,0.25458237991,0.396432322611,0.661117318042,0.640742896556,0.657698894778,0.658679620671,0.672154771936,0.673574987679,0.672637987632,0.67447947684,0.674342454039,0.671103323934,0.672897402167,0.669960886016,0.667731377048,0.667776579395,0.669827610647,0.673962915473,0.670564657131,0.669456109359,0.672747680483,0.673197124729,0.0,0.674476695016,0.671379166254,0.672747554096,0.672349568417,0.672116647018,0.673551725291,0.67448190491,0.672187352281
6121175740,0.652336733676,0.653362611642,0.649543554492,0.66146877195,0.662762623669,0.673425220639,0.66603880992,0.632632435842,0.532230134563,0.479654176,0.394545026881,0.534507359841,0.0704600033017,0.474047863105,0.673376317501,0.664087735214,0.62460983072,0.671254682953,0.626372204949,0.673397107737,0.673761698101,0.672896071252,0.667809282402,0.674474491269,0.674441742936,0.639684788444,0.646727430736,0.674476695016,0.0,0.66682588109,0.668745961761,0.65971469434,0.674394897979,0.653781099075,0.639889764405,0.634955055408
6121176640,0.658895448843,0.588353788969,0.334982202614,0.253307574394,0.25005592756,0.637872359886,0.483528924387,0.170787096172,0.454552478904,0.176751565166,0.310096694872,0.097007719247,0.673853951887,0.674154561917,0.633394413835,0.636939828478,0.51919529349,0.66043604966,0.507216160145,0.668511048456,0.669749422204,0.665029204752,0.674018418208,0.665185596756,0.659582926223,0.249096828084,0.674470798953,0.671379166254,0.66682588109,0.0,0.106128867559,0.206563666063,0.66940925154,0.397387263482,0.293231632524,0.271790702515
6121177440,0.644025213908,0.560905331996,0.251809750608,0.154844524823,0.155396618513,0.651721421892,0.487745522819,0.299846294896,0.53480875411,0.346152181853,0.457749331347,0.334971926038,0.654041612475,0.650756720673,0.562573063424,0.571520105858,0.364171656944,0.588610171716,0.332054492052,0.672249998977,0.673659012973,0.671962116116,0.665300169691,0.62196720785,0.619534729731,0.0546699999979,0.666111531293,0.672747554096,0.668745961761,0.106128867559,0.0,0.03609820279,0.674354063054,0.237820621711,0.127251530147,0.0695255218257
6121178820,0.648580644675,0.577042519647,0.28903032459,0.173739242848,0.174714270215,0.664528144806,0.501106883223,0.37983503627,0.566734808543,0.412735917657,0.504243103065,0.4376858816,0.638143773958,0.633836112947,0.549993670124,0.561514351247,0.335527141539,0.552242133315,0.295139352735,0.672434758963,0.673945461722,0.673188261375,0.656855106594,0.596216651723,0.597478099508,0.0393614229978,0.661196280872,0.672349568417,0.65971469434,0.206563666063,0.03609820279,0.0,0.674426618162,0.112100066263,0.0977057308792,0.0582933542737
6121179470,0.665906188739,0.667507529276,0.669309788992,0.671971633912,0.67204398462,0.667587321587,0.665739101553,0.668790339926,0.667124825854,0.667822482504,0.667764228445,0.664039857553,0.674481352049,0.634388611628,0.632162965583,0.623823722106,0.674480573365,0.606967496098,0.674275443981,0.499050541999,0.340973289367,0.120159390655,0.455843665707,0.637550340192,0.617231386757,0.674055767239,0.674476476302,0.672116647018,0.674394897979,0.66940925154,0.674354063054,0.674426618162,0.0,0.674360242348,0.674402482257,0.673493986158
6121179630,0.660601935231,0.626851324588,0.444841829763,0.320976038077,0.321971581381,0.674400735151,0.554432889623,0.505795736615,0.610532868385,0.505348156163,0.560756175623,0.557887626633,0.634054270926,0.629620185974,0.57859596453,0.591114617804,0.403968592359,0.556261277327,0.366331692306,0.671938804971,0.673648379864,0.673597610675,0.657827299356,0.591976360335,0.595349110659,0.196431378815,0.66519832653,0.673551725291,0.653781099075,0.397387263482,0.237820621711,0.112100066263,0.674360242348,0.0,0.0739020241082,0.226955163188
6121180090,0.658643425328,0.59907474611,0.380244937392,0.316965822843,0.318256398537,0.664993105148,0.581703568973,0.468724911528,0.623578769144,0.512563061422,0.580024556274,0.488016266547,0.607111403676,0.607961994248,0.594109182309,0.597190470879,0.411864607933,0.572804156017,0.379049973751,0.669797153785,0.671932642169,0.671155676163,0.661415338077,0.604318758351,0.603095749443,0.102976173426,0.663966138681,0.67448190491,0.639889764405,0.293231632524,0.127251530147,0.0977057308792,0.674402482257,0.0739020241082,0.0,0.134965329035
6121181610,0.63035612839,0.546296044076,0.232395787074,0.151760838398,0.155463582179,0.657090003403,0.528760084008,0.428472949343,0.60904702283,0.503174979264,0.581669925665,0.500548289583,0.588495658944,0.580662427254,0.547284691253,0.54947840021,0.310696604208,0.500180182945,0.263577933205,0.671906064642,0.673787123397,0.67365262194,0.634285213141,0.558559027849,0.564441072225,0.00420995328427,0.640144047568,0.672187352281,0.634955055408,0.271790702515,0.0695255218257,0.0582933542737,0.673493986158,0.226955163188,0.134965329035,0.0
