,6120229020,6120237750,6120242080,6120246000,6120247190,6120251410,6120253690,6120254840,6120255080,6120255620,6120256260,6120257630,6120258410,6120260500,6120260650,6120260670,6120261060,6120261070,6120261080,6120265000,6120268960,6120270080,6120273300,6120276280,6120276530,6120277000,6120283710,6120284080,6120284960,6120286770,6120288420,6121052430,6121053320,6121053910,6121054710,6121061710,6121061730,6121062030,6121062900,6121063070,6121063260,6121063280,6121063370,6121064240,6121064340,6121064930,6121069270,6121070190,6121071270,6121071800,6121072620,6121073530,6121073720,6121073920,6121073930,6121074190,6121075040
6120229020,0.0,185.7039794921875,115.4676513671875,148.839599609375,341.99267578125,15.44091796875,172.0977783203125,294.6485595703125,153.967529296875,137.3173828125,50.342041015625,33.95849609375,118.19580078125,128.6658935546875,65.9659423828125,128.6658935546875,27.663818359375,27.663818359375,239.8331298828125,165.5184326171875,227.92041015625,227.92041015625,171.828369140625,273.0013427734375,273.0013427734375,147.970947265625,360.2894287109375,360.2894287109375,335.3323974609375,248.5335693359375,361.4520263671875,214.3690185546875,567.5865478515625,779.4669189453125,569.0799560546875,14.356201171875,18.078369140625,119.4273681640625,16.166015625,59.81201171875,15.0311279296875,5.941162109375,24.2562255859375,65.7410888671875,221.5660400390625,167.139404296875,168.65185546875,220.2069091796875,108.8084716796875,184.3812255859375,115.537353515625,73.361083984375,73.361083984375,246.1368408203125,139.961669921875,163.090087890625,324.448974609375
6120237750,185.7039794921875,0.0,301.171630859375,334.5435791015625,527.6966552734375,201.1448974609375,357.8017578125,480.3525390625,339.6715087890625,323.0213623046875,236.0460205078125,219.6624755859375,303.8997802734375,314.369873046875,119.738037109375,314.369873046875,213.3677978515625,213.3677978515625,425.537109375,351.222412109375,413.6243896484375,413.6243896484375,13.8756103515625,458.705322265625,458.705322265625,333.6749267578125,545.993408203125,545.993408203125,521.036376953125,434.237548828125,547.156005859375,28.6650390625,381.882568359375,593.762939453125,383.3759765625,171.3477783203125,167.6256103515625,66.276611328125,169.5379638671875,245.5159912109375,200.735107421875,191.6451416015625,209.960205078125,251.445068359375,407.27001953125,352.8433837890625,17.0521240234375,34.5029296875,294.512451171875,370.085205078125,301.2413330078125,112.3428955078125,112.3428955078125,431.8408203125,45.7423095703125,348.7940673828125,510.1529541015625
6120242080,115.4676513671875,301.171630859375,0.0,33.3719482421875,226.5250244140625,100.0267333984375,56.630126953125,179.180908203125,38.4998779296875,21.8497314453125,65.1256103515625,81.5091552734375,2.7281494140625,13.1982421875,181.43359375,13.1982421875,87.8038330078125,87.8038330078125,124.365478515625,50.05078125,112.4527587890625,112.4527587890625,287.2960205078125,157.53369140625,157.53369140625,32.5032958984375,244.82177734375,244.82177734375,219.86474609375,133.06591796875,245.984375,329.836669921875,683.05419921875,894.9345703125,684.547607421875,129.8238525390625,133.5460205078125,234.89501953125,131.6336669921875,55.6556396484375,100.4365234375,109.5264892578125,91.21142578125,49.7265625,106.098388671875,51.6717529296875,284.1195068359375,335.674560546875,6.6591796875,68.91357421875,0.0697021484375,188.8287353515625,188.8287353515625,130.669189453125,255.4293212890625,47.6224365234375,208.9813232421875
6120246000,148.839599609375,334.5435791015625,33.3719482421875,0.0,193.153076171875,133.398681640625,23.2581787109375,145.8089599609375,5.1279296875,11.522216796875,98.49755859375,114.881103515625,30.643798828125,20.1737060546875,214.8055419921875,20.1737060546875,121.17578125,121.17578125,90.9935302734375,16.6788330078125,79.080810546875,79.080810546875,320.66796875,124.1617431640625,124.1617431640625,0.86865234375,211.4498291015625,211.4498291015625,186.4927978515625,99.6939697265625,212.6124267578125,363.2086181640625,716.4261474609375,928.3065185546875,717.9195556640625,163.19580078125,166.91796875,268.2669677734375,165.005615234375,89.027587890625,133.8084716796875,142.8984375,124.5833740234375,83.0985107421875,72.7264404296875,18.2998046875,317.491455078125,369.0465087890625,40.0311279296875,35.5416259765625,33.30224609375,222.20068359375,222.20068359375,97.2972412109375,288.80126953125,14.25048828125,175.609375
6120247190,341.99267578125,527.6966552734375,226.5250244140625,193.153076171875,0.0,326.5517578125,169.8948974609375,47.3441162109375,188.025146484375,204.67529296875,291.650634765625,308.0341796875,223.796875,213.3267822265625,407.9586181640625,213.3267822265625,314.328857421875,314.328857421875,102.1595458984375,176.4742431640625,114.072265625,114.072265625,513.821044921875,68.9913330078125,68.9913330078125,194.021728515625,18.2967529296875,18.2967529296875,6.6602783203125,93.4591064453125,19.4593505859375,556.3616943359375,909.5792236328125,1121.4595947265625,911.0726318359375,356.348876953125,360.071044921875,461.4200439453125,358.15869140625,282.1806640625,326.9615478515625,336.051513671875,317.7364501953125,276.2515869140625,120.4266357421875,174.853271484375,510.64453125,562.1995849609375,233.1842041015625,157.6114501953125,226.455322265625,415.353759765625,415.353759765625,95.8558349609375,481.954345703125,178.902587890625,17.543701171875
6120251410,15.44091796875,201.1448974609375,100.0267333984375,133.398681640625,326.5517578125,0.0,156.6568603515625,279.2076416015625,138.526611328125,121.87646484375,34.901123046875,18.517578125,102.7548828125,113.2249755859375,81.4068603515625,113.2249755859375,12.222900390625,12.222900390625,224.3922119140625,150.0775146484375,212.4794921875,212.4794921875,187.269287109375,257.5604248046875,257.5604248046875,132.530029296875,344.8485107421875,344.8485107421875,319.8914794921875,233.0926513671875,346.0111083984375,229.8099365234375,583.0274658203125,794.9078369140625,584.5208740234375,29.797119140625,33.519287109375,134.8682861328125,31.60693359375,44.37109375,0.4097900390625,9.499755859375,8.8153076171875,50.3001708984375,206.1251220703125,151.698486328125,184.0927734375,235.6478271484375,93.3675537109375,168.9403076171875,100.096435546875,88.802001953125,88.802001953125,230.6959228515625,155.402587890625,147.649169921875,309.008056640625
6120253690,172.0977783203125,357.8017578125,56.630126953125,23.2581787109375,169.8948974609375,156.6568603515625,0.0,122.55078125,18.1302490234375,34.7803955078125,121.7557373046875,138.1392822265625,53.9019775390625,43.431884765625,238.063720703125,43.431884765625,144.4339599609375,144.4339599609375,67.7353515625,6.579345703125,55.8226318359375,55.8226318359375,343.9261474609375,100.903564453125,100.903564453125,24.1268310546875,188.191650390625,188.191650390625,163.234619140625,76.435791015625,189.354248046875,386.466796875,739.684326171875,951.564697265625,741.177734375,186.4539794921875,190.1761474609375,291.525146484375,188.2637939453125,112.2857666015625,157.066650390625,166.1566162109375,147.841552734375,106.356689453125,49.46826171875,4.9583740234375,340.7496337890625,392.3046875,63.289306640625,12.283447265625,56.5604248046875,245.4588623046875,245.4588623046875,74.0390625,312.0594482421875,9.0076904296875,152.3511962890625
6120254840,294.6485595703125,480.3525390625,179.180908203125,145.8089599609375,47.3441162109375,279.2076416015625,122.55078125,0.0,140.6810302734375,157.3311767578125,244.3065185546875,260.6900634765625,176.4527587890625,165.982666015625,360.614501953125,165.982666015625,266.9847412109375,266.9847412109375,54.8154296875,129.130126953125,66.7281494140625,66.7281494140625,466.4769287109375,21.647216796875,21.647216796875,146.6776123046875,65.640869140625,65.640869140625,40.683837890625,46.114990234375,66.803466796875,509.017578125,862.235107421875,1074.115478515625,863.728515625,309.0047607421875,312.7269287109375,414.075927734375,310.8145751953125,234.8365478515625,279.617431640625,288.7073974609375,270.392333984375,228.907470703125,73.08251953125,127.5091552734375,463.3004150390625,514.85546875,185.840087890625,110.267333984375,179.1112060546875,368.0096435546875,368.0096435546875,48.51171875,434.6102294921875,131.5584716796875,29.8004150390625
6120255080,153.967529296875,339.6715087890625,38.4998779296875,5.1279296875,188.025146484375,138.526611328125,18.1302490234375,140.6810302734375,0.0,16.650146484375,103.62548828125,120.009033203125,35.771728515625,25.3016357421875,219.9334716796875,25.3016357421875,126.3037109375,126.3037109375,85.8656005859375,11.5509033203125,73.952880859375,73.952880859375,325.7958984375,119.0338134765625,119.0338134765625,5.99658203125,206.3218994140625,206.3218994140625,181.3648681640625,94.5660400390625,207.4844970703125,368.3365478515625,721.5540771484375,933.4344482421875,723.0474853515625,168.32373046875,172.0458984375,273.3948974609375,170.133544921875,94.155517578125,138.9364013671875,148.0263671875,129.7113037109375,88.2264404296875,67.5985107421875,13.171875,322.619384765625,374.1744384765625,45.1590576171875,30.4136962890625,38.43017578125,227.32861328125,227.32861328125,92.1693115234375,293.92919921875,9.12255859375,170.4814453125
6120255620,137.3173828125,323.0213623046875,21.8497314453125,11.522216796875,204.67529296875,121.87646484375,34.7803955078125,157.3311767578125,16.650146484375,0.0,86.975341796875,103.35888671875,19.12158203125,8.6514892578125,203.2833251953125,8.6514892578125,109.653564453125,109.653564453125,102.5157470703125,28.2010498046875,90.60302734375,90.60302734375,309.145751953125,135.6839599609375,135.6839599609375,10.653564453125,222.9720458984375,222.9720458984375,198.0150146484375,111.2161865234375,224.1346435546875,351.6864013671875,704.9039306640625,916.7843017578125,706.3973388671875,151.673583984375,155.395751953125,256.7447509765625,153.4833984375,77.50537109375,122.2862548828125,131.376220703125,113.0611572265625,71.5762939453125,84.2486572265625,29.822021484375,305.96923828125,357.5242919921875,28.5089111328125,47.0638427734375,21.780029296875,210.678466796875,210.678466796875,108.8194580078125,277.279052734375,25.772705078125,187.131591796875
6120256260,50.342041015625,236.0460205078125,65.1256103515625,98.49755859375,291.650634765625,34.901123046875,121.7557373046875,244.3065185546875,103.62548828125,86.975341796875,0.0,16.383544921875,67.853759765625,78.3238525390625,116.3079833984375,78.3238525390625,22.67822265625,22.67822265625,189.4910888671875,115.1763916015625,177.578369140625,177.578369140625,222.17041015625,222.6593017578125,222.6593017578125,97.62890625,309.9473876953125,309.9473876953125,284.9903564453125,198.1915283203125,311.1099853515625,264.7110595703125,617.9285888671875,829.8089599609375,619.4219970703125,64.6982421875,68.42041015625,169.7694091796875,66.508056640625,9.469970703125,35.3109130859375,44.40087890625,26.0858154296875,15.3990478515625,171.2239990234375,116.79736328125,218.993896484375,270.5489501953125,58.4664306640625,134.0391845703125,65.1953125,123.703125,123.703125,195.7947998046875,190.3037109375,112.748046875,274.10693359375
6120257630,33.95849609375,219.6624755859375,81.5091552734375,114.881103515625,308.0341796875,18.517578125,138.1392822265625,260.6900634765625,120.009033203125,103.35888671875,16.383544921875,0.0,84.2373046875,94.7073974609375,99.9244384765625,94.7073974609375,6.294677734375,6.294677734375,205.8746337890625,131.5599365234375,193.9619140625,193.9619140625,205.786865234375,239.0428466796875,239.0428466796875,114.012451171875,326.3309326171875,326.3309326171875,301.3739013671875,214.5750732421875,327.4935302734375,248.3275146484375,601.5450439453125,813.4254150390625,603.0384521484375,48.314697265625,52.036865234375,153.3858642578125,50.12451171875,25.853515625,18.9273681640625,28.017333984375,9.7022705078125,31.7825927734375,187.6075439453125,133.180908203125,202.6103515625,254.1654052734375,74.8499755859375,150.4227294921875,81.578857421875,107.319580078125,107.319580078125,212.1783447265625,173.920166015625,129.131591796875,290.490478515625
6120258410,118.19580078125,303.8997802734375,2.7281494140625,30.643798828125,223.796875,102.7548828125,53.9019775390625,176.4527587890625,35.771728515625,19.12158203125,67.853759765625,84.2373046875,0.0,10.4700927734375,184.1617431640625,10.4700927734375,90.531982421875,90.531982421875,121.6373291015625,47.3226318359375,109.724609375,109.724609375,290.024169921875,154.8055419921875,154.8055419921875,29.775146484375,242.0936279296875,242.0936279296875,217.1365966796875,130.3377685546875,243.2562255859375,332.5648193359375,685.7823486328125,897.6627197265625,687.2757568359375,132.552001953125,136.274169921875,237.6231689453125,134.36181640625,58.3837890625,103.1646728515625,112.254638671875,93.9395751953125,52.4547119140625,103.3702392578125,48.943603515625,286.84765625,338.4027099609375,9.3873291015625,66.1854248046875,2.658447265625,191.556884765625,191.556884765625,127.9410400390625,258.157470703125,44.894287109375,206.253173828125
6120260500,128.6658935546875,314.369873046875,13.1982421875,20.1737060546875,213.3267822265625,113.2249755859375,43.431884765625,165.982666015625,25.3016357421875,8.6514892578125,78.3238525390625,94.7073974609375,10.4700927734375,0.0,194.6318359375,0.0,101.0020751953125,101.0020751953125,111.167236328125,36.8525390625,99.2545166015625,99.2545166015625,300.4942626953125,144.33544921875,144.33544921875,19.3050537109375,231.62353515625,231.62353515625,206.66650390625,119.86767578125,232.7861328125,343.034912109375,696.25244140625,908.1328125,697.745849609375,143.0220947265625,146.7442626953125,248.09326171875,144.8319091796875,68.8538818359375,113.634765625,122.7247314453125,104.40966796875,62.9248046875,92.900146484375,38.4735107421875,297.3177490234375,348.872802734375,19.857421875,55.71533203125,13.1285400390625,202.0269775390625,202.0269775390625,117.470947265625,268.6275634765625,34.4241943359375,195.7830810546875
6120260650,65.9659423828125,119.738037109375,181.43359375,214.8055419921875,407.9586181640625,81.4068603515625,238.063720703125,360.614501953125,219.9334716796875,203.2833251953125,116.3079833984375,99.9244384765625,184.1617431640625,194.6318359375,0.0,194.6318359375,93.6297607421875,93.6297607421875,305.799072265625,231.484375,293.8863525390625,293.8863525390625,105.8624267578125,338.96728515625,338.96728515625,213.9368896484375,426.25537109375,426.25537109375,401.29833984375,314.49951171875,427.41796875,148.403076171875,501.62060546875,713.5009765625,503.114013671875,51.6097412109375,47.8875732421875,53.46142578125,49.7999267578125,125.7779541015625,80.9970703125,71.9071044921875,90.22216796875,131.70703125,287.531982421875,233.1053466796875,102.6859130859375,154.240966796875,174.7744140625,250.34716796875,181.5032958984375,7.3951416015625,7.3951416015625,312.102783203125,73.9957275390625,229.0560302734375,390.4149169921875
6120260670,128.6658935546875,314.369873046875,13.1982421875,20.1737060546875,213.3267822265625,113.2249755859375,43.431884765625,165.982666015625,25.3016357421875,8.6514892578125,78.3238525390625,94.7073974609375,10.4700927734375,0.0,194.6318359375,0.0,101.0020751953125,101.0020751953125,111.167236328125,36.8525390625,99.2545166015625,99.2545166015625,300.4942626953125,144.33544921875,144.33544921875,19.3050537109375,231.62353515625,231.62353515625,206.66650390625,119.86767578125,232.7861328125,343.034912109375,696.25244140625,908.1328125,697.745849609375,143.0220947265625,146.7442626953125,248.09326171875,144.8319091796875,68.8538818359375,113.634765625,122.7247314453125,104.40966796875,62.9248046875,92.900146484375,38.4735107421875,297.3177490234375,348.872802734375,19.857421875,55.71533203125,13.1285400390625,202.0269775390625,202.0269775390625,117.470947265625,268.6275634765625,34.4241943359375,195.7830810546875
6120261060,27.663818359375,213.3677978515625,87.8038330078125,121.17578125,314.328857421875,12.222900390625,144.4339599609375,266.9847412109375,126.3037109375,109.653564453125,22.67822265625,6.294677734375,90.531982421875,101.0020751953125,93.6297607421875,101.0020751953125,0.0,0.0,212.1693115234375,137.8546142578125,200.256591796875,200.256591796875,199.4921875,245.3375244140625,245.3375244140625,120.30712890625,332.6256103515625,332.6256103515625,307.6685791015625,220.8697509765625,333.7882080078125,242.0328369140625,595.2503662109375,807.1307373046875,596.7437744140625,42.02001953125,45.7421875,147.0911865234375,43.829833984375,32.148193359375,12.6326904296875,21.72265625,3.4075927734375,38.0772705078125,193.9022216796875,139.4755859375,196.315673828125,247.8707275390625,81.1446533203125,156.7174072265625,87.87353515625,101.02490234375,101.02490234375,218.4730224609375,167.62548828125,135.42626953125,296.78515625
6120261070,27.663818359375,213.3677978515625,87.8038330078125,121.17578125,314.328857421875,12.222900390625,144.4339599609375,266.9847412109375,126.3037109375,109.653564453125,22.67822265625,6.294677734375,90.531982421875,101.0020751953125,93.6297607421875,101.0020751953125,0.0,0.0,212.1693115234375,137.8546142578125,200.256591796875,200.256591796875,199.4921875,245.3375244140625,245.3375244140625,120.30712890625,332.6256103515625,332.6256103515625,307.6685791015625,220.8697509765625,333.7882080078125,242.0328369140625,595.2503662109375,807.1307373046875,596.7437744140625,42.02001953125,45.7421875,147.0911865234375,43.829833984375,32.148193359375,12.6326904296875,21.72265625,3.4075927734375,38.0772705078125,193.9022216796875,139.4755859375,196.315673828125,247.8707275390625,81.1446533203125,156.7174072265625,87.87353515625,101.02490234375,101.02490234375,218.4730224609375,167.62548828125,135.42626953125,296.78515625
6120261080,239.8331298828125,425.537109375,124.365478515625,90.9935302734375,102.1595458984375,224.3922119140625,67.7353515625,54.8154296875,85.8656005859375,102.5157470703125,189.4910888671875,205.8746337890625,121.6373291015625,111.167236328125,305.799072265625,111.167236328125,212.1693115234375,212.1693115234375,0.0,74.314697265625,11.9127197265625,11.9127197265625,411.6614990234375,33.168212890625,33.168212890625,91.8621826171875,120.456298828125,120.456298828125,95.499267578125,8.700439453125,121.618896484375,454.2021484375,807.419677734375,1019.300048828125,808.9130859375,254.1893310546875,257.9114990234375,359.260498046875,255.9991455078125,180.0211181640625,224.802001953125,233.8919677734375,215.576904296875,174.092041015625,18.26708984375,72.6937255859375,408.4849853515625,460.0400390625,131.024658203125,55.451904296875,124.2957763671875,313.1942138671875,313.1942138671875,6.3037109375,379.7947998046875,76.7430419921875,84.6158447265625
6120265000,165.5184326171875,351.222412109375,50.05078125,16.6788330078125,176.4742431640625,150.0775146484375,6.579345703125,129.130126953125,11.5509033203125,28.2010498046875,115.1763916015625,131.5599365234375,47.3226318359375,36.8525390625,231.484375,36.8525390625,137.8546142578125,137.8546142578125,74.314697265625,0.0,62.4019775390625,62.4019775390625,337.3468017578125,107.48291015625,107.48291015625,17.5474853515625,194.77099609375,194.77099609375,169.81396484375,83.01513671875,195.93359375,379.887451171875,733.10498046875,944.9853515625,734.598388671875,179.8746337890625,183.5968017578125,284.94580078125,181.6844482421875,105.7064208984375,150.4873046875,159.5772705078125,141.26220703125,99.77734375,56.047607421875,1.6209716796875,334.1702880859375,385.725341796875,56.7099609375,18.86279296875,49.9810791015625,238.8795166015625,238.8795166015625,80.618408203125,305.4801025390625,2.4283447265625,158.9305419921875
6120268960,227.92041015625,413.6243896484375,112.4527587890625,79.080810546875,114.072265625,212.4794921875,55.8226318359375,66.7281494140625,73.952880859375,90.60302734375,177.578369140625,193.9619140625,109.724609375,99.2545166015625,293.8863525390625,99.2545166015625,200.256591796875,200.256591796875,11.9127197265625,62.4019775390625,0.0,0.0,399.748779296875,45.0809326171875,45.0809326171875,79.949462890625,132.3690185546875,132.3690185546875,107.4119873046875,20.6131591796875,133.5316162109375,442.2894287109375,795.5069580078125,1007.3873291015625,797.0003662109375,242.276611328125,245.998779296875,347.3477783203125,244.08642578125,168.1083984375,212.8892822265625,221.979248046875,203.6641845703125,162.1793212890625,6.3543701171875,60.781005859375,396.572265625,448.1273193359375,119.1119384765625,43.5391845703125,112.383056640625,301.281494140625,301.281494140625,18.2164306640625,367.882080078125,64.830322265625,96.528564453125
6120270080,227.92041015625,413.6243896484375,112.4527587890625,79.080810546875,114.072265625,212.4794921875,55.8226318359375,66.7281494140625,73.952880859375,90.60302734375,177.578369140625,193.9619140625,109.724609375,99.2545166015625,293.8863525390625,99.2545166015625,200.256591796875,200.256591796875,11.9127197265625,62.4019775390625,0.0,0.0,399.748779296875,45.0809326171875,45.0809326171875,79.949462890625,132.3690185546875,132.3690185546875,107.4119873046875,20.6131591796875,133.5316162109375,442.2894287109375,795.5069580078125,1007.3873291015625,797.0003662109375,242.276611328125,245.998779296875,347.3477783203125,244.08642578125,168.1083984375,212.8892822265625,221.979248046875,203.6641845703125,162.1793212890625,6.3543701171875,60.781005859375,396.572265625,448.1273193359375,119.1119384765625,43.5391845703125,112.383056640625,301.281494140625,301.281494140625,18.2164306640625,367.882080078125,64.830322265625,96.528564453125
6120273300,171.828369140625,13.8756103515625,287.2960205078125,320.66796875,513.821044921875,187.269287109375,343.9261474609375,466.4769287109375,325.7958984375,309.145751953125,222.17041015625,205.786865234375,290.024169921875,300.4942626953125,105.8624267578125,300.4942626953125,199.4921875,199.4921875,411.6614990234375,337.3468017578125,399.748779296875,399.748779296875,0.0,444.8297119140625,444.8297119140625,319.79931640625,532.1177978515625,532.1177978515625,507.1607666015625,420.3619384765625,533.2803955078125,42.5406494140625,395.7581787109375,607.6385498046875,397.2515869140625,157.47216796875,153.75,52.4010009765625,155.662353515625,231.640380859375,186.8594970703125,177.76953125,196.0845947265625,237.5694580078125,393.3944091796875,338.9677734375,3.176513671875,48.3785400390625,280.6368408203125,356.2095947265625,287.36572265625,98.46728515625,98.46728515625,417.9652099609375,31.86669921875,334.91845703125,496.27734375
6120276280,273.0013427734375,458.705322265625,157.53369140625,124.1617431640625,68.9913330078125,257.5604248046875,100.903564453125,21.647216796875,119.0338134765625,135.6839599609375,222.6593017578125,239.0428466796875,154.8055419921875,144.33544921875,338.96728515625,144.33544921875,245.3375244140625,245.3375244140625,33.168212890625,107.48291015625,45.0809326171875,45.0809326171875,444.8297119140625,0.0,0.0,125.0303955078125,87.2880859375,87.2880859375,62.3310546875,24.4677734375,88.45068359375,487.370361328125,840.587890625,1052.46826171875,842.081298828125,287.3575439453125,291.0797119140625,392.4287109375,289.1673583984375,213.1893310546875,257.97021484375,267.0601806640625,248.7451171875,207.26025390625,51.435302734375,105.8619384765625,441.6531982421875,493.208251953125,164.19287109375,88.6201171875,157.4639892578125,346.3624267578125,346.3624267578125,26.864501953125,412.9630126953125,109.9112548828125,51.4476318359375
6120276530,273.0013427734375,458.705322265625,157.53369140625,124.1617431640625,68.9913330078125,257.5604248046875,100.903564453125,21.647216796875,119.0338134765625,135.6839599609375,222.6593017578125,239.0428466796875,154.8055419921875,144.33544921875,338.96728515625,144.33544921875,245.3375244140625,245.3375244140625,33.168212890625,107.48291015625,45.0809326171875,45.0809326171875,444.8297119140625,0.0,0.0,125.0303955078125,87.2880859375,87.2880859375,62.3310546875,24.4677734375,88.45068359375,487.370361328125,840.587890625,1052.46826171875,842.081298828125,287.3575439453125,291.0797119140625,392.4287109375,289.1673583984375,213.1893310546875,257.97021484375,267.0601806640625,248.7451171875,207.26025390625,51.435302734375,105.8619384765625,441.6531982421875,493.208251953125,164.19287109375,88.6201171875,157.4639892578125,346.3624267578125,346.3624267578125,26.864501953125,412.9630126953125,109.9112548828125,51.4476318359375
6120277000,147.970947265625,333.6749267578125,32.5032958984375,0.86865234375,194.021728515625,132.530029296875,24.1268310546875,146.6776123046875,5.99658203125,10.653564453125,97.62890625,114.012451171875,29.775146484375,19.3050537109375,213.9368896484375,19.3050537109375,120.30712890625,120.30712890625,91.8621826171875,17.5474853515625,79.949462890625,79.949462890625,319.79931640625,125.0303955078125,125.0303955078125,0.0,212.3184814453125,212.3184814453125,187.3614501953125,100.5626220703125,213.4810791015625,362.3399658203125,715.5574951171875,927.4378662109375,717.0509033203125,162.3271484375,166.04931640625,267.3983154296875,164.136962890625,88.158935546875,132.9398193359375,142.02978515625,123.7147216796875,82.2298583984375,73.5950927734375,19.16845703125,316.622802734375,368.1778564453125,39.1624755859375,36.4102783203125,32.43359375,221.33203125,221.33203125,98.1658935546875,287.9326171875,15.119140625,176.47802734375
6120283710,360.2894287109375,545.993408203125,244.82177734375,211.4498291015625,18.2967529296875,344.8485107421875,188.191650390625,65.640869140625,206.3218994140625,222.9720458984375,309.9473876953125,326.3309326171875,242.0936279296875,231.62353515625,426.25537109375,231.62353515625,332.6256103515625,332.6256103515625,120.456298828125,194.77099609375,132.3690185546875,132.3690185546875,532.1177978515625,87.2880859375,87.2880859375,212.3184814453125,0.0,0.0,24.95703125,111.755859375,1.16259765625,574.658447265625,927.8759765625,1139.75634765625,929.369384765625,374.6456298828125,378.3677978515625,479.716796875,376.4554443359375,300.4774169921875,345.25830078125,354.3482666015625,336.033203125,294.54833984375,138.723388671875,193.1500244140625,528.9412841796875,580.496337890625,251.48095703125,175.908203125,244.7520751953125,433.6505126953125,433.6505126953125,114.152587890625,500.2510986328125,197.1993408203125,35.8404541015625
6120284080,360.2894287109375,545.993408203125,244.82177734375,211.4498291015625,18.2967529296875,344.8485107421875,188.191650390625,65.640869140625,206.3218994140625,222.9720458984375,309.9473876953125,326.3309326171875,242.0936279296875,231.62353515625,426.25537109375,231.62353515625,332.6256103515625,332.6256103515625,120.456298828125,194.77099609375,132.3690185546875,132.3690185546875,532.1177978515625,87.2880859375,87.2880859375,212.3184814453125,0.0,0.0,24.95703125,111.755859375,1.16259765625,574.658447265625,927.8759765625,1139.75634765625,929.369384765625,374.6456298828125,378.3677978515625,479.716796875,376.4554443359375,300.4774169921875,345.25830078125,354.3482666015625,336.033203125,294.54833984375,138.723388671875,193.1500244140625,528.9412841796875,580.496337890625,251.48095703125,175.908203125,244.7520751953125,433.6505126953125,433.6505126953125,114.152587890625,500.2510986328125,197.1993408203125,35.8404541015625
6120284960,335.3323974609375,521.036376953125,219.86474609375,186.4927978515625,6.6602783203125,319.8914794921875,163.234619140625,40.683837890625,181.3648681640625,198.0150146484375,284.9903564453125,301.3739013671875,217.1365966796875,206.66650390625,401.29833984375,206.66650390625,307.6685791015625,307.6685791015625,95.499267578125,169.81396484375,107.4119873046875,107.4119873046875,507.1607666015625,62.3310546875,62.3310546875,187.3614501953125,24.95703125,24.95703125,0.0,86.798828125,26.11962890625,549.701416015625,902.9189453125,1114.79931640625,904.412353515625,349.6885986328125,353.4107666015625,454.759765625,351.4984130859375,275.5203857421875,320.30126953125,329.3912353515625,311.076171875,269.59130859375,113.766357421875,168.1929931640625,503.9842529296875,555.539306640625,226.52392578125,150.951171875,219.7950439453125,408.6934814453125,408.6934814453125,89.195556640625,475.2940673828125,172.2423095703125,10.8834228515625
6120286770,248.5335693359375,434.237548828125,133.06591796875,99.6939697265625,93.4591064453125,233.0926513671875,76.435791015625,46.114990234375,94.5660400390625,111.2161865234375,198.1915283203125,214.5750732421875,130.3377685546875,119.86767578125,314.49951171875,119.86767578125,220.8697509765625,220.8697509765625,8.700439453125,83.01513671875,20.6131591796875,20.6131591796875,420.3619384765625,24.4677734375,24.4677734375,100.5626220703125,111.755859375,111.755859375,86.798828125,0.0,112.91845703125,462.902587890625,816.1201171875,1028.00048828125,817.613525390625,262.8897705078125,266.6119384765625,367.9609375,264.6995849609375,188.7215576171875,233.50244140625,242.5924072265625,224.27734375,182.79248046875,26.967529296875,81.3941650390625,417.1854248046875,468.740478515625,139.72509765625,64.15234375,132.9962158203125,321.8946533203125,321.8946533203125,2.396728515625,388.4952392578125,85.4434814453125,75.9154052734375
6120288420,361.4520263671875,547.156005859375,245.984375,212.6124267578125,19.4593505859375,346.0111083984375,189.354248046875,66.803466796875,207.4844970703125,224.1346435546875,311.1099853515625,327.4935302734375,243.2562255859375,232.7861328125,427.41796875,232.7861328125,333.7882080078125,333.7882080078125,121.618896484375,195.93359375,133.5316162109375,133.5316162109375,533.2803955078125,88.45068359375,88.45068359375,213.4810791015625,1.16259765625,1.16259765625,26.11962890625,112.91845703125,0.0,575.821044921875,929.03857421875,1140.9189453125,930.531982421875,375.8082275390625,379.5303955078125,480.87939453125,377.6180419921875,301.6400146484375,346.4208984375,355.5108642578125,337.19580078125,295.7109375,139.885986328125,194.3126220703125,530.1038818359375,581.658935546875,252.6435546875,177.07080078125,245.9146728515625,434.8131103515625,434.8131103515625,115.315185546875,501.4136962890625,198.3619384765625,37.0030517578125
6121052430,214.3690185546875,28.6650390625,329.836669921875,363.2086181640625,556.3616943359375,229.8099365234375,386.466796875,509.017578125,368.3365478515625,351.6864013671875,264.7110595703125,248.3275146484375,332.5648193359375,343.034912109375,148.403076171875,343.034912109375,242.0328369140625,242.0328369140625,454.2021484375,379.887451171875,442.2894287109375,442.2894287109375,42.5406494140625,487.370361328125,487.370361328125,362.3399658203125,574.658447265625,574.658447265625,549.701416015625,462.902587890625,575.821044921875,0.0,353.217529296875,565.097900390625,354.7109375,200.0128173828125,196.2906494140625,94.941650390625,198.2030029296875,274.1810302734375,229.400146484375,220.3101806640625,238.625244140625,280.110107421875,435.93505859375,381.5084228515625,45.7171630859375,5.837890625,323.177490234375,398.750244140625,329.9063720703125,141.0079345703125,141.0079345703125,460.505859375,74.4073486328125,377.4591064453125,538.8179931640625
6121053320,567.5865478515625,381.882568359375,683.05419921875,716.4261474609375,909.5792236328125,583.0274658203125,739.684326171875,862.235107421875,721.5540771484375,704.9039306640625,617.9285888671875,601.5450439453125,685.7823486328125,696.25244140625,501.62060546875,696.25244140625,595.2503662109375,595.2503662109375,807.419677734375,733.10498046875,795.5069580078125,795.5069580078125,395.7581787109375,840.587890625,840.587890625,715.5574951171875,927.8759765625,927.8759765625,902.9189453125,816.1201171875,929.03857421875,353.217529296875,0.0,211.88037109375,1.493408203125,553.2303466796875,549.5081787109375,448.1591796875,551.4205322265625,627.3985595703125,582.61767578125,573.5277099609375,591.8427734375,633.32763671875,789.152587890625,734.7259521484375,398.9346923828125,347.379638671875,676.39501953125,751.9677734375,683.1239013671875,494.2254638671875,494.2254638671875,813.723388671875,427.6248779296875,730.6766357421875,892.0355224609375
6121053910,779.4669189453125,593.762939453125,894.9345703125,928.3065185546875,1121.4595947265625,794.9078369140625,951.564697265625,1074.115478515625,933.4344482421875,916.7843017578125,829.8089599609375,813.4254150390625,897.6627197265625,908.1328125,713.5009765625,908.1328125,807.1307373046875,807.1307373046875,1019.300048828125,944.9853515625,1007.3873291015625,1007.3873291015625,607.6385498046875,1052.46826171875,1052.46826171875,927.4378662109375,1139.75634765625,1139.75634765625,1114.79931640625,1028.00048828125,1140.9189453125,565.097900390625,211.88037109375,0.0,210.386962890625,765.1107177734375,761.3885498046875,660.03955078125,763.3009033203125,839.2789306640625,794.498046875,785.4080810546875,803.72314453125,845.2080078125,1001.032958984375,946.6063232421875,610.8150634765625,559.260009765625,888.275390625,963.84814453125,895.0042724609375,706.1058349609375,706.1058349609375,1025.603759765625,639.5052490234375,942.5570068359375,1103.9158935546875
6121054710,569.0799560546875,383.3759765625,684.547607421875,717.9195556640625,911.0726318359375,584.5208740234375,741.177734375,863.728515625,723.0474853515625,706.3973388671875,619.4219970703125,603.0384521484375,687.2757568359375,697.745849609375,503.114013671875,697.745849609375,596.7437744140625,596.7437744140625,808.9130859375,734.598388671875,797.0003662109375,797.0003662109375,397.2515869140625,842.081298828125,842.081298828125,717.0509033203125,929.369384765625,929.369384765625,904.412353515625,817.613525390625,930.531982421875,354.7109375,1.493408203125,210.386962890625,0.0,554.7237548828125,551.0015869140625,449.652587890625,552.9139404296875,628.8919677734375,584.111083984375,575.0211181640625,593.336181640625,634.821044921875,790.64599609375,736.2193603515625,400.4281005859375,348.873046875,677.888427734375,753.461181640625,684.6173095703125,495.7188720703125,495.7188720703125,815.216796875,429.1182861328125,732.1700439453125,893.5289306640625
6121061710,14.356201171875,171.3477783203125,129.8238525390625,163.19580078125,356.348876953125,29.797119140625,186.4539794921875,309.0047607421875,168.32373046875,151.673583984375,64.6982421875,48.314697265625,132.552001953125,143.0220947265625,51.6097412109375,143.0220947265625,42.02001953125,42.02001953125,254.1893310546875,179.8746337890625,242.276611328125,242.276611328125,157.47216796875,287.3575439453125,287.3575439453125,162.3271484375,374.6456298828125,374.6456298828125,349.6885986328125,262.8897705078125,375.8082275390625,200.0128173828125,553.2303466796875,765.1107177734375,554.7237548828125,0.0,3.72216796875,105.0711669921875,1.809814453125,74.168212890625,29.3873291015625,20.29736328125,38.6124267578125,80.0972900390625,235.9222412109375,181.49560546875,154.295654296875,205.8507080078125,123.1646728515625,198.7374267578125,129.8935546875,59.0048828125,59.0048828125,260.4930419921875,125.60546875,177.4462890625,338.80517578125
6121061730,18.078369140625,167.6256103515625,133.5460205078125,166.91796875,360.071044921875,33.519287109375,190.1761474609375,312.7269287109375,172.0458984375,155.395751953125,68.42041015625,52.036865234375,136.274169921875,146.7442626953125,47.8875732421875,146.7442626953125,45.7421875,45.7421875,257.9114990234375,183.5968017578125,245.998779296875,245.998779296875,153.75,291.0797119140625,291.0797119140625,166.04931640625,378.3677978515625,378.3677978515625,353.4107666015625,266.6119384765625,379.5303955078125,196.2906494140625,549.5081787109375,761.3885498046875,551.0015869140625,3.72216796875,0.0,101.3489990234375,1.912353515625,77.890380859375,33.1094970703125,24.01953125,42.3345947265625,83.8194580078125,239.6444091796875,185.2177734375,150.573486328125,202.1285400390625,126.8868408203125,202.4595947265625,133.61572265625,55.28271484375,55.28271484375,264.2152099609375,121.88330078125,181.16845703125,342.52734375
6121062030,119.4273681640625,66.276611328125,234.89501953125,268.2669677734375,461.4200439453125,134.8682861328125,291.525146484375,414.075927734375,273.3948974609375,256.7447509765625,169.7694091796875,153.3858642578125,237.6231689453125,248.09326171875,53.46142578125,248.09326171875,147.0911865234375,147.0911865234375,359.260498046875,284.94580078125,347.3477783203125,347.3477783203125,52.4010009765625,392.4287109375,392.4287109375,267.3983154296875,479.716796875,479.716796875,454.759765625,367.9609375,480.87939453125,94.941650390625,448.1591796875,660.03955078125,449.652587890625,105.0711669921875,101.3489990234375,0.0,103.2613525390625,179.2393798828125,134.45849609375,125.3685302734375,143.68359375,185.16845703125,340.993408203125,286.5667724609375,49.2244873046875,100.779541015625,228.23583984375,303.80859375,234.9647216796875,46.0662841796875,46.0662841796875,365.564208984375,20.5343017578125,282.5174560546875,443.8763427734375
6121062900,16.166015625,169.5379638671875,131.6336669921875,165.005615234375,358.15869140625,31.60693359375,188.2637939453125,310.8145751953125,170.133544921875,153.4833984375,66.508056640625,50.12451171875,134.36181640625,144.8319091796875,49.7999267578125,144.8319091796875,43.829833984375,43.829833984375,255.9991455078125,181.6844482421875,244.08642578125,244.08642578125,155.662353515625,289.1673583984375,289.1673583984375,164.136962890625,376.4554443359375,376.4554443359375,351.4984130859375,264.6995849609375,377.6180419921875,198.2030029296875,551.4205322265625,763.3009033203125,552.9139404296875,1.809814453125,1.912353515625,103.2613525390625,0.0,75.97802734375,31.1971435546875,22.107177734375,40.4222412109375,81.9071044921875,237.7320556640625,183.305419921875,152.48583984375,204.0408935546875,124.9744873046875,200.5472412109375,131.703369140625,57.195068359375,57.195068359375,262.3028564453125,123.795654296875,179.256103515625,340.614990234375
6121063070,59.81201171875,245.5159912109375,55.6556396484375,89.027587890625,282.1806640625,44.37109375,112.2857666015625,234.8365478515625,94.155517578125,77.50537109375,9.469970703125,25.853515625,58.3837890625,68.8538818359375,125.7779541015625,68.8538818359375,32.148193359375,32.148193359375,180.0211181640625,105.7064208984375,168.1083984375,168.1083984375,231.640380859375,213.1893310546875,213.1893310546875,88.158935546875,300.4774169921875,300.4774169921875,275.5203857421875,188.7215576171875,301.6400146484375,274.1810302734375,627.3985595703125,839.2789306640625,628.8919677734375,74.168212890625,77.890380859375,179.2393798828125,75.97802734375,0.0,44.7808837890625,53.870849609375,35.5557861328125,5.9290771484375,161.7540283203125,107.327392578125,228.4638671875,280.0189208984375,48.9964599609375,124.5692138671875,55.725341796875,133.173095703125,133.173095703125,186.3248291015625,199.773681640625,103.278076171875,264.636962890625
6121063260,15.0311279296875,200.735107421875,100.4365234375,133.8084716796875,326.9615478515625,0.4097900390625,157.066650390625,279.617431640625,138.9364013671875,122.2862548828125,35.3109130859375,18.9273681640625,103.1646728515625,113.634765625,80.9970703125,113.634765625,12.6326904296875,12.6326904296875,224.802001953125,150.4873046875,212.8892822265625,212.8892822265625,186.8594970703125,257.97021484375,257.97021484375,132.9398193359375,345.25830078125,345.25830078125,320.30126953125,233.50244140625,346.4208984375,229.400146484375,582.61767578125,794.498046875,584.111083984375,29.3873291015625,33.1094970703125,134.45849609375,31.1971435546875,44.7808837890625,0.0,9.0899658203125,9.22509765625,50.7099609375,206.534912109375,152.1082763671875,183.6829833984375,235.238037109375,93.77734375,169.35009765625,100.5062255859375,88.3922119140625,88.3922119140625,231.105712890625,154.9927978515625,148.0589599609375,309.4178466796875
