,6120495610,6120495920,6120495930,6120496480,6120496700,6120496990,6120497570,6120498830,6120498980,6120500310,6120500430,6120501590,6120501870,6120502430,6120502520,6120505910,6120508230,6120508880,6120509040,6120509300,6120509440,6120509550,6120510580,6120511390,6120511400,6120511580,6120511930,6120512020,6120512630,6120513850,6120513920,6120515890,6120517560,6120517570,6120517890,6120518290,6120519540,6120519550,6120519630,6120519710,6120520530,6120520930,6120521250,6120522690,6120523540,6120523640,6120524850,6120526470,6120526600,6120528990,6120531120,6120535820,6120538300,6121157490,6121158040,6121159720,6121159770,6121162000,6121163070,6121163350,6121164310,6121166340,6121170610,6121171030,6121171380,6121172160,6121172900,6121173250
6120495610,0.0,24.594600404216074,6.270783140461354,13.514172949531892,38.193561475651165,51.99679325584652,61.49395851525886,65.03074345706855,65.07711988082211,93.53855778918773,77.15908519641098,53.35261615889034,53.811737687142355,52.38897595762378,52.71620061421648,52.385464735311736,55.9832671257685,57.67209865763439,60.74019040382883,66.64948094345989,65.98320889568573,71.61470430715913,61.51839784130372,68.16058860167135,64.59978856991542,68.94458864920102,69.04576873564818,69.32875065955743,71.57148369443892,76.03207034835013,76.32605526286312,84.57404996673537,92.44067992892866,92.9128859260537,92.42780885992381,94.27256361942514,104.92944498418846,107.1002259791492,100.15713963697658,100.4137344350738,103.66402529298655,107.08426944544635,109.2658819089196,116.26168644002132,118.87124644152672,119.14567910760213,124.43400707189997,129.88639459947933,130.12879921946794,139.68901804725022,152.85933920149355,170.27592686533976,181.74212889506606,20.115319591689826,30.511264914611075,56.13829815466729,85.87739667099653,59.62131214524731,68.88884334222817,76.14991508743621,68.93404778730464,89.00355271462394,136.8337031509344,141.76267257160075,143.50978607268195,151.318574392973,159.09433829812428,163.6945721659637
6120495920,24.594600404216074,0.0,18.598483758415295,11.977234289874474,13.69773143507222,27.47011455516361,37.05196577319263,40.85448150095884,40.92065959461017,69.24545875791368,53.23115770232455,32.25290976214486,33.09482820449303,33.03569259167765,33.36292315712482,42.43812380085992,50.286204680139896,68.22244683043799,72.8301653212274,81.32317377895794,79.92125934586522,58.02183889898341,67.12412745985363,62.1249583339533,68.326621698499,63.30186347597712,65.61254980641033,65.81113669307314,68.82344756003036,74.82631070658506,74.95944812098104,83.07937740323115,97.48559582575918,99.18751586277364,95.43122051678813,92.54760983211898,113.75827074402719,116.91237025557584,98.08445400403052,98.47133669149846,103.21334149403903,103.21553012345568,104.07698097455135,110.63235963510017,114.43189255358388,114.66181800175697,120.19623992366306,129.2196880350529,129.4057452550953,139.95571941368917,147.2745984437573,171.11706769372083,182.22121895093142,4.5071432606606106,6.305705994370641,33.539092698406144,61.84700022188786,45.29084839648363,84.2241977220469,92.66141939330565,70.83505952493536,89.79788000811499,132.63960467264806,137.2881122343481,142.59068668827132,150.41787867177248,158.49087655613783,164.0384056623931
6120495930,6.270783140461354,18.598483758415295,0.0,7.2436812803243065,32.07730359417846,45.87240576198639,55.32460255759006,58.802801615578055,58.846545736330555,87.31809471827094,70.90229635113327,47.16024215371195,47.64735518265516,46.33142658403571,46.66046184440316,47.62614553058336,52.10199995345333,58.01631461573612,61.606894585284174,68.41771466210186,67.50142474101051,66.44663994743455,60.46844293306218,64.37649905249376,63.08357711648884,65.25199601517444,65.8363184179199,66.1036208576812,68.54530298931354,73.41058018148428,73.6693216561463,81.95830496827594,91.53013715935934,92.33860098569187,90.9802631769969,91.67011877953759,105.13328220746023,107.59658819602157,97.50751127022238,97.7960830114283,101.41935469778193,104.05605721374947,105.9522417235526,112.8797567729031,115.76373579461733,116.02918732667769,121.3920092591767,127.69829980610453,127.92790438049782,137.75838601708182,149.59366403320536,168.559088876232,179.95659309618563,14.194030581174491,24.36419719319975,49.87660929865295,79.6258964088035,54.239843767446764,70.89716887087626,78.6059151392182,66.99870341438739,86.97434338885132,133.84044100230886,138.71931232764751,141.30157865439304,149.1348219906945,157.00039808841188,161.8417199043113
6120496480,13.514172949531892,11.977234289874474,7.2436812803243065,0.0,25.07862634061642,38.83096695375922,48.2106991255231,51.608895583469206,51.64921443509999,80.12938089543808,63.671506594745026,40.057092534373176,40.58975801080216,39.448686444331926,39.779882009575026,42.69136057504984,48.33261989698055,59.33618175757645,63.46119839120943,71.1834463231158,70.00538679937902,60.797698039009866,60.14849256986605,60.60528859267074,62.17412103969458,61.59289151030867,62.795989282440786,63.04075902926191,65.71363922220357,71.04532728375592,71.25815916298832,79.5382688466656,91.10172480786488,92.29849952618417,89.92028078242195,89.2104037667386,105.92626781975557,108.71253131281856,94.96180563502703,95.28823531508323,99.34945822146491,101.01817340900413,102.55467864848119,109.3756713497144,112.58946005722201,112.8431001603199,118.28213218151944,125.60557062720191,125.8191859212057,135.94755685710828,146.1503490818331,166.94076633778533,178.23966065258992,7.9779345809768,17.345096940774493,42.65386508060725,72.40079195654071,48.349502436558495,73.89981004966751,82.03269767861211,65.53755914376332,85.23988453555084,130.75939413096555,135.56684179436746,139.15104703169933,146.9969457358427,154.95459225427078,160.0737456530746
6120496700,38.193561475651165,13.69773143507222,32.07730359417846,25.07862634061642,0.0,13.803243943085386,23.354646816715782,27.228825815336343,27.304514788722013,55.556742717566145,39.69348897036792,21.91160649211089,23.078703641039127,24.46223717357954,24.744526584477047,40.38540769364538,50.10312766969796,75.35491368318374,80.50104327575987,89.9466963337502,88.23653842103275,51.96058164634329,71.91687190491899,60.774259357677,72.0969228930781,62.11462474323569,65.59727738664866,65.73470698218695,69.02162428488856,75.60071835275538,75.6369398967105,83.34469257829937,100.8702968735877,103.17891798535238,97.77767924048013,92.36051169540765,118.7859180774955,122.40129335490236,97.540227422289,97.99070618170093,103.45194649129385,101.50988362921552,101.58452377212572,107.73931677364342,112.15292950690164,112.35269837955829,117.92617008855768,128.82521838641875,128.97673999472138,139.92736794836762,143.84584710318128,171.06680232987824,181.875547646628,18.200750147691913,7.733563903031599,21.446451521873364,48.24352525452611,39.68024800524099,93.09052190594967,101.92481917613483,73.51245383989206,91.10735832868879,130.19507618472068,134.6182687836489,141.86404604132258,149.60580216570187,157.75645959465646,163.77726003516185
6120496990,51.99679325584652,27.47011455516361,45.87240576198639,38.83096695375922,13.803243943085386,0.0,9.672441395851346,14.087409807580483,14.20858633196857,41.92093592163163,26.657796132978373,18.488908737529364,19.886752556864327,23.227357338099583,23.366271378405422,44.09825690203331,54.77693825685621,85.11048726867314,90.57783338217209,100.61831626752118,98.69706542647528,50.37570370698936,79.92861640149586,63.75318240153683,79.26736692950847,65.19057967361834,69.64318394334506,69.71789533848634,73.13865041440634,80.04009661621726,79.9855010360589,87.09743102870627,107.1331277989673,109.9417341661067,103.16010574675427,95.47418535867793,126.26851743618413,130.24773718748762,100.20333695541699,100.70753690227443,106.76985725957046,102.94372460450111,102.21283484141796,107.8469327185015,112.8285354810178,112.99434151393848,118.52951345930066,131.18297682783395,131.29876758357935,142.53264983007702,142.957067768176,173.41247952858652,183.8647338970905,31.97725181304582,21.509769389091517,14.294611213288738,34.93594555729884,39.68543950596057,103.9120954181816,112.97093658199051,79.71568414626482,95.66325816405232,130.46937761749103,134.6121729623071,143.76146133544876,151.35049585834338,159.51458383731006,165.96248728480361
6120497570,61.49395851525886,37.05196577319263,55.32460255759006,48.2106991255231,23.354646816715782,9.672441395851346,0.0,5.1652032436124475,5.359156782337883,32.25298490035988,17.301477838944137,19.957802854671183,21.14667984537287,25.16392163464274,25.175970117441636,47.16872661197348,58.026026762602974,91.2002703186226,96.85005218249071,107.25716230735762,105.19208179145767,49.50776405711835,84.87104601941631,65.60159783021723,83.64579351237639,67.06748579766729,72.07430857949375,72.10483156032794,75.54599990168084,82.54423553156468,82.42827484964579,89.02137078543294,110.58282320045552,113.7207894412935,106.02870763493543,96.84473538647464,130.45316013874395,134.67337154730805,101.20487488134421,101.74101020784204,108.16087569496193,103.05588406629457,101.76867259183918,106.97954645685697,112.312678562282,112.45320429766169,117.91449927328058,131.7061964579572,131.79611799344664,143.16174863967987,141.13615200672982,173.71790032617136,183.88175628689973,41.55536665652706,30.984087866550684,14.048288382724541,25.345158162640146,40.55261992952263,110.64489414670665,119.83242272473562,83.42955747942551,98.03444611780368,129.5361853420173,133.45610067879463,143.88574362152423,151.3279059973669,159.46307931968724,166.1840051064307
6120498830,65.03074345706855,40.85448150095884,58.802801615578055,51.608895583469206,27.228825815336343,14.087409807580483,5.1652032436124475,0.0,0.23049278603198495,28.521356617973964,12.579560982652016,19.222483331868343,20.18684966614121,24.266860324144385,24.21061457128369,46.16523588123319,56.97187045718877,91.61074890062227,97.36116822391203,107.98811837158225,105.82869711055272,46.50092694721091,84.58641674948218,63.73669241689974,83.03329577442145,65.20523907481908,70.46054183345484,70.467818676506,73.89694287828638,80.90547143282012,80.75813288121284,87.05365254624711,109.33999293166141,112.6518655126274,104.48601246077158,94.5715119726531,129.57445972373372,133.92619711234596,98.73920825058381,99.28883857583861,105.86134637373773,100.1730920218889,98.64381679225903,103.6606807401054,109.13048066459677,109.25986484520729,114.67808380393106,128.94450659041095,129.02247899211676,140.42951102807635,137.3779817527269,170.80198970016582,180.82966567436387,45.325739262414764,34.64561730704977,13.214632754241553,21.01631016044115,38.52811080476595,111.43322801854583,120.69151476766041,82.43942645421419,96.2587256649533,126.14590799569508,129.96892365238,140.9252732864583,148.29277576922448,156.40548737784474,163.23870061920476
6120498980,65.07711988082211,40.92065959461017,58.846545736330555,51.64921443509999,27.304514788722013,14.20858633196857,5.359156782337883,0.23049278603198495,0.0,28.48465752773264,12.47190766621026,19.094539090064462,20.049107905646714,24.127467223944308,24.0687448837987,46.01294517030247,56.816011780444995,91.50555596818153,97.25964272033211,107.89496448044773,105.73178948218319,46.289737004523225,84.4550777889322,63.554223028832084,82.8902213486485,65.02272677397171,70.28514523894502,70.2917050699249,73.72021547996843,80.72862516407534,80.58033950953349,86.86676976160909,109.17430416955365,112.49173009700083,104.3110629071533,94.37590439060256,129.4201650733957,133.7762704705456,98.53847920347103,99.08843689782742,105.66472094786684,99.96241164382614,98.42805170375524,103.44114151274339,108.91342666533451,109.04259404358682,114.4599277547563,128.73608176593484,128.81378116253686,140.22162088494446,137.15147381284723,170.58977158829487,180.61457118311932,45.38894241824214,34.70542074295491,13.094881463024164,20.939030878293075,38.344344996891394,111.34227913761072,120.60311395689268,82.28333950014193,96.07705361279096,125.9248865937928,129.74627954294155,140.71234875668532,148.078238216807,156.19043313317894,163.0259119267193
6120500310,93.53855778918773,69.24545875791368,87.31809471827094,80.12938089543808,55.556742717566145,41.92093592163163,32.25298490035988,28.521356617973964,28.48465752773264,0.0,17.114404349223122,44.49437691800532,44.89761375309686,48.47264352831233,48.28004027571688,67.87643666329248,77.83978184857767,115.76202475553033,121.69329322948458,132.7567560990252,130.3825029026518,60.208555243344364,106.90145737489178,81.20503018870245,104.34652284460051,82.59716738929075,88.59011676494698,88.50354890226792,91.72264604987713,98.47833452841475,98.20557551150112,102.95194394182519,127.71503537471769,131.64967214650818,121.72699669221016,108.73057681927448,149.0276812957467,153.8176126140347,111.76248054198693,112.36439738431012,119.52062302205321,110.81541282354648,107.86560610014052,111.42325100214661,117.60426879436332,117.65685906091939,122.61888244289997,139.46620257501053,139.47209579385358,150.88231655109203,140.9251655771921,179.6435419292814,188.6723008186927,73.7384439147556,63.095861708354,39.44562155798924,8.739736334103204,57.59602288808257,136.31128989743326,145.66668908073336,102.47028502528147,112.70981138273756,132.71320828690855,135.74891011932576,149.98772360273944,156.74277638053317,164.56894623543866,172.00639016759152
6120500430,77.15908519641098,53.23115770232455,70.90229635113327,63.671506594745026,39.69348897036792,26.657796132978373,17.301477838944137,12.579560982652016,12.47190766621026,17.114404349223122,0.0,27.431168738096172,27.89676290939785,31.591248160227106,31.41913478601542,51.87569622949565,62.22608656059435,99.2742129290602,105.16542456488693,116.12400935086575,113.80630197208856,47.1561529665879,90.97033229698711,66.92851731857326,88.75655039182331,68.36881281839845,74.12129060380656,74.072262423546,77.40775916658362,84.32581080340374,84.10398522618216,89.5625136857281,113.39055734349714,117.07963100006184,107.862538539251,96.18199396105203,134.3244501839244,138.94688712753774,99.77630957922625,100.35745348098769,107.28218937511758,99.9964879819763,97.74781661484487,102.09961158351265,107.95348400490684,108.04676759034311,113.28409300368187,128.88792685480274,128.93059343069532,140.3909625379841,134.1011190472013,170.0898570830028,179.67381535977776,57.67015845916817,46.9712100493528,22.336383713505363,8.768228367306314,42.30333706333367,119.6533198881997,128.9932247475034,87.35013272994496,99.14242688265658,124.17642342215227,127.65752142590678,140.2111434411864,147.31593518365455,155.32352556885732,162.4675632190964
6120501590,53.35261615889034,32.25290976214486,47.16024215371195,40.057092534373176,21.91160649211089,18.488908737529364,19.957802854671183,19.222483331868343,19.094539090064462,44.49437691800532,27.431168738096172,0.0,1.401332682798318,5.206980541609744,5.232788585727168,27.220035825016325,38.07639831187207,72.55844159054638,78.36043978626216,89.12795331806201,86.90033616880292,31.98519730571851,65.36634963368023,45.8997618388593,63.88546032230096,47.358154121917444,52.203581682246366,52.244618592510854,55.68610811006196,62.67092511127214,62.569001041055245,69.33414048730859,90.6255777788238,93.78410219955624,86.10690942963525,77.4232864836736,110.57451619182442,114.85284104395737,82.00239665352302,82.5192634051797,88.74108684553282,84.50762103110847,83.72519258565075,89.36853820807124,94.34027238384758,94.50571924610554,100.04060799029322,112.85184109543164,112.96079160032956,124.23723977192849,124.61789944572314,155.0431679944998,165.44044213630718,36.03712204771155,26.33402235878056,6.04103992798526,35.87993396849498,21.287596248341128,92.61440737096045,101.91912129045079,63.5034104685869,78.21010753750981,111.98999100202263,116.15189615067246,125.34570899494847,132.91252410550288,141.0743038289424,147.57265070640779
6120501870,53.811737687142355,33.09482820449303,47.64735518265516,40.58975801080216,23.078703641039127,19.886752556864327,21.14667984537287,20.18684966614121,20.049107905646714,44.89761375309686,27.89676290939785,1.401332682798318,0.0,4.0840137448777485,4.052258317293765,26.08880606865375,36.93777583607961,71.79634990360972,77.62127665376319,88.44180487728639,86.18901079683774,30.586197278130847,64.41838590698701,44.603694151953555,62.85523916267027,46.06400552469943,50.955770653293186,50.992678468759145,54.434442177681625,61.42514184243001,61.317780362058855,68.03967550634698,89.46017182562942,92.65282873765325,84.88631637702436,76.09249339014892,109.48219441524381,113.78763611874254,80.65222727051207,81.17066931165152,87.4114681514983,83.12373539093036,82.32914344084129,87.96813577464943,92.9437591867578,93.10885542617666,98.64301453949896,111.48293532893064,111.59095637546916,122.87270138653726,123.21940098251234,153.66824815700838,164.05747149247125,36.7953105153172,27.259807557048855,7.129787339978428,36.23850462949394,19.918849226051467,91.94168229778239,101.25897763530051,62.38566114916836,76.94857379943399,110.58971316302932,114.7506885214669,123.96445035744168,131.5276143734964,139.68893781407556,146.19495460692207
6120502430,52.38897595762378,33.03569259167765,46.33142658403571,39.448686444331926,24.46223717357954,23.227357338099583,25.16392163464274,24.266860324144385,24.127467223944308,48.47264352831233,31.591248160227106,5.206980541609744,4.0840137448777485,0.0,0.33276544393615776,22.024720564638695,32.878792659024775,67.8646784742696,73.7110089027672,84.5860757688789,82.30598487548754,27.884812142676207,60.35530708569562,40.77887406011627,58.77169252358901,42.23326669221025,47.01970371428215,47.06417841123295,50.50504648707236,57.48456389127471,57.38693888134855,64.20503134805304,85.42086997604532,88.59104627108015,80.90585331516668,72.37607237792173,105.40502879115292,109.70511103321707,77.02248616835962,77.53279857922394,83.68851814010243,79.7355129144064,79.11699518180538,84.88815228422817,89.73735525233728,89.91038411598002,95.46039815116922,107.95969187814586,108.07430951687742,119.31854666072152,120.41493257041205,150.18527420661283,160.64561397251927,36.409650970809366,27.577632822867812,11.194722238917684,39.766751215419696,16.485990555105236,88.10052396405608,97.43059162914379,58.3169064824264,73.03633676719015,107.49484858406491,111.72478703382593,120.54029167122825,128.13960212115038,136.3048386713306,142.7357131767684
6120502520,52.71620061421648,33.36292315712482,46.66046184440316,39.779882009575026,24.744526584477047,23.366271378405422,25.175970117441636,24.21061457128369,24.0687448837987,48.28004027571688,31.41913478601542,5.232788585727168,4.052258317293765,0.33276544393615776,0.0,22.03675660088031,32.886724986482996,68.00051189857135,73.85241293834721,84.740260493279,82.45391184819978,27.655280733254045,60.43555485009144,40.70134041426333,58.82295197143169,42.15728334804585,46.97273624547843,47.01486020049038,50.45618043024606,57.43947844595411,57.338807455464554,64.13134151978947,85.41640140049824,88.60147108972666,80.87495699199988,72.27752124522269,105.43121127135186,109.74171652339992,76.90840995829679,77.4201398701796,83.59162374033221,79.58527720027205,78.944936642283,84.70184339686506,89.56510389455447,89.73723253136728,95.28565442628813,107.82946955463039,107.9430986808412,119.19328881832756,120.20341393610008,150.04981608655322,160.5003624616301,36.740854712692425,27.896832261260336,11.179999555211998,39.56958190040959,16.328997922037175,88.25779694102015,97.59031205570754,58.33341283643937,72.9831522334972,107.31091264657464,111.53385094086703,120.39611804060262,127.99070886040214,136.15556493801608,142.59677421218262
6120505910,52.385464735311736,42.43812380085992,47.62614553058336,42.69136057504984,40.38540769364538,44.09825690203331,47.16872661197348,46.16523588123319,46.01294517030247,67.87643666329248,51.87569622949565,27.220035825016325,26.08880606865375,22.024720564638695,22.03675660088031,0.0,10.857306824756897,48.22174072000756,54.205865229428674,65.47606471818347,62.96197605507211,20.0429621765657,39.10109382850193,20.38936875334114,37.013133910621875,21.731917095684366,25.611206475457205,25.705968965725628,29.09951920411795,35.95549881534693,35.914127970431146,43.24632472290748,63.424872642733625,66.56633572213246,59.11176802281571,52.04640681869462,83.41312294837215,87.76868135895427,57.162021423673735,57.61744230113295,63.21846405099019,61.30800271262719,61.787969709859,68.24638472554697,72.24371666084308,72.46138717468742,78.02142845804484,88.44188729036729,88.59232466391852,99.5691820755787,104.8426374420559,130.69245070527225,141.4904623175003,43.828061161874245,39.46432417410343,33.21599468042521,59.189019351638414,11.396866786633712,69.08556764494348,78.43716529614545,36.298011620165475,51.584206607512904,90.4119499503917,94.98907375648851,101.49088314481322,109.24460601111458,117.38974876978675,123.39309833962042
6120508230,55.9832671257685,50.286204680139896,52.10199995345333,48.33261989698055,50.10312766969796,54.77693825685621,58.026026762602974,56.97187045718877,56.816011780444995,77.83978184857767,62.22608656059435,38.07639831187207,36.93777583607961,32.878792659024775,32.886724986482996,10.857306824756897,0.0,39.69063600434547,45.658759248566454,57.051607142392044,54.39402951405442,23.675974640114635,29.196649195495006,12.29236304953128,26.54455775858899,13.263010844037307,15.537120879727256,15.696511953272353,18.92709224523817,25.539456505065555,25.554319173400522,33.27176056262003,52.57324826098635,55.71523229560164,48.38405429007557,42.474779655473625,72.60767540238054,77.01584335402947,47.8825209655854,48.2907001715395,53.42616754227952,53.01128519153663,54.255842473818966,61.04602131000653,64.4068339876837,64.65080870077318,70.13918556612285,79.12493325145451,79.29737487738137,90.05357699693492,97.82191171193197,121.2328765833588,132.1990190524224,50.93743549792682,48.21063788167844,44.06672351285301,69.22813765200083,20.28512690484691,60.68279885216545,69.94267646021432,25.46762788546938,41.12852815355815,82.6145281935013,87.36089472591055,92.39761560280853,100.20897483595822,108.30900825718763,114.04054413581652
6120508880,57.67209865763439,68.22244683043799,58.01631461573612,59.33618175757645,75.35491368318374,85.11048726867314,91.2002703186226,91.61074890062227,91.50555596818153,115.76202475553033,99.2742129290602,72.55844159054638,71.79634990360972,67.8646784742696,68.00051189857135,48.22174072000756,39.69063600434547,0.0,5.9926508984453575,17.364034449520076,14.756739275388215,62.88523743221388,13.597724896233052,43.44072508432857,19.079597561404377,42.829709501823885,37.692745308825806,38.00384750444638,37.16168426389038,35.87708451933453,36.40813746971543,41.94336521406941,37.16489723675147,36.42739304973741,39.81301857634393,49.65539255524334,47.25759392346095,49.580301331871745,55.08349078555938,55.04681611101422,55.10688055110943,64.33631611845864,68.82404550536158,75.65532753529327,75.57796478331349,75.90400928139071,80.13433410341824,79.26387543606297,79.57163769771734,87.30916512723508,108.67711486389432,116.32905463324134,127.93435906186767,66.12575134172523,69.8630357141457,78.44394896292526,107.02913692449208,59.32181122668578,20.99484737515914,30.288407523600668,25.11995290705851,40.66170978306458,91.33160063558628,96.37795263611508,92.49623234346329,99.94098080006998,107.05809567636588,110.42323923296503
6120509040,60.74019040382883,72.8301653212274,61.606894585284174,63.46119839120943,80.50104327575987,90.57783338217209,96.85005218249071,97.36116822391203,97.25964272033211,121.69329322948458,105.16542456488693,78.36043978626216,77.62127665376319,73.7110089027672,73.85241293834721,54.205865229428674,45.658759248566454,5.9926508984453575,0.0,11.396785724114718,8.764120290930201,68.77706492283886,18.672996149911743,49.056359675513285,23.930262585527377,48.38275004904528,43.052455892133594,43.35400653017926,42.27148136978713,40.36000930736897,40.898309214190355,45.75679740710007,37.45665369689413,35.92087576404754,41.22436469853269,52.8224666474104,44.70736812380849,46.459150181544764,57.99981725166753,57.905896636830114,57.25552012740554,67.45389374450983,72.22107858416632,78.9039133278056,78.38901237734662,78.7187009380424,82.69451363096151,80.43405840434582,80.75565257264702,87.87609155384798,110.9368050439361,116.16801712776878,127.76795875196918,70.50921764278117,74.77842406170501,84.21778900141102,112.95803981123073,65.31427691330292,15.027230040601657,24.299585759782573,29.71183258691366,43.344429390324954,93.51996009636568,98.53339921930468,93.41323485893973,100.69172444579704,107.56713323440482,110.52653087200702
6120509300,66.64948094345989,81.32317377895794,68.41771466210186,71.1834463231158,89.9466963337502,100.61831626752118,107.25716230735762,107.98811837158225,107.89496448044773,132.7567560990252,116.12400935086575,89.12795331806201,88.44180487728639,84.5860757688789,84.740260493279,65.47606471818347,57.051607142392044,17.364034449520076,11.396785724114718,0.0,2.8844112813053333,80.15518194391288,29.626044667281587,60.22804101288514,34.5970088667786,59.49741345025912,53.99604183999992,54.28676725830801,52.96297916006729,50.375435786405944,50.914900151310775,54.86949878004769,41.68917915681093,38.88118786798574,47.06274211295136,60.938930300443644,43.13668699175935,43.539203203621454,65.66943015166666,65.49251532496542,63.777827887944625,75.29643996646487,80.43090794826027,86.83419251828722,85.65129107656112,85.98356215963852,89.5216515406969,84.98796513661658,85.32922636173217,91.28574862161014,117.07020045704665,117.99391960975616,129.508940098215,78.61661287222674,83.82118142103015,94.91397142845418,124.01742713709595,76.63979124305268,3.631191790277895,12.961153102204507,40.019745241344204,50.98272035913372,99.65224325220827,104.57318835786309,97.38295554828514,104.30031796835775,110.68603934372403,112.88339492275304
6120509440,65.98320889568573,79.92125934586522,67.50142474101051,70.00538679937902,88.23653842103275,98.69706542647528,105.19208179145767,105.82869711055272,105.73178948218319,130.3825029026518,113.80630197208856,86.90033616880292,86.18901079683774,82.30598487548754,82.45391184819978,62.96197605507211,54.39402951405442,14.756739275388215,8.764120290930201,2.8844112813053333,0.0,77.41577900950617,26.7751946903116,57.39606299079928,31.720147016348783,56.65419818842921,51.13139030343104,51.421016936186966,50.082611582251175,47.499554153259744,48.03911541723397,52.05395189739838,39.51471896229617,36.92397071739172,44.64445730302236,58.23203196845771,42.21376856285242,42.96936326809861,63.023410183925925,62.85724405000622,61.29204072935393,72.63650490331896,77.72787972220343,84.17031850432198,83.07882561028417,83.4109585991548,87.01672946588279,82.86409218329662,83.20213656153874,89.38856741051094,114.6931556891603,116.45153076540329,127.9932442336564,77.33210887498382,82.2434049883078,92.72056398809544,121.64498865096135,74.07835619493186,6.394330956333257,15.54881776806201,37.13547752533584,48.320560939882334,97.26524452781464,102.20482335838712,95.38274035804997,102.37700180061823,108.86625563361913,111.22330784554187
6120509550,71.61470430715913,58.02183889898341,66.44663994743455,60.797698039009866,51.96058164634329,50.37570370698936,49.50776405711835,46.50092694721091,46.289737004523225,60.208555243344364,47.1561529665879,31.98519730571851,30.586197278130847,27.884812142676207,27.655280733254045,20.0429621765657,23.675974640114635,62.88523743221388,68.77706492283886,80.15518194391288,77.41577900950617,0.0,51.18378248971446,21.773934402701887,47.31927836228308,23.033715657659215,29.236689260970714,29.088164274196714,32.0551101356388,38.54113241513538,38.227875134285355,42.75581037107995,67.74217032643179,71.87412120872409,61.54645256239323,49.0283550205184,89.3081994948301,94.27276063621257,52.69383720328409,53.26708836436312,60.13489237314262,53.67373316096162,52.26245559718604,57.59628021267939,62.818564571460044,62.963555373197345,68.44487749763275,82.4754362382629,82.54769909127631,93.97122767550569,92.63370378639141,124.304618895512,134.3887843566696,60.38086347406376,53.619209085853456,36.423939292637144,52.24202483637805,12.731557148979885,83.77626043496169,92.91157239403526,44.06044711178686,52.501523415898546,80.206378256289,84.27383201318506,94.43625784614876,101.83869965838711,109.96673823092561,116.74711412576914
6120510580,61.51839784130372,67.12412745985363,60.46844293306218,60.14849256986605,71.91687190491899,79.92861640149586,84.87104601941631,84.58641674948218,84.4550777889322,106.90145737489178,90.97033229698711,65.36634963368023,64.41838590698701,60.35530708569562,60.43555485009144,39.10109382850193,29.196649195495006,13.597724896233052,18.672996149911743,29.626044667281587,26.7751946903116,51.18378248971446,0.0,30.651578145984985,5.5316765545361815,29.883139567970897,24.401819424701582,24.699165143383564,23.629465082963836,22.413087626633427,22.93661320394058,29.045943662627785,31.06429439592633,32.17729212191803,31.115079915740576,37.47676168618215,46.8994541441414,50.50629100465231,43.17672196316199,43.22439029365,44.415793501909874,52.04458030483568,56.15942697743589,63.123295548323135,63.59913337928925,63.917837955554646,68.46810535313311,69.85288807544246,70.13178702935059,78.9019130498998,97.27238363412853,109.03788661391636,120.57172815436994,65.87730236574576,67.53390063956468,71.39428729297403,98.24301538213908,49.461751370135524,33.161307523462696,42.00709224716783,11.677011160914573,29.48422702628399,80.12567710849311,85.188628232681,83.38375693564417,91.05787283370807,98.55776883527237,102.66336214271514
6120511390,68.16058860167135,62.1249583339533,64.37649905249376,60.60528859267074,60.774259357677,63.75318240153683,65.60159783021723,63.73669241689974,63.554223028832084,81.20503018870245,66.92851731857326,45.8997618388593,44.603694151953555,40.77887406011627,40.70134041426333,20.38936875334114,12.29236304953128,43.44072508432857,49.056359675513285,60.22804101288514,57.39606299079928,21.773934402701887,30.651578145984985,0.0,26.18164162222613,1.4686571460455518,7.475362573625272,7.347205229350274,10.522093029272899,17.39738013236618,17.18255323092231,23.436045073146197,46.54649909606361,50.448479809755774,40.97028690518299,31.786286577258608,67.84572217796625,72.70966843997097,36.79033298064035,37.25422323590201,43.04424509299754,41.11668712551791,42.06799511421912,48.80072405559038,52.3270278515145,52.56208522973096,58.08331426053735,68.05834754998139,68.20687117131362,79.21482131724702,85.57392404641645,110.31830948865365,121.10130434114852,63.00027625597182,59.626579927900195,51.584393209005846,72.93183660685868,25.213416520435054,63.78907162430791,72.65191936787946,22.375205165679915,32.52543964065866,70.5408624997477,75.23685931114356,81.10681231919934,88.86790182825133,97.00907008858213,103.0075930581635
6120511400,64.59978856991542,68.326621698499,63.08357711648884,62.17412103969458,72.0969228930781,79.26736692950847,83.64579351237639,83.03329577442145,82.8902213486485,104.34652284460051,88.75655039182331,63.88546032230096,62.85523916267027,58.77169252358901,58.82295197143169,37.013133910621875,26.54455775858899,19.079597561404377,23.930262585527377,34.5970088667786,31.720147016348783,47.31927836228308,5.5316765545361815,26.18164162222613,0.0,25.27656147470452,19.494848165471495,19.771585911457393,18.38175308526365,16.88268331844973,17.40553257890558,23.694312664737097,29.159230506906948,31.098335816187223,27.897795800167685,32.397140805981536,47.002047895932755,51.051059938914655,38.18303449985461,38.26733446954595,39.960306204408354,46.85686461322384,50.82615105221448,57.82598458203499,58.50284875301876,58.81805070142295,63.480213455446666,65.77702020662817,66.04240133042308,75.1991486920084,92.3320518803998,105.67676772249968,117.15175952669154,67.42886907378949,68.22974120667416,69.92598596186544,95.75616648552923,46.751343229883595,38.06123009563251,46.670825551170736,6.166068878607281,24.99778324360757,75.28842999472158,80.34746885214555,79.37139790515758,87.11145806077714,94.74187303632505,99.1328118275124
6120511580,68.94458864920102,63.30186347597712,65.25199601517444,61.59289151030867,62.11462474323569,65.19057967361834,67.06748579766729,65.20523907481908,65.02272677397171,82.59716738929075,68.36881281839845,47.358154121917444,46.06400552469943,42.23326669221025,42.15728334804585,21.731917095684366,13.263010844037307,42.829709501823885,48.38275004904528,59.49741345025912,56.65419818842921,23.033715657659215,29.883139567970897,1.4686571460455518,25.27656147470452,0.0,6.2177530791489435,6.056494801296184,9.127409175436199,15.959230187230718,15.736164395470679,21.976100543814706,45.13578966697769,49.06775606404852,39.517733680275065,30.380766556069688,66.47450882986305,71.35821536146277,35.4305639583338,35.88822215569234,41.624868768417215,39.91517177607086,40.999945074189185,47.783567012631046,51.19896372062765,51.43825232521497,56.94562223013239,66.71074014145255,66.86217874837354,77.84525817409789,84.55926223448192,108.96121336755229,119.76598859683635,64.1127092898531,60.88112869305497,53.04869082044831,74.34015565451578,26.68154385379988,63.043051336663595,71.84871718506352,21.25695826004492,31.057483524488934,69.41268780599799,74.13327116838299,79.79169906592904,87.5616160855692,95.6978980317493,101.66263531440383
6120511930,69.04576873564818,65.61254980641033,65.8363184179199,62.795989282440786,65.59727738664866,69.64318394334506,72.07430857949375,70.46054183345484,70.28514523894502,88.59011676494698,74.12129060380656,52.203581682246366,50.955770653293186,47.01970371428215,46.97273624547843,25.611206475457205,15.537120879727256,37.692745308825806,43.052455892133594,53.99604183999992,51.13139030343104,29.236689260970714,24.401819424701582,7.475362573625272,19.494848165471495,6.2177530791489435,0.0,0.338459177113434,3.4957115802076277,10.470060244050446,10.36832917817536,17.747907850586802,39.27040910629769,43.06745453633154,34.02666853739424,26.971286546781773,60.438207646084386,65.2690722437281,32.47346742236825,32.85887542311535,37.88971038308534,38.25234796026775,40.22202851425644,47.2369371042659,49.927651548970815,50.19286896155655,55.56750331164264,63.645028063272264,63.823669563674294,74.52746557282352,83.82176839755937,105.70870533844281,116.70277488294455,66.02003593525009,63.72093280792794,58.02620452174338,80.27306507085972,32.07858997001434,57.49913741134264,66.16537114030594,15.10922909721284,26.03716994809306,68.02927702662129,72.88898068595222,76.97941048373089,84.80537044090218,92.88270025174808,98.53578733996945
6120512020,69.32875065955743,65.81113669307314,66.1036208576812,63.04075902926191,65.73470698218695,69.71789533848634,72.10483156032794,70.467818676506,70.2917050699249,88.50354890226792,74.072262423546,52.244618592510854,50.992678468759145,47.06417841123295,47.01486020049038,25.705968965725628,15.696511953272353,38.00384750444638,43.35400653017926,54.28676725830801,51.421016936186966,29.088164274196714,24.699165143383564,7.347205229350274,19.771585911457393,6.056494801296184,0.338459177113434,0.0,3.441764908180054,10.443943324261657,10.325104259522252,17.61131349260431,39.32477082685882,43.1482217846375,34.02534560592479,26.792065524606556,60.528215665825,65.37232204006658,32.27332127336869,32.66280051894827,37.73769812894817,37.997175390637935,39.93745074685833,46.94754135747362,49.661963848006856,49.926340044716106,55.30687673969598,63.461169318229,63.63838038898264,74.35924015143868,83.54318937965876,105.5396211528976,116.52392008125163,66.23681105520943,63.893248155765406,58.05729319418418,80.19702647317692,32.062970372425426,57.7868372125398,66.44233623144422,15.329225417202835,25.979468637275676,67.77091915596426,72.62623431858391,76.78422743241414,84.60821396700011,92.68926344736299,98.35923911542004
6120512630,71.57148369443892,68.82344756003036,68.54530298931354,65.71363922220357,69.02162428488856,73.13865041440634,75.54599990168084,73.89694287828638,73.72021547996843,91.72264604987713,77.40775916658362,55.68610811006196,54.434442177681625,50.50504648707236,50.45618043024606,29.09951920411795,18.92709224523817,37.16168426389038,42.27148136978713,52.96297916006729,50.082611582251175,32.0551101356388,23.629465082963836,10.522093029272899,18.38175308526365,9.127409175436199,3.4957115802076277,3.441764908180054,0.0,7.008747235137086,6.883339388584409,14.353084596920668,36.02677384742918,39.94088592060993,30.60789080643775,23.72509354471551,57.35101420618585,62.25167750605551,29.33038110643796,29.69184449374843,34.52488889568554,35.52990540995779,37.85102360976966,44.923290097070634,47.299829278739146,47.57424121275879,52.8784216278875,60.39703273071155,60.58234892295657,71.21095041415134,81.32335178353037,102.39231723509432,113.42523873328898,69.13168661993105,67.04420295560358,61.49859878718579,83.45378516442787,35.46860052021788,56.40204871318472,64.8652217661277,13.245354424552254,22.543316671006746,65.30734748752172,70.2101976538811,73.78424245541979,81.6191011500321,89.67579525937225,95.24992511879807
6120513850,76.03207034835013,74.82631070658506,73.41058018148428,71.04532728375592,75.60071835275538,80.04009661621726,82.54423553156468,80.90547143282012,80.72862516407534,98.47833452841475,84.32581080340374,62.67092511127214,61.42514184243001,57.48456389127471,57.43947844595411,35.95549881534693,25.539456505065555,35.87708451933453,40.36000930736897,50.375435786405944,47.499554153259744,38.54113241513538,22.413087626633427,17.39738013236618,16.88268331844973,15.959230187230718,10.470060244050446,10.443943324261657,7.008747235137086,0.0,0.5399400654000743,8.550802461633879,29.242290615917085,33.337669699337226,23.610488048644267,18.262822889594815,50.77276010814243,55.77902412306001,24.127969588252764,24.39702732394168,28.414552217258297,31.53144903202422,34.77015126488445,41.86736445682288,43.388976574240154,43.68510835781792,48.747325093218215,54.59047691614087,54.79704150808163,65.15081392658864,77.52459218928807,96.29614017416262,107.44512284928521,74.8961610452614,73.33524474679481,68.49618325204212,90.2657942771644,42.4659578247224,53.64767712134435,61.632198241836655,10.759923792987397,15.629262236881665,61.004761072841355,65.99714673650378,68.11054255674765,75.95679517069198,83.93776455318746,89.25904932901774
6120513920,76.32605526286312,74.95944812098104,73.6693216561463,71.25815916298832,75.6369398967105,79.9855010360589,82.42827484964579,80.75813288121284,80.58033950953349,98.20557551150112,84.10398522618216,62.569001041055245,61.317780362058855,57.38693888134855,57.338807455464554,35.914127970431146,25.554319173400522,36.40813746971543,40.898309214190355,50.914900151310775,48.03911541723397,38.227875134285355,22.93661320394058,17.18255323092231,17.40553257890558,15.736164395470679,10.36832917817536,10.325104259522252,6.883339388584409,0.5399400654000743,0.0,8.293410079645028,29.530014461634448,33.66613010177284,23.794402143667504,18.001723533402696,51.1002428940586,56.12390808293343,23.847870259117744,24.127624912858074,28.26107013061806,31.15396591188325,34.33807729461765,41.438534114791565,43.01391304184785,43.308683788219405,48.39082459390383,54.40392398374682,54.60766852494615,65.0032985797898,77.15224487689514,96.15788940983472,107.29022779350764,75.06051081573568,73.42475599472031,68.38114046023665,90.00807032650842,42.29708153267993,54.186213437254935,62.165506928756216,11.289394565704633,15.678482025802124,60.66570756236419,65.65241744999202,67.90959313873033,75.75572458700665,83.7474657831204,89.10424484839592
