,6120495610,6120495920,6120495930,6120496480,6120496700,6120496990,6120497570,6120498830,6120498980,6120500310,6120500430,6120501590,6120501870,6120502430,6120502520,6120505910,6120508230,6120508880,6120509040,6120509300,6120509440,6120509550,6120510580,6120511390,6120511400,6120511580,6120511930,6120512020,6120512630,6120513850,6120513920,6120515890,6120517560,6120517570,6120517890,6120518290,6120519540,6120519550,6120519630,6120519710,6120520530,6120520930,6120521250,6120522690,6120523540,6120523640,6120524850,6120526470,6120526600,6120528990,6120531120,6120535820,6120538300,6121157490,6121158040,6121159720,6121159770,6121162000,6121163070,6121163350,6121164310,6121166340,6121170610,6121171030,6121171380,6121172160,6121172900,6121173250
6120495610,0.0,307.31591796875,360.870361328125,362.8670654296875,250.376953125,217.8731689453125,70.3546142578125,169.95263671875,169.95263671875,200.0401611328125,476.911865234375,3.466064453125,3.466064453125,70.245361328125,70.245361328125,85.8865966796875,243.1497802734375,16.2724609375,26.8460693359375,154.6702880859375,161.2340087890625,752.379638671875,208.4951171875,656.33203125,322.22705078125,656.33203125,334.245849609375,334.245849609375,275.839599609375,293.367919921875,293.367919921875,646.6083984375,180.5733642578125,241.0177001953125,55.6573486328125,845.64794921875,126.971923828125,156.670654296875,698.172607421875,698.172607421875,707.562744140625,1064.328369140625,1128.256103515625,560.585693359375,536.5859375,536.5859375,454.142333984375,124.05322265625,124.05322265625,370.36669921875,884.4970703125,1259.0224609375,1323.55419921875,316.5872802734375,341.443115234375,177.6151123046875,474.89990234375,186.5518798828125,250.1099853515625,147.167724609375,209.409423828125,430.4892578125,1008.388427734375,917.37939453125,358.775634765625,492.697509765625,763.4833984375,954.09765625
6120495920,307.31591796875,0.0,53.554443359375,55.5511474609375,56.93896484375,89.4427490234375,377.6705322265625,477.2685546875,477.2685546875,507.3560791015625,784.227783203125,310.781982421875,310.781982421875,237.070556640625,237.070556640625,221.4293212890625,64.1661376953125,291.04345703125,280.4698486328125,152.6456298828125,146.0819091796875,1059.695556640625,98.82080078125,963.64794921875,14.9111328125,963.64794921875,26.929931640625,26.929931640625,583.155517578125,600.683837890625,600.683837890625,953.92431640625,126.7425537109375,66.2982177734375,362.9732666015625,1152.9638671875,434.287841796875,463.986572265625,1005.488525390625,1005.488525390625,1014.878662109375,1371.644287109375,1435.572021484375,867.901611328125,843.90185546875,843.90185546875,761.458251953125,431.369140625,431.369140625,677.6826171875,1191.81298828125,1566.33837890625,1630.8701171875,9.2713623046875,34.127197265625,129.7008056640625,782.2158203125,493.8677978515625,57.2059326171875,160.148193359375,97.906494140625,737.80517578125,1315.704345703125,1224.6953125,666.091552734375,800.013427734375,1070.79931640625,1261.41357421875
6120495930,360.870361328125,53.554443359375,0.0,1.9967041015625,110.493408203125,142.9971923828125,431.2249755859375,530.822998046875,530.822998046875,560.9105224609375,837.7822265625,364.33642578125,364.33642578125,290.625,290.625,274.9837646484375,117.7205810546875,344.597900390625,334.0242919921875,206.2000732421875,199.6363525390625,1113.25,152.375244140625,1017.202392578125,38.643310546875,1017.202392578125,26.62451171875,26.62451171875,636.7099609375,654.23828125,654.23828125,1007.478759765625,180.2969970703125,119.8526611328125,416.5277099609375,1206.518310546875,487.84228515625,517.541015625,1059.04296875,1059.04296875,1068.43310546875,1425.19873046875,1489.12646484375,921.4560546875,897.456298828125,897.456298828125,815.0126953125,484.923583984375,484.923583984375,731.237060546875,1245.367431640625,1619.892822265625,1684.424560546875,44.2830810546875,19.42724609375,183.2552490234375,835.770263671875,547.4222412109375,110.7603759765625,213.70263671875,151.4609375,791.359619140625,1369.2587890625,1278.249755859375,719.64599609375,853.56787109375,1124.353759765625,1314.968017578125
6120496480,362.8670654296875,55.5511474609375,1.9967041015625,0.0,112.4901123046875,144.993896484375,433.2216796875,532.8197021484375,532.8197021484375,562.9072265625,839.7789306640625,366.3331298828125,366.3331298828125,292.6217041015625,292.6217041015625,276.98046875,119.71728515625,346.5946044921875,336.02099609375,208.19677734375,201.633056640625,1115.2467041015625,154.3719482421875,1019.1990966796875,40.6400146484375,1019.1990966796875,28.6212158203125,28.6212158203125,638.7066650390625,656.2349853515625,656.2349853515625,1009.4754638671875,182.293701171875,121.849365234375,418.5244140625,1208.5150146484375,489.8389892578125,519.5377197265625,1061.0396728515625,1061.0396728515625,1070.4298095703125,1427.1954345703125,1491.1231689453125,923.4527587890625,899.4530029296875,899.4530029296875,817.0093994140625,486.9202880859375,486.9202880859375,733.2337646484375,1247.3641357421875,1621.8895263671875,1686.4212646484375,46.27978515625,21.4239501953125,185.251953125,837.7669677734375,549.4189453125,112.757080078125,215.6993408203125,153.4576416015625,793.3563232421875,1371.2554931640625,1280.2464599609375,721.6427001953125,855.5645751953125,1126.3504638671875,1316.9647216796875
6120496700,250.376953125,56.93896484375,110.493408203125,112.4901123046875,0.0,32.5037841796875,320.7315673828125,420.32958984375,420.32958984375,450.4171142578125,727.288818359375,253.843017578125,253.843017578125,180.131591796875,180.131591796875,164.4903564453125,7.2271728515625,234.1044921875,223.5308837890625,95.7066650390625,89.1429443359375,1002.756591796875,41.8818359375,906.708984375,71.85009765625,906.708984375,83.868896484375,83.868896484375,526.216552734375,543.744873046875,543.744873046875,896.9853515625,69.8035888671875,9.3592529296875,306.0343017578125,1096.02490234375,377.348876953125,407.047607421875,948.549560546875,948.549560546875,957.939697265625,1314.705322265625,1378.633056640625,810.962646484375,786.962890625,786.962890625,704.519287109375,374.43017578125,374.43017578125,620.74365234375,1134.8740234375,1509.3994140625,1573.93115234375,66.2103271484375,91.066162109375,72.7618408203125,725.27685546875,436.9288330078125,0.2669677734375,103.209228515625,40.967529296875,680.8662109375,1258.765380859375,1167.75634765625,609.152587890625,743.074462890625,1013.8603515625,1204.474609375
6120496990,217.8731689453125,89.4427490234375,142.9971923828125,144.993896484375,32.5037841796875,0.0,288.227783203125,387.8258056640625,387.8258056640625,417.913330078125,694.7850341796875,221.3392333984375,221.3392333984375,147.6278076171875,147.6278076171875,131.986572265625,25.276611328125,201.6007080078125,191.027099609375,63.202880859375,56.63916015625,970.2528076171875,9.3780517578125,874.2052001953125,104.3538818359375,874.2052001953125,116.3726806640625,116.3726806640625,493.7127685546875,511.2410888671875,511.2410888671875,864.4815673828125,37.2998046875,23.14453125,273.530517578125,1063.5211181640625,344.8450927734375,374.5438232421875,916.0457763671875,916.0457763671875,925.4359130859375,1282.2015380859375,1346.1292724609375,778.4588623046875,754.4591064453125,754.4591064453125,672.0155029296875,341.9263916015625,341.9263916015625,588.2398681640625,1102.3702392578125,1476.8956298828125,1541.4273681640625,98.714111328125,123.5699462890625,40.258056640625,692.7730712890625,404.425048828125,32.23681640625,70.7054443359375,8.4637451171875,648.3624267578125,1226.2615966796875,1135.2525634765625,576.6488037109375,710.5706787109375,981.3565673828125,1171.9708251953125
6120497570,70.3546142578125,377.6705322265625,431.2249755859375,433.2216796875,320.7315673828125,288.227783203125,0.0,99.5980224609375,99.5980224609375,129.685546875,406.5572509765625,66.8885498046875,66.8885498046875,140.5999755859375,140.5999755859375,156.2412109375,313.50439453125,86.6270751953125,97.20068359375,225.02490234375,231.588623046875,682.0250244140625,278.8497314453125,585.9774169921875,392.5816650390625,585.9774169921875,404.6004638671875,404.6004638671875,205.4849853515625,223.0133056640625,223.0133056640625,576.2537841796875,250.927978515625,311.372314453125,14.697265625,775.2933349609375,56.6173095703125,86.3160400390625,627.8179931640625,627.8179931640625,637.2081298828125,993.9737548828125,1057.9014892578125,490.2310791015625,466.2313232421875,466.2313232421875,383.7877197265625,53.6986083984375,53.6986083984375,300.0120849609375,814.1424560546875,1188.6678466796875,1253.1995849609375,386.94189453125,411.7977294921875,247.9697265625,404.5452880859375,116.197265625,320.464599609375,217.5223388671875,279.7640380859375,360.1346435546875,938.0338134765625,847.0247802734375,288.4210205078125,422.3428955078125,693.1287841796875,883.7430419921875
6120498830,169.95263671875,477.2685546875,530.822998046875,532.8197021484375,420.32958984375,387.8258056640625,99.5980224609375,0.0,0.0,30.0875244140625,306.959228515625,166.486572265625,166.486572265625,240.197998046875,240.197998046875,255.8392333984375,413.1024169921875,186.22509765625,196.7987060546875,324.6229248046875,331.1866455078125,582.427001953125,378.44775390625,486.37939453125,492.1796875,486.37939453125,504.198486328125,504.198486328125,105.886962890625,123.415283203125,123.415283203125,476.65576171875,350.5260009765625,410.9703369140625,114.2952880859375,675.6953125,42.980712890625,13.281982421875,528.219970703125,528.219970703125,537.610107421875,894.375732421875,958.303466796875,390.633056640625,366.63330078125,366.63330078125,284.189697265625,45.8994140625,45.8994140625,200.4140625,714.54443359375,1089.06982421875,1153.6015625,486.5399169921875,511.395751953125,347.5677490234375,304.947265625,16.5992431640625,420.0626220703125,317.120361328125,379.362060546875,260.53662109375,838.435791015625,747.4267578125,188.822998046875,322.744873046875,593.53076171875,784.14501953125
6120498980,169.95263671875,477.2685546875,530.822998046875,532.8197021484375,420.32958984375,387.8258056640625,99.5980224609375,0.0,0.0,30.0875244140625,306.959228515625,166.486572265625,166.486572265625,240.197998046875,240.197998046875,255.8392333984375,413.1024169921875,186.22509765625,196.7987060546875,324.6229248046875,331.1866455078125,582.427001953125,378.44775390625,486.37939453125,492.1796875,486.37939453125,504.198486328125,504.198486328125,105.886962890625,123.415283203125,123.415283203125,476.65576171875,350.5260009765625,410.9703369140625,114.2952880859375,675.6953125,42.980712890625,13.281982421875,528.219970703125,528.219970703125,537.610107421875,894.375732421875,958.303466796875,390.633056640625,366.63330078125,366.63330078125,284.189697265625,45.8994140625,45.8994140625,200.4140625,714.54443359375,1089.06982421875,1153.6015625,486.5399169921875,511.395751953125,347.5677490234375,304.947265625,16.5992431640625,420.0626220703125,317.120361328125,379.362060546875,260.53662109375,838.435791015625,747.4267578125,188.822998046875,322.744873046875,593.53076171875,784.14501953125
6120500310,200.0401611328125,507.3560791015625,560.9105224609375,562.9072265625,450.4171142578125,417.913330078125,129.685546875,30.0875244140625,30.0875244140625,0.0,276.8717041015625,196.5740966796875,196.5740966796875,270.2855224609375,270.2855224609375,285.9267578125,443.18994140625,216.3126220703125,226.88623046875,354.71044921875,361.274169921875,552.3394775390625,408.5352783203125,456.2918701171875,522.2672119140625,456.2918701171875,534.2860107421875,534.2860107421875,75.7994384765625,93.3277587890625,93.3277587890625,446.5682373046875,380.613525390625,441.057861328125,144.3828125,645.6077880859375,73.0682373046875,43.3695068359375,498.1324462890625,498.1324462890625,507.5225830078125,864.2882080078125,928.2159423828125,360.5455322265625,336.5457763671875,336.5457763671875,254.1021728515625,75.9869384765625,75.9869384765625,170.3265380859375,684.4569091796875,1058.9822998046875,1123.5140380859375,516.62744140625,541.4832763671875,377.6552734375,274.8597412109375,13.48828125,450.150146484375,347.2078857421875,409.4495849609375,230.4490966796875,808.3482666015625,717.3392333984375,158.7354736328125,292.6573486328125,563.4432373046875,754.0574951171875
6120500430,476.911865234375,784.227783203125,837.7822265625,839.7789306640625,727.288818359375,694.7850341796875,406.5572509765625,306.959228515625,306.959228515625,276.8717041015625,0.0,473.44580078125,473.44580078125,547.1572265625,547.1572265625,562.7984619140625,720.0616455078125,493.184326171875,503.7579345703125,631.5821533203125,638.1458740234375,275.4677734375,685.406982421875,179.420166015625,799.138916015625,179.420166015625,811.15771484375,811.15771484375,201.072265625,183.5439453125,183.5439453125,169.696533203125,657.4852294921875,717.9295654296875,421.2545166015625,368.736083984375,349.93994140625,320.2412109375,221.2607421875,221.2607421875,230.65087890625,587.41650390625,651.34423828125,83.673828125,59.674072265625,59.674072265625,22.76953125,352.858642578125,352.858642578125,106.545166015625,407.585205078125,782.110595703125,846.642333984375,793.4991455078125,818.35498046875,654.5269775390625,2.011962890625,290.3599853515625,727.0218505859375,624.07958984375,686.3212890625,46.422607421875,531.4765625,440.467529296875,118.13623046875,15.78564453125,286.571533203125,477.185791015625
6120501590,3.466064453125,310.781982421875,364.33642578125,366.3331298828125,253.843017578125,221.3392333984375,66.8885498046875,166.486572265625,166.486572265625,196.5740966796875,473.44580078125,0.0,0.0,73.71142578125,73.71142578125,89.3526611328125,246.6158447265625,19.738525390625,30.3121337890625,158.1363525390625,164.7000732421875,748.91357421875,211.961181640625,652.865966796875,325.693115234375,652.865966796875,337.7119140625,337.7119140625,272.37353515625,289.90185546875,289.90185546875,643.142333984375,184.0394287109375,244.4837646484375,52.1912841796875,842.181884765625,123.505859375,153.20458984375,694.70654296875,694.70654296875,704.0966796875,1060.8623046875,1124.7900390625,557.11962890625,533.119873046875,533.119873046875,450.67626953125,120.587158203125,120.587158203125,366.900634765625,881.031005859375,1255.556396484375,1320.088134765625,320.0533447265625,344.9091796875,181.0811767578125,471.433837890625,183.0858154296875,253.5760498046875,150.6337890625,212.87548828125,427.023193359375,1004.92236328125,913.913330078125,355.3095703125,489.2314453125,760.017333984375,950.631591796875
6120501870,3.466064453125,310.781982421875,364.33642578125,366.3331298828125,253.843017578125,221.3392333984375,66.8885498046875,166.486572265625,166.486572265625,196.5740966796875,473.44580078125,0.0,0.0,73.71142578125,73.71142578125,89.3526611328125,246.6158447265625,19.738525390625,30.3121337890625,158.1363525390625,164.7000732421875,748.91357421875,211.961181640625,652.865966796875,325.693115234375,652.865966796875,337.7119140625,337.7119140625,272.37353515625,289.90185546875,289.90185546875,643.142333984375,184.0394287109375,244.4837646484375,52.1912841796875,842.181884765625,123.505859375,153.20458984375,694.70654296875,694.70654296875,704.0966796875,1060.8623046875,1124.7900390625,557.11962890625,533.119873046875,533.119873046875,450.67626953125,120.587158203125,120.587158203125,366.900634765625,881.031005859375,1255.556396484375,1320.088134765625,320.0533447265625,344.9091796875,181.0811767578125,471.433837890625,183.0858154296875,253.5760498046875,150.6337890625,212.87548828125,427.023193359375,1004.92236328125,913.913330078125,355.3095703125,489.2314453125,760.017333984375,950.631591796875
6120502430,70.245361328125,237.070556640625,290.625,292.6217041015625,180.131591796875,147.6278076171875,140.5999755859375,240.197998046875,240.197998046875,270.2855224609375,547.1572265625,73.71142578125,73.71142578125,0.0,0.0,15.6412353515625,172.9044189453125,53.972900390625,43.3992919921875,84.4249267578125,90.9886474609375,822.625,138.249755859375,726.577392578125,251.981689453125,726.577392578125,264.00048828125,264.00048828125,346.0849609375,363.61328125,363.61328125,716.853759765625,110.3280029296875,170.7723388671875,125.9027099609375,915.893310546875,197.21728515625,226.916015625,768.41796875,768.41796875,777.80810546875,1134.57373046875,1198.50146484375,630.8310546875,606.831298828125,606.831298828125,524.3876953125,194.298583984375,194.298583984375,440.612060546875,954.742431640625,1329.267822265625,1393.799560546875,246.3419189453125,271.19775390625,107.3697509765625,545.145263671875,256.7972412109375,179.8646240234375,76.92236328125,139.1640625,500.734619140625,1078.6337890625,987.624755859375,429.02099609375,562.94287109375,833.728759765625,1024.343017578125
6120502520,70.245361328125,237.070556640625,290.625,292.6217041015625,180.131591796875,147.6278076171875,140.5999755859375,240.197998046875,240.197998046875,270.2855224609375,547.1572265625,73.71142578125,73.71142578125,0.0,0.0,15.6412353515625,172.9044189453125,53.972900390625,43.3992919921875,84.4249267578125,90.9886474609375,822.625,138.249755859375,726.577392578125,251.981689453125,726.577392578125,264.00048828125,264.00048828125,346.0849609375,363.61328125,363.61328125,716.853759765625,110.3280029296875,170.7723388671875,125.9027099609375,915.893310546875,197.21728515625,226.916015625,768.41796875,768.41796875,777.80810546875,1134.57373046875,1198.50146484375,630.8310546875,606.831298828125,606.831298828125,524.3876953125,194.298583984375,194.298583984375,440.612060546875,954.742431640625,1329.267822265625,1393.799560546875,246.3419189453125,271.19775390625,107.3697509765625,545.145263671875,256.7972412109375,179.8646240234375,76.92236328125,139.1640625,500.734619140625,1078.6337890625,987.624755859375,429.02099609375,562.94287109375,833.728759765625,1024.343017578125
6120505910,85.8865966796875,221.4293212890625,274.9837646484375,276.98046875,164.4903564453125,131.986572265625,156.2412109375,255.8392333984375,255.8392333984375,285.9267578125,562.7984619140625,89.3526611328125,89.3526611328125,15.6412353515625,15.6412353515625,0.0,157.26318359375,69.6141357421875,59.04052734375,68.78369140625,75.347412109375,838.2662353515625,122.6085205078125,742.2186279296875,236.3404541015625,742.2186279296875,248.3592529296875,248.3592529296875,361.7261962890625,379.2545166015625,379.2545166015625,732.4949951171875,94.686767578125,155.131103515625,141.5439453125,931.5345458984375,212.8585205078125,242.5572509765625,784.0592041015625,784.0592041015625,793.4493408203125,1150.2149658203125,1214.1427001953125,646.4722900390625,622.4725341796875,622.4725341796875,540.0289306640625,209.9398193359375,209.9398193359375,456.2532958984375,970.3836669921875,1344.9090576171875,1409.4407958984375,230.70068359375,255.5565185546875,91.728515625,560.7864990234375,272.4384765625,164.223388671875,61.2811279296875,123.5228271484375,516.3758544921875,1094.2750244140625,1003.2659912109375,444.6622314453125,578.5841064453125,849.3699951171875,1039.9842529296875
6120508230,243.1497802734375,64.1661376953125,117.7205810546875,119.71728515625,7.2271728515625,25.276611328125,313.50439453125,413.1024169921875,413.1024169921875,443.18994140625,720.0616455078125,246.6158447265625,246.6158447265625,172.9044189453125,172.9044189453125,157.26318359375,0.0,226.8773193359375,216.3037109375,88.4794921875,81.915771484375,995.5294189453125,34.6546630859375,899.4818115234375,79.0772705078125,899.4818115234375,91.0960693359375,91.0960693359375,518.9893798828125,536.5177001953125,536.5177001953125,889.7581787109375,62.576416015625,2.132080078125,298.80712890625,1088.7977294921875,370.1217041015625,399.8204345703125,941.3223876953125,941.3223876953125,950.7125244140625,1307.4781494140625,1371.4058837890625,803.7354736328125,779.7357177734375,779.7357177734375,697.2921142578125,367.2030029296875,367.2030029296875,613.5164794921875,1127.6468505859375,1502.1722412109375,1566.7039794921875,73.4375,98.2933349609375,65.53466796875,718.0496826171875,429.70166015625,6.960205078125,95.9820556640625,33.7403564453125,673.6390380859375,1251.5382080078125,1160.5291748046875,601.9254150390625,735.8472900390625,1006.6331787109375,1197.2474365234375
6120508880,16.2724609375,291.04345703125,344.597900390625,346.5946044921875,234.1044921875,201.6007080078125,86.6270751953125,186.22509765625,186.22509765625,216.3126220703125,493.184326171875,19.738525390625,19.738525390625,53.972900390625,53.972900390625,69.6141357421875,226.8773193359375,0.0,10.5736083984375,138.3978271484375,144.9615478515625,768.652099609375,192.22265625,672.6044921875,305.95458984375,672.6044921875,317.973388671875,317.973388671875,292.112060546875,309.640380859375,309.640380859375,662.880859375,164.3009033203125,224.7452392578125,71.9298095703125,861.92041015625,143.244384765625,172.943115234375,714.445068359375,714.445068359375,723.835205078125,1080.600830078125,1144.528564453125,576.858154296875,552.8583984375,552.8583984375,470.414794921875,140.32568359375,140.32568359375,386.63916015625,900.76953125,1275.294921875,1339.82666015625,300.3148193359375,325.170654296875,161.3426513671875,491.17236328125,202.8243408203125,233.8375244140625,130.895263671875,193.136962890625,446.76171875,1024.660888671875,933.65185546875,375.048095703125,508.969970703125,779.755859375,970.3701171875
6120509040,26.8460693359375,280.4698486328125,334.0242919921875,336.02099609375,223.5308837890625,191.027099609375,97.20068359375,196.7987060546875,196.7987060546875,226.88623046875,503.7579345703125,30.3121337890625,30.3121337890625,43.3992919921875,43.3992919921875,59.04052734375,216.3037109375,10.5736083984375,0.0,127.82421875,134.387939453125,779.2257080078125,181.6490478515625,683.1781005859375,295.3809814453125,683.1781005859375,307.3997802734375,307.3997802734375,302.6856689453125,320.2139892578125,320.2139892578125,673.4544677734375,153.727294921875,214.171630859375,82.50341796875,872.4940185546875,153.8179931640625,183.5167236328125,725.0186767578125,725.0186767578125,734.4088134765625,1091.1744384765625,1155.1021728515625,587.4317626953125,563.4320068359375,563.4320068359375,480.9884033203125,150.8992919921875,150.8992919921875,397.2127685546875,911.3431396484375,1285.8685302734375,1350.4002685546875,289.7412109375,314.5970458984375,150.76904296875,501.7459716796875,213.39794921875,223.263916015625,120.3216552734375,182.5633544921875,457.3353271484375,1035.2344970703125,944.2254638671875,385.6217041015625,519.5435791015625,790.3294677734375,980.9437255859375
6120509300,154.6702880859375,152.6456298828125,206.2000732421875,208.19677734375,95.7066650390625,63.202880859375,225.02490234375,324.6229248046875,324.6229248046875,354.71044921875,631.5821533203125,158.1363525390625,158.1363525390625,84.4249267578125,84.4249267578125,68.78369140625,88.4794921875,138.3978271484375,127.82421875,0.0,6.563720703125,907.0499267578125,53.8248291015625,811.0023193359375,167.5567626953125,811.0023193359375,179.5755615234375,179.5755615234375,430.5098876953125,448.0382080078125,448.0382080078125,801.2786865234375,25.903076171875,86.347412109375,210.32763671875,1000.3182373046875,281.6422119140625,311.3409423828125,852.8428955078125,852.8428955078125,862.2330322265625,1218.9986572265625,1282.9263916015625,715.2559814453125,691.2562255859375,691.2562255859375,608.8126220703125,278.7235107421875,278.7235107421875,525.0369873046875,1039.1673583984375,1413.6927490234375,1478.2244873046875,161.9169921875,186.7728271484375,22.94482421875,629.5701904296875,341.22216796875,95.439697265625,7.5025634765625,54.7391357421875,585.1595458984375,1163.0587158203125,1072.0496826171875,513.4459228515625,647.3677978515625,918.1536865234375,1108.7679443359375
6120509440,161.2340087890625,146.0819091796875,199.6363525390625,201.633056640625,89.1429443359375,56.63916015625,231.588623046875,331.1866455078125,331.1866455078125,361.274169921875,638.1458740234375,164.7000732421875,164.7000732421875,90.9886474609375,90.9886474609375,75.347412109375,81.915771484375,144.9615478515625,134.387939453125,6.563720703125,0.0,913.6136474609375,47.2611083984375,817.5660400390625,160.9930419921875,817.5660400390625,173.0118408203125,173.0118408203125,437.0736083984375,454.6019287109375,454.6019287109375,807.8424072265625,19.33935546875,79.78369140625,216.891357421875,1006.8819580078125,288.2059326171875,317.9046630859375,859.4066162109375,859.4066162109375,868.7967529296875,1225.5623779296875,1289.4901123046875,721.8197021484375,697.8199462890625,697.8199462890625,615.3763427734375,285.2872314453125,285.2872314453125,531.6007080078125,1045.7310791015625,1420.2564697265625,1484.7882080078125,155.353271484375,180.2091064453125,16.381103515625,636.1339111328125,347.785888671875,88.8759765625,14.0662841796875,48.1754150390625,591.7232666015625,1169.6224365234375,1078.6134033203125,520.0096435546875,653.9315185546875,924.7174072265625,1115.3316650390625
6120509550,752.379638671875,1059.695556640625,1113.25,1115.2467041015625,1002.756591796875,970.2528076171875,682.0250244140625,582.427001953125,582.427001953125,552.3394775390625,275.4677734375,748.91357421875,748.91357421875,822.625,822.625,838.2662353515625,995.5294189453125,768.652099609375,779.2257080078125,907.0499267578125,913.6136474609375,0.0,960.874755859375,96.047607421875,1074.606689453125,96.047607421875,1086.62548828125,1086.62548828125,476.5400390625,459.01171875,459.01171875,105.771240234375,932.9530029296875,993.3973388671875,696.7222900390625,93.268310546875,625.40771484375,595.708984375,54.20703125,54.20703125,44.81689453125,311.94873046875,375.87646484375,191.7939453125,215.793701171875,215.793701171875,298.2373046875,628.326416015625,628.326416015625,382.012939453125,132.117431640625,506.642822265625,571.174560546875,1068.9669189453125,1093.82275390625,929.9947509765625,277.479736328125,565.8277587890625,1002.4896240234375,899.54736328125,961.7890625,321.890380859375,256.0087890625,164.999755859375,393.60400390625,259.68212890625,11.103759765625,201.718017578125
6120510580,208.4951171875,98.82080078125,152.375244140625,154.3719482421875,41.8818359375,9.3780517578125,278.8497314453125,378.44775390625,378.44775390625,408.5352783203125,685.406982421875,211.961181640625,211.961181640625,138.249755859375,138.249755859375,122.6085205078125,34.6546630859375,192.22265625,181.6490478515625,53.8248291015625,47.2611083984375,960.874755859375,0.0,864.8271484375,113.73193359375,864.8271484375,125.750732421875,125.750732421875,484.334716796875,501.863037109375,501.863037109375,855.103515625,27.9217529296875,32.5225830078125,264.1524658203125,1054.14306640625,335.467041015625,365.165771484375,906.667724609375,906.667724609375,916.057861328125,1272.823486328125,1336.751220703125,769.080810546875,745.0810546875,745.0810546875,662.637451171875,332.54833984375,332.54833984375,578.86181640625,1092.9921875,1467.517578125,1532.04931640625,108.0921630859375,132.947998046875,30.8800048828125,683.39501953125,395.0469970703125,41.6148681640625,61.327392578125,0.914306640625,638.984375,1216.883544921875,1125.87451171875,567.270751953125,701.192626953125,971.978515625,1162.5927734375
6120511390,656.33203125,963.64794921875,1017.202392578125,1019.1990966796875,906.708984375,874.2052001953125,585.9774169921875,486.37939453125,486.37939453125,456.2918701171875,179.420166015625,652.865966796875,652.865966796875,726.577392578125,726.577392578125,742.2186279296875,899.4818115234375,672.6044921875,683.1781005859375,811.0023193359375,817.5660400390625,96.047607421875,864.8271484375,0.0,978.55908203125,0.0,990.577880859375,990.577880859375,380.492431640625,362.964111328125,362.964111328125,9.7236328125,836.9053955078125,897.3497314453125,600.6746826171875,189.31591796875,529.360107421875,499.661376953125,41.840576171875,41.840576171875,51.230712890625,407.996337890625,471.924072265625,95.746337890625,119.74609375,119.74609375,202.189697265625,532.27880859375,532.27880859375,285.96533203125,228.1650390625,602.6904296875,667.22216796875,972.9193115234375,997.775146484375,833.9471435546875,181.43212890625,469.7801513671875,906.4420166015625,803.499755859375,865.741455078125,225.8427734375,352.056396484375,261.04736328125,297.556396484375,163.634521484375,107.1513671875,297.765625
6120511400,322.22705078125,14.9111328125,38.643310546875,40.6400146484375,71.85009765625,104.3538818359375,392.5816650390625,492.1796875,492.1796875,522.2672119140625,799.138916015625,325.693115234375,325.693115234375,251.981689453125,251.981689453125,236.3404541015625,79.0772705078125,305.95458984375,295.3809814453125,167.5567626953125,160.9930419921875,1074.606689453125,113.73193359375,978.55908203125,0.0,978.55908203125,12.018798828125,12.018798828125,598.066650390625,615.594970703125,615.594970703125,968.83544921875,141.6536865234375,81.2093505859375,377.8843994140625,1167.875,449.198974609375,478.897705078125,1020.399658203125,1020.399658203125,1029.789794921875,1386.555419921875,1450.483154296875,882.812744140625,858.81298828125,858.81298828125,776.369384765625,446.2802734375,446.2802734375,692.59375,1206.72412109375,1581.24951171875,1645.78125,5.6397705078125,19.216064453125,144.6119384765625,797.126953125,508.7789306640625,72.1170654296875,175.059326171875,112.817626953125,752.71630859375,1330.615478515625,1239.6064453125,681.002685546875,814.924560546875,1085.71044921875,1276.32470703125
6120511580,656.33203125,963.64794921875,1017.202392578125,1019.1990966796875,906.708984375,874.2052001953125,585.9774169921875,486.37939453125,486.37939453125,456.2918701171875,179.420166015625,652.865966796875,652.865966796875,726.577392578125,726.577392578125,742.2186279296875,899.4818115234375,672.6044921875,683.1781005859375,811.0023193359375,817.5660400390625,96.047607421875,864.8271484375,0.0,978.55908203125,0.0,990.577880859375,990.577880859375,380.492431640625,362.964111328125,362.964111328125,9.7236328125,836.9053955078125,897.3497314453125,600.6746826171875,189.31591796875,529.360107421875,499.661376953125,41.840576171875,41.840576171875,51.230712890625,407.996337890625,471.924072265625,95.746337890625,119.74609375,119.74609375,202.189697265625,532.27880859375,532.27880859375,285.96533203125,228.1650390625,602.6904296875,667.22216796875,972.9193115234375,997.775146484375,833.9471435546875,181.43212890625,469.7801513671875,906.4420166015625,803.499755859375,865.741455078125,225.8427734375,352.056396484375,261.04736328125,297.556396484375,163.634521484375,107.1513671875,297.765625
6120511930,334.245849609375,26.929931640625,26.62451171875,28.6212158203125,83.868896484375,116.3726806640625,404.6004638671875,504.198486328125,504.198486328125,534.2860107421875,811.15771484375,337.7119140625,337.7119140625,264.00048828125,264.00048828125,248.3592529296875,91.0960693359375,317.973388671875,307.3997802734375,179.5755615234375,173.0118408203125,1086.62548828125,125.750732421875,990.577880859375,12.018798828125,990.577880859375,0.0,0.0,610.08544921875,627.61376953125,627.61376953125,980.854248046875,153.6724853515625,93.2281494140625,389.9031982421875,1179.893798828125,461.2177734375,490.91650390625,1032.41845703125,1032.41845703125,1041.80859375,1398.57421875,1462.501953125,894.83154296875,870.831787109375,870.831787109375,788.38818359375,458.299072265625,458.299072265625,704.612548828125,1218.742919921875,1593.268310546875,1657.800048828125,17.6585693359375,7.197265625,156.6307373046875,809.145751953125,520.7977294921875,84.1358642578125,187.078125,124.83642578125,764.735107421875,1342.63427734375,1251.625244140625,693.021484375,826.943359375,1097.729248046875,1288.343505859375
6120512020,334.245849609375,26.929931640625,26.62451171875,28.6212158203125,83.868896484375,116.3726806640625,404.6004638671875,504.198486328125,504.198486328125,534.2860107421875,811.15771484375,337.7119140625,337.7119140625,264.00048828125,264.00048828125,248.3592529296875,91.0960693359375,317.973388671875,307.3997802734375,179.5755615234375,173.0118408203125,1086.62548828125,125.750732421875,990.577880859375,12.018798828125,990.577880859375,0.0,0.0,610.08544921875,627.61376953125,627.61376953125,980.854248046875,153.6724853515625,93.2281494140625,389.9031982421875,1179.893798828125,461.2177734375,490.91650390625,1032.41845703125,1032.41845703125,1041.80859375,1398.57421875,1462.501953125,894.83154296875,870.831787109375,870.831787109375,788.38818359375,458.299072265625,458.299072265625,704.612548828125,1218.742919921875,1593.268310546875,1657.800048828125,17.6585693359375,7.197265625,156.6307373046875,809.145751953125,520.7977294921875,84.1358642578125,187.078125,124.83642578125,764.735107421875,1342.63427734375,1251.625244140625,693.021484375,826.943359375,1097.729248046875,1288.343505859375
6120512630,275.839599609375,583.155517578125,636.7099609375,638.7066650390625,526.216552734375,493.7127685546875,205.4849853515625,105.886962890625,105.886962890625,75.7994384765625,201.072265625,272.37353515625,272.37353515625,346.0849609375,346.0849609375,361.7261962890625,518.9893798828125,292.112060546875,302.6856689453125,430.5098876953125,437.0736083984375,476.5400390625,484.334716796875,380.492431640625,598.066650390625,380.492431640625,610.08544921875,610.08544921875,0.0,17.5283203125,17.5283203125,370.768798828125,456.4129638671875,516.8572998046875,220.1822509765625,569.808349609375,148.86767578125,119.1689453125,422.3330078125,422.3330078125,431.72314453125,788.48876953125,852.41650390625,284.74609375,260.746337890625,260.746337890625,178.302734375,151.786376953125,151.786376953125,94.527099609375,608.657470703125,983.182861328125,1047.714599609375,592.4268798828125,617.28271484375,453.4547119140625,199.060302734375,89.2877197265625,525.9495849609375,423.00732421875,485.2490234375,154.649658203125,732.548828125,641.539794921875,82.93603515625,216.85791015625,487.643798828125,678.258056640625
6120513850,293.367919921875,600.683837890625,654.23828125,656.2349853515625,543.744873046875,511.2410888671875,223.0133056640625,123.415283203125,123.415283203125,93.3277587890625,183.5439453125,289.90185546875,289.90185546875,363.61328125,363.61328125,379.2545166015625,536.5177001953125,309.640380859375,320.2139892578125,448.0382080078125,454.6019287109375,459.01171875,501.863037109375,362.964111328125,615.594970703125,362.964111328125,627.61376953125,627.61376953125,17.5283203125,0.0,0.0,353.240478515625,473.9412841796875,534.3856201171875,237.7105712890625,552.280029296875,166.39599609375,136.697265625,404.8046875,404.8046875,414.19482421875,770.96044921875,834.88818359375,267.2177734375,243.218017578125,243.218017578125,160.7744140625,169.314697265625,169.314697265625,76.998779296875,591.129150390625,965.654541015625,1030.186279296875,609.9552001953125,634.81103515625,470.9830322265625,181.531982421875,106.8160400390625,543.4779052734375,440.53564453125,502.77734375,137.121337890625,715.0205078125,624.011474609375,65.40771484375,199.32958984375,470.115478515625,660.729736328125
6120513920,293.367919921875,600.683837890625,654.23828125,656.2349853515625,543.744873046875,511.2410888671875,223.0133056640625,123.415283203125,123.415283203125,93.3277587890625,183.5439453125,289.90185546875,289.90185546875,363.61328125,363.61328125,379.2545166015625,536.5177001953125,309.640380859375,320.2139892578125,448.0382080078125,454.6019287109375,459.01171875,501.863037109375,362.964111328125,615.594970703125,362.964111328125,627.61376953125,627.61376953125,17.5283203125,0.0,0.0,353.240478515625,473.9412841796875,534.3856201171875,237.7105712890625,552.280029296875,166.39599609375,136.697265625,404.8046875,404.8046875,414.19482421875,770.96044921875,834.88818359375,267.2177734375,243.218017578125,243.218017578125,160.7744140625,169.314697265625,169.314697265625,76.998779296875,591.129150390625,965.654541015625,1030.186279296875,609.9552001953125,634.81103515625,470.9830322265625,181.531982421875,106.8160400390625,543.4779052734375,440.53564453125,502.77734375,137.121337890625,715.0205078125,624.011474609375,65.40771484375,199.32958984375,470.115478515625,660.729736328125
6120515890,646.6083984375,953.92431640625,1007.478759765625,1009.4754638671875,896.9853515625,864.4815673828125,576.2537841796875,476.65576171875,476.65576171875,446.5682373046875,169.696533203125,643.142333984375,643.142333984375,716.853759765625,716.853759765625,732.4949951171875,889.7581787109375,662.880859375,673.4544677734375,801.2786865234375,807.8424072265625,105.771240234375,855.103515625,9.7236328125,968.83544921875,9.7236328125,980.854248046875,980.854248046875,370.768798828125,353.240478515625,353.240478515625,0.0,827.1817626953125,887.6260986328125,590.9510498046875,199.03955078125,519.636474609375,489.937744140625,51.564208984375,51.564208984375,60.954345703125,417.719970703125,481.647705078125,86.022705078125,110.0224609375,110.0224609375,192.466064453125,522.55517578125,522.55517578125,276.24169921875,237.888671875,612.4140625,676.94580078125,963.1956787109375,988.051513671875,824.2235107421875,171.70849609375,460.0565185546875,896.7183837890625,793.776123046875,856.017822265625,216.119140625,361.780029296875,270.77099609375,287.832763671875,153.910888671875,116.875,307.4892578125
6120517560,180.5733642578125,126.7425537109375,180.2969970703125,182.293701171875,69.8035888671875,37.2998046875,250.927978515625,350.5260009765625,350.5260009765625,380.613525390625,657.4852294921875,184.0394287109375,184.0394287109375,110.3280029296875,110.3280029296875,94.686767578125,62.576416015625,164.3009033203125,153.727294921875,25.903076171875,19.33935546875,932.9530029296875,27.9217529296875,836.9053955078125,141.6536865234375,836.9053955078125,153.6724853515625,153.6724853515625,456.4129638671875,473.9412841796875,473.9412841796875,827.1817626953125,0.0,60.4443359375,236.230712890625,1026.2213134765625,307.5452880859375,337.2440185546875,878.7459716796875,878.7459716796875,888.1361083984375,1244.9017333984375,1308.8294677734375,741.1590576171875,717.1593017578125,717.1593017578125,634.7156982421875,304.6265869140625,304.6265869140625,550.9400634765625,1065.0704345703125,1439.5958251953125,1504.1275634765625,136.013916015625,160.8697509765625,2.958251953125,655.4732666015625,367.125244140625,69.53662109375,33.4056396484375,28.8360595703125,611.0626220703125,1188.9617919921875,1097.9527587890625,539.3489990234375,673.2708740234375,944.0567626953125,1134.6710205078125
6120517570,241.0177001953125,66.2982177734375,119.8526611328125,121.849365234375,9.3592529296875,23.14453125,311.372314453125,410.9703369140625,410.9703369140625,441.057861328125,717.9295654296875,244.4837646484375,244.4837646484375,170.7723388671875,170.7723388671875,155.131103515625,2.132080078125,224.7452392578125,214.171630859375,86.347412109375,79.78369140625,993.3973388671875,32.5225830078125,897.3497314453125,81.2093505859375,897.3497314453125,93.2281494140625,93.2281494140625,516.8572998046875,534.3856201171875,534.3856201171875,887.6260986328125,60.4443359375,0.0,296.675048828125,1086.6656494140625,367.9896240234375,397.6883544921875,939.1903076171875,939.1903076171875,948.5804443359375,1305.3460693359375,1369.2738037109375,801.6033935546875,777.6036376953125,777.6036376953125,695.1600341796875,365.0709228515625,365.0709228515625,611.3843994140625,1125.5147705078125,1500.0401611328125,1564.5718994140625,75.569580078125,100.4254150390625,63.402587890625,715.9176025390625,427.569580078125,9.09228515625,93.8499755859375,31.6082763671875,671.5069580078125,1249.4061279296875,1158.3970947265625,599.7933349609375,733.7152099609375,1004.5010986328125,1195.1153564453125
