,6120495610,6120495920,6120495930,6120496480,6120496700,6120496990,6120497570,6120498830,6120498980,6120500310,6120500430,6120501590,6120501870,6120502430,6120502520,6120505910,6120508230,6120508880,6120509040,6120509300,6120509440,6120509550,6120510580,6120511390,6120511400,6120511580,6120511930,6120512020,6120512630,6120513850,6120513920,6120515890,6120517560,6120517570,6120517890,6120518290,6120519540,6120519550,6120519630,6120519710,6120520530,6120520930,6120521250,6120522690,6120523540,6120523640,6120524850,6120526470,6120526600,6120528990,6120531120,6120535820,6120538300,6121157490,6121158040,6121159720,6121159770,6121162000,6121163070,6121163350,6121164310,6121166340,6121170610,6121171030,6121171380,6121172160,6121172900,6121173250
6120495610,0.0,0.6723300790842067,0.6559311491440865,0.6744711378955615,0.671221419920358,0.6743673061950337,0.642535316062447,0.6449571721044242,0.644717750835818,0.6388250227655263,0.67249886905321,0.6309365751195096,0.6335674160841803,0.6450323852754151,0.6458182989591795,0.6462598542439513,0.669558793683397,0.6436587988692695,0.651921539068918,0.6717553991979651,0.6717910140666126,0.6738248534084238,0.6722985956283468,0.6739054909604865,0.6741649821885993,0.6738617962378544,0.6736231808981921,0.6735847146619477,0.673863394156026,0.6704374727240913,0.670167523984863,0.6703758712037219,0.6738582885688291,0.6744618168379154,0.6677007960416542,0.6636779960637953,0.6632337806892645,0.6616421048174244,0.6716640790410736,0.6712455557479199,0.6635163310272696,0.6595586903174264,0.6632787666283559,0.6706044682869352,0.6715752084107602,0.6716473719125157,0.6704774466470281,0.6686009713639829,0.668727289633325,0.6736326287148258,0.6522393279619082,0.6522574978159298,0.6449134305548581,0.6701603505511506,0.6716177268672552,0.6741423229398423,0.6710405455677063,0.6346312266334462,0.6721722167163799,0.6673125286310416,0.6726119828874345,0.6744298491100228,0.6480566064845352,0.6502916699911718,0.6731017514325646,0.6744808029148016,0.66587091846604,0.6611912968244271
6120495920,0.6723300790842067,0.0,0.39289324034354034,0.11187014417695618,0.07043149925205358,0.2516509782012662,0.5877063389744736,0.6528808107029843,0.6526197629379731,0.6223050415675689,0.6678927860304282,0.5159074349742595,0.4987093450749184,0.25269489901615094,0.252558561448948,0.3559045873494892,0.33475818700988497,0.6166769032702434,0.6263842461025634,0.5451037746814271,0.4834974050456293,0.5716532807954615,0.4288631402710892,0.5371088106109136,0.4516115172540231,0.5510118802058411,0.5116858437398103,0.5126099186725319,0.643991718597509,0.654984231767152,0.6574159302521239,0.4994957094563152,0.5199434166350005,0.5083033822958924,0.6201233573822571,0.4859004635861332,0.6704545020086529,0.6744313790442512,0.5305069911199964,0.5236781970628066,0.43612281176351364,0.56664300298835,0.6097192422801188,0.6744818948403359,0.67335461128397,0.6731176888003263,0.673646513077126,0.6197580570447582,0.6203442096460251,0.6726458132201943,0.3407972204783275,0.5213883858077986,0.42885412805931805,0.015328708628563704,0.05188586367419704,0.24043584009854652,0.6592364742273052,0.6297532211846378,0.5505855007519374,0.46262326029480916,0.4653121787290559,0.623226517410642,0.518653056446512,0.466204872282252,0.6744358510836956,0.6591407983621675,0.5579838102169491,0.5389747764522846
6120495930,0.6559311491440865,0.39289324034354034,0.0,0.14954509247109052,0.5357955106391012,0.6055230743060107,0.6739602261069273,0.6732313626938039,0.6732678024101416,0.6735104877010607,0.6535692674506256,0.6684427829551912,0.666567865719664,0.6178307073595621,0.6175382755232254,0.6045259254879499,0.5771851716250589,0.6669509919974503,0.6680503513668905,0.63650361301207,0.6167726187279496,0.6235868593428914,0.5994296310099556,0.6236663233649707,0.6011091422897338,0.6284690790508964,0.6235621997178339,0.623864917385058,0.6600315339027971,0.6647938585206815,0.6657379446847053,0.6148275954489513,0.6295833368809008,0.6245565762902007,0.6616252305409765,0.6111932343207244,0.6743833800380871,0.6741022650847212,0.6238001358854747,0.6215623183684825,0.5931985895580211,0.6341476556483481,0.6484156529700794,0.67431705914196,0.6733771424357187,0.6732292230539421,0.674481799364495,0.6624449462119657,0.6625932541664455,0.6726410017151069,0.5512261809499878,0.6191487180029914,0.5868104365269835,0.32011991403394585,0.46300587839701773,0.6120644349808727,0.6501350092405362,0.6722609033244298,0.6297484446805685,0.6147102729029312,0.6110575483892334,0.6559961111443905,0.6151876473846609,0.5962904273838114,0.6742565250738581,0.667245530650818,0.631566059482355,0.625732055805614
6120496480,0.6744711378955615,0.11187014417695618,0.14954509247109052,0.0,0.282076141948773,0.4358043578764721,0.6495686369376449,0.6723513178400181,0.672261153359614,0.6579028259810639,0.6512377456971665,0.6014840375481016,0.5900344574456348,0.42253774622610024,0.4220622653729351,0.431505267616908,0.3873828735597353,0.6268678443146263,0.6337968540507621,0.5590622040462989,0.5045995585534555,0.5803393856454955,0.45593689846347807,0.5604977873350112,0.46265491843761924,0.5708455647821383,0.52275061414112,0.5236224133976554,0.6471250346687519,0.660261459685996,0.6620771001241947,0.544140101257749,0.5385060373708399,0.526692734689377,0.6251275070759821,0.5391146946528187,0.6703069981640025,0.6742296906608172,0.5671383446059773,0.5619309826866589,0.49415693247127224,0.596109767302355,0.6259167931230725,0.6744810494506178,0.6737121490393928,0.673525751049213,0.6738147335204924,0.6319951510790395,0.6325121785409088,0.6727026690830344,0.4014074023475456,0.5517326809592716,0.47916256530054013,0.05604321590502512,0.18373856177684128,0.4309000469325935,0.6422461609983794,0.6473432466152393,0.5529113131260915,0.49638540661725605,0.48571522541948137,0.6405368011970665,0.5480438263932408,0.5048619301539846,0.6744822264657651,0.660915354910144,0.5777677594378176,0.5641921059046109
6120496700,0.671221419920358,0.07043149925205358,0.5357955106391012,0.282076141948773,0.0,0.12905054048980294,0.5081546715716789,0.6132562413866443,0.6131653017539709,0.5852199947969802,0.6707172790803798,0.4747641491196418,0.46145850148562095,0.21023124825555106,0.21082905478418526,0.4148284881790719,0.42807732451399827,0.6467188838850173,0.6544103243492949,0.6035825531068473,0.5645117695003677,0.6125537208698475,0.5197960401794764,0.5717378527942167,0.5527882276688382,0.583631369868963,0.5746951205976795,0.5751854169982998,0.6529366931043665,0.6532868924564627,0.6556603232078219,0.5109591565988636,0.5892335413869016,0.5852605304337478,0.6510267072170582,0.4831590718376364,0.6744477945088306,0.6709939214175267,0.5300120440882987,0.5233972167557575,0.4410095729732123,0.5539150861085923,0.6017849145051138,0.6739518019373205,0.6707305972061245,0.6703311565043905,0.6743709757783255,0.6471052744886714,0.6473963246269051,0.6676873979847513,0.3703072910945767,0.5171173252018305,0.4282556216248614,0.13785241534017376,0.04025647840835848,0.1273308001568246,0.6744570628353876,0.6313258816839713,0.6167232659079877,0.5435662233921187,0.5466032735288819,0.6107977382849401,0.5194196096679086,0.47386477075865774,0.6733457134075634,0.6525297513647927,0.557399776651586,0.5387512571771035
6120496990,0.6743673061950337,0.2516509782012662,0.6055230743060107,0.4358043578764721,0.12905054048980294,0.0,0.3350138817108873,0.5670086250829369,0.5703330384197148,0.6011488337272954,0.6194157228735508,0.5621132196901739,0.5609372470305283,0.3900718762236126,0.3897628828085394,0.5678530143680894,0.5774578738801901,0.6739599358915269,0.6744325925988971,0.6580690721435847,0.6465203489600068,0.6392626714654976,0.6288249582412704,0.612363628053704,0.6424212509467127,0.6200510466755714,0.6448027336767819,0.6449523562189161,0.6567631378570351,0.6453556084550898,0.6473707329186187,0.5536786282767056,0.6559967358754365,0.6548735362332596,0.6738461846315265,0.5245543424447203,0.6622202082303114,0.6499109503212248,0.5571723383125594,0.5526854126541655,0.5011965191081914,0.566991784887012,0.6078628489695562,0.6698636040125935,0.6627970194945214,0.662196906905633,0.6681643901268837,0.672600724599801,0.6726183021986195,0.6557914480051251,0.4636963635032073,0.5540154864692703,0.4902677003562587,0.3104971107458082,0.215204272100683,0.13052874454957988,0.662039690290094,0.6707961853080223,0.6630180178336121,0.6370588994147011,0.6395826808875296,0.6047999997096049,0.5579052622901967,0.5275965978131711,0.6654036793307814,0.6454941889279395,0.5839596377191794,0.5724452877313073
6120497570,0.642535316062447,0.5877063389744736,0.6739602261069273,0.6495686369376449,0.5081546715716789,0.3350138817108873,0.0,0.17854295010530408,0.18687071785689002,0.41866447322723466,0.4072923825825869,0.3159499907734604,0.3579025158326826,0.49968280024270584,0.5011140404502362,0.6409615407952052,0.6689154246057315,0.6744584979128273,0.6738107942255406,0.6697798087376854,0.6695445706493699,0.6733344591511903,0.6728339734082431,0.67052815010593,0.6674026779143378,0.6706479494874505,0.674335468841666,0.6743539425653068,0.6744013114935904,0.6737195391208121,0.6738842579310219,0.6352641067451749,0.6667293929137473,0.6610729855182966,0.6730760405326306,0.5964092229347217,0.6698469773529546,0.6679723495677736,0.6323177690073923,0.6296957336065987,0.5953483873860901,0.5817854014021319,0.6110264900974252,0.6744658247389029,0.6726321700790013,0.6724634167740252,0.6724562137189961,0.6737075583152277,0.6736901623470846,0.6610510353001925,0.560483640524098,0.5616809445275103,0.5219196351283532,0.6161181027334333,0.5392412791456819,0.4979899546523679,0.5455732825970763,0.6105283771955639,0.6519425436966171,0.6733553226218543,0.672488780459602,0.6529603586072916,0.5620032563114428,0.5614010208709426,0.6665455019796442,0.6554857225480776,0.6104295315952013,0.5952660309231809
6120498830,0.6449571721044242,0.6528808107029843,0.6732313626938039,0.6723513178400181,0.6132562413866443,0.5670086250829369,0.17854295010530408,0.0,0.00019578861005425341,0.357288078936204,0.3602650555237073,0.32767942828905045,0.36868001668953465,0.5674122348043049,0.5686638751769726,0.6694289954375191,0.6738152433947575,0.669779159480228,0.6644753086468035,0.6463564857213996,0.6416279639698551,0.642515621365784,0.651624275859447,0.6738956020853976,0.6394263020762351,0.6742213072820071,0.6662297599044491,0.6664444756508584,0.6732845143139912,0.6739577747747106,0.6738734471760748,0.6609414215560991,0.6399610321172264,0.6264080304676836,0.6656994276357494,0.6337737884963502,0.6676717975232339,0.6690509373962226,0.659506604941534,0.6581603517853544,0.638837266665985,0.6050877113063998,0.6238928908492637,0.6740083222003077,0.6742732111302941,0.6742290293816924,0.6732531490906084,0.6673011453014334,0.6672640269118209,0.6626600937209728,0.6124082760106152,0.5821262053317542,0.5591915579335389,0.6644574780315449,0.6205495668557238,0.583228791024206,0.5080958152065695,0.548093264567901,0.6155803954355672,0.6503266350509017,0.6523458961997864,0.6674144267548779,0.5846803723557741,0.5950098001135273,0.665809785063016,0.659392280411031,0.6281226075775744,0.6152682889905043
6120498980,0.644717750835818,0.6526197629379731,0.6732678024101416,0.672261153359614,0.6131653017539709,0.5703330384197148,0.18687071785689002,0.00019578861005425341,0.0,0.353660560077168,0.36020225229112107,0.3212528600863693,0.3628241387983564,0.565156222245168,0.5664104416055898,0.6691511556484212,0.673886664985493,0.6700073542607947,0.6647791615129071,0.6466913244217155,0.6420199697856663,0.6422418671790229,0.6519697703800942,0.6738704513660628,0.6397964769417767,0.6742052494393564,0.6663560997473782,0.6665686482538131,0.673225357892489,0.6739042698216531,0.6738153814035387,0.6609819081388317,0.6402510576632939,0.6267491431872021,0.6659117351542279,0.6337906790999177,0.6678999885609492,0.6692523676306141,0.659555814486051,0.6582066471278574,0.6388054600993913,0.605091743881853,0.6239056604985939,0.6739829276163736,0.6742889464356153,0.6742462557266298,0.6732960079357088,0.6674617911862885,0.6674238532607069,0.6627557474339323,0.6121030087564434,0.5818097561405081,0.5587748302531783,0.6642621755624447,0.6202998515187473,0.5811166817049859,0.5093672566512303,0.5458379954772602,0.615989779808352,0.6506843888985204,0.652621886922071,0.6675117698477916,0.5843950696931486,0.5947243993745074,0.6658970401136223,0.6594072421537516,0.6279398571464868,0.6150302849257635
6120500310,0.6388250227655263,0.6223050415675689,0.6735104877010607,0.6579028259810639,0.5852199947969802,0.6011488337272954,0.41866447322723466,0.357288078936204,0.353660560077168,0.0,0.6546228652147058,0.4459968278868879,0.4563386759760768,0.5448709648340184,0.5454894556900297,0.6492174350022715,0.6721638939034387,0.6689702764117624,0.6721413281443039,0.6740615955709379,0.6738458216365102,0.6739444573492742,0.6736320400307376,0.6743962474908306,0.6675002601984007,0.6743885421718392,0.6715860765400768,0.6716589979983518,0.6698782220504663,0.6695792145639525,0.6693356346578813,0.6606625112375761,0.6701790969775138,0.6659681853946023,0.6743723785463229,0.6334230852396547,0.6726603201656595,0.6722756691620393,0.661839729570305,0.6606030392399017,0.6417418192907538,0.6077957985492186,0.6256979774828522,0.6716245157337127,0.6738462728937624,0.6739247114264427,0.6739304502904927,0.673712943862077,0.6737425814855992,0.6734797104205527,0.5915794044081577,0.588730059672748,0.5585974818816896,0.6368684907651403,0.6103442292405254,0.5915521488233604,0.5694611882520154,0.5841715330843757,0.6656733642900895,0.6744429329732202,0.6712560951203483,0.6725312565897352,0.5842171474644128,0.5894090484084998,0.6743070985442938,0.6691849496590518,0.635219727005429,0.6201649956664517
6120500430,0.67249886905321,0.6678927860304282,0.6535692674506256,0.6512377456971665,0.6707172790803798,0.6194157228735508,0.4072923825825869,0.3602650555237073,0.36020225229112107,0.6546228652147058,0.0,0.5744946201658511,0.590765686116302,0.670916988800858,0.6711099584315187,0.625690557588463,0.5986325350271336,0.5273611640766757,0.5083068411857806,0.4775112422276393,0.44121084409033956,0.46196161439096983,0.4881633018515787,0.6470324403233394,0.48621667206189195,0.6541320515027909,0.6065205704945332,0.6073840418798963,0.6734767287922804,0.6728699645382785,0.6727324793894477,0.6736924902051878,0.46359467356868084,0.4324493813831069,0.5493803337783006,0.6687845166123308,0.5556465978537528,0.5679388489650362,0.6744012863512859,0.6743485195996819,0.6730868011130801,0.6222151898003963,0.6272826911217083,0.6742376825631594,0.6709972012316815,0.6708769759552272,0.6528866173866055,0.5410207506622752,0.5416953457584017,0.6217941964877882,0.6691597103264239,0.6111052689116202,0.6130806898276391,0.657576879200483,0.6720919628962911,0.6165960895933686,0.11792549007988908,0.6495653890799471,0.4418422180546342,0.43880649269931254,0.517906523487956,0.6672986498952378,0.6221405426364437,0.6440222191396429,0.6175497915736109,0.6434510938471001,0.6478276769651188,0.6425816370551457
6120501590,0.6309365751195096,0.5159074349742595,0.6684427829551912,0.6014840375481016,0.4747641491196418,0.5621132196901739,0.3159499907734604,0.32767942828905045,0.3212528600863693,0.4459968278868879,0.5744946201658511,0.0,0.019503548201696943,0.35064430868524504,0.35271299705749637,0.4961077889353239,0.5806027242663259,0.6417162964453216,0.6561330670939425,0.6680368436766723,0.6650771774512056,0.6684427475157493,0.6488091375197158,0.6711730556751284,0.6622965493619307,0.6712443553664141,0.649329678639793,0.6492213795746875,0.6726023402233466,0.6704615484623332,0.669736462489636,0.6364378545317593,0.6690035951946443,0.6719276245137933,0.6627741217852763,0.6024022283224697,0.6708137691819865,0.6727408715274242,0.6368755299678955,0.6335947607223982,0.5851407673434178,0.6052030882775092,0.6301440440611743,0.6710393786976804,0.673859816762875,0.6739610524469121,0.6728368797413727,0.6654003566735897,0.6656090678178764,0.67188618158155,0.5278632512556735,0.549354354764594,0.5011085337158036,0.549358396359362,0.48170873436772116,0.4384264968516152,0.6165263659320712,0.414566422689772,0.6743243310480151,0.6550633301606066,0.6524681752034663,0.6666787762827575,0.5560581515042375,0.5470844443944236,0.6739919013789565,0.6627216885081822,0.5969818532692123,0.5790658752449646
6120501870,0.6335674160841803,0.4987093450749184,0.666567865719664,0.5900344574456348,0.46145850148562095,0.5609372470305283,0.3579025158326826,0.36868001668953465,0.3628241387983564,0.4563386759760768,0.590765686116302,0.019503548201696943,0.0,0.3114631295347895,0.31058423421286546,0.4810663105641404,0.5657668384710937,0.6394919289806944,0.6548616228229684,0.666400434372664,0.6627432612494386,0.6649385152099513,0.6435614396713012,0.6716498310454814,0.6586577619149334,0.6716511223402568,0.6449997174103419,0.644900747894462,0.6720992156176134,0.6695261336165196,0.6686984357419743,0.636477133911699,0.6675692812018851,0.6708502507715427,0.6614365355152091,0.6021341913680361,0.670383760772341,0.672506238866856,0.6366726065587944,0.6332943835074712,0.5830722313364518,0.6054765075578445,0.6305568905953017,0.6706371319013651,0.6737129260944463,0.6738287057929518,0.6725857815862556,0.6646550746546072,0.66488068165687,0.6718578692631622,0.5220891669909117,0.5451020403124703,0.49528683988519373,0.5336722341348058,0.4651305170805828,0.475822716205086,0.6254031960625965,0.3797103755125687,0.6744791348539474,0.6520479783481101,0.6482250010499349,0.6671091186195075,0.5527357807588701,0.5429366462660503,0.673997280030236,0.662205809555778,0.5933044559425737,0.5750670605799124
6120502430,0.6450323852754151,0.25269489901615094,0.6178307073595621,0.42253774622610024,0.21023124825555106,0.3900718762236126,0.49968280024270584,0.5674122348043049,0.565156222245168,0.5448709648340184,0.670916988800858,0.35064430868524504,0.3114631295347895,0.0,3.5638651910159075e-05,0.2436569527433284,0.39550500240423403,0.5842702002625128,0.6079915306110885,0.600727332796675,0.5758047562915755,0.6653956005760004,0.5279789700397602,0.653743661544516,0.5712009234682944,0.6569832152653371,0.573736076160638,0.5739967340400081,0.6739191075728702,0.6722112818240544,0.671449765353403,0.6047890778829234,0.6092317205028098,0.6155361297953423,0.6323469654901294,0.570537705094936,0.6631579173147115,0.6699171142894649,0.6065465297142396,0.601701457757472,0.5333762398768135,0.5984572485000191,0.6283704226123845,0.6722042086591882,0.6742745438899816,0.6743471322107465,0.6718158955707976,0.6425419570412965,0.643046079172939,0.6729106662284072,0.4393038477680446,0.5286621608135367,0.45867630079778693,0.30466294968783814,0.24751496143620597,0.24529379153659833,0.6742637944805449,0.462009094180295,0.6415631477233914,0.5489115918346247,0.553890478006945,0.6612709726255175,0.5366034645587302,0.5066243203515268,0.6744757768371811,0.6602445026605449,0.5695386676658493,0.5512708834836004
6120502520,0.6458182989591795,0.252558561448948,0.6175382755232254,0.4220622653729351,0.21082905478418526,0.3897628828085394,0.5011140404502362,0.5686638751769726,0.5664104416055898,0.5454894556900297,0.6711099584315187,0.35271299705749637,0.31058423421286546,3.5638651910159075e-05,0.0,0.24290347070490012,0.3951503318222678,0.5845049823504248,0.608093130672876,0.6005695935645333,0.5756155682359525,0.6654755962702824,0.5278862862584436,0.6537722003870347,0.5709440112588814,0.6570131950152959,0.5738975374895002,0.5741636324370466,0.6739246973769247,0.6722448520594101,0.6714904186893267,0.6049162664187542,0.6092282406699868,0.6154122063091838,0.6325143825054754,0.5708046846875855,0.6632307011762762,0.6699694176389742,0.6066264876660952,0.6017983924763883,0.5337630474540896,0.5988086276630981,0.628632502843274,0.6722444636097743,0.6742853346731452,0.6743557246053664,0.6718563112176298,0.6426710917154277,0.643172412802077,0.6728980579957934,0.43994129968261836,0.529303544157779,0.4595588900985038,0.3042124318549898,0.24793630517011056,0.24488236673701486,0.6743046893701448,0.4612991644075077,0.641207656915336,0.5488432918145113,0.5539711780525324,0.6612509257022121,0.5372978621333391,0.5072981015390676,0.6744746795547152,0.6602310730767867,0.5697997839209208,0.551673477357234
6120505910,0.6462598542439513,0.3559045873494892,0.6045259254879499,0.431505267616908,0.4148284881790719,0.5678530143680894,0.6409615407952052,0.6694289954375191,0.6691511556484212,0.6492174350022715,0.625690557588463,0.4961077889353239,0.4810663105641404,0.2436569527433284,0.24290347070490012,0.0,0.11544116918062074,0.40753531603186116,0.45896202917159346,0.49172504556617086,0.4401828072103253,0.6596796752993931,0.3416563886954932,0.6738103961748511,0.3948644500868798,0.6740831977414212,0.386118969281418,0.38656545522698565,0.6497332094128586,0.6266593773579408,0.6232190121994398,0.6590784290679266,0.5188484664496741,0.5254824409235702,0.5558007419856581,0.6515006455768428,0.6113473302730315,0.6287709902215214,0.654260683319033,0.651843237172023,0.6118279918007444,0.6621146466341012,0.6677070135988451,0.6673362377087954,0.6699245940141918,0.6702555700669193,0.6630969677391912,0.6145404557578551,0.6155817087220349,0.6738490978898619,0.5197704264413817,0.5951460932238906,0.5556538793179944,0.36459020006979753,0.41882168118468066,0.5450012872816615,0.6291011884418914,0.37345826441895497,0.5575375092616539,0.42292732028858576,0.3800734981807383,0.6734057628551184,0.6039173868065952,0.5787161727283532,0.6721489479135239,0.6690581870571121,0.6039302797907925,0.5975800857900754
6120508230,0.669558793683397,0.33475818700988497,0.5771851716250589,0.3873828735597353,0.42807732451399827,0.5774578738801901,0.6689154246057315,0.6738152433947575,0.673886664985493,0.6721638939034387,0.5986325350271336,0.5806027242663259,0.5657668384710937,0.39550500240423403,0.3951503318222678,0.11544116918062074,0.0,0.451957347096392,0.49066859649474015,0.47422822582371554,0.40520916129968093,0.6230273737856696,0.25875266868424496,0.654192068435145,0.27253617622207416,0.6591065427892167,0.1942813553068579,0.19424161705398166,0.6673765220161714,0.654823359003921,0.6524610078187763,0.6485501133920204,0.49194884960229174,0.48406389174046455,0.5718815956192453,0.6521648651603328,0.6381470500968842,0.6526548473503049,0.6399402427073584,0.6374014513333376,0.6019409114045071,0.6657144135812219,0.6697339731705618,0.6743109733702114,0.6744577085931476,0.6744234745467415,0.6732898102130715,0.6364190316386541,0.6371593796918479,0.6737166412649518,0.5256432192445889,0.6114584909614168,0.5784393213606305,0.3328716308799861,0.40111673335939074,0.5618713005563668,0.5996034065366812,0.5452610607248481,0.49789028334993146,0.4156176721712258,0.2796588103363235,0.67413322948593,0.6200172909709,0.5912456513040958,0.6744519763447636,0.6613039790657834,0.6031557898689667,0.6052099891424095
6120508880,0.6436587988692695,0.6166769032702434,0.6669509919974503,0.6268678443146263,0.6467188838850173,0.6739599358915269,0.6744584979128273,0.669779159480228,0.6700073542607947,0.6689702764117624,0.5273611640766757,0.6417162964453216,0.6394919289806944,0.5842702002625128,0.5845049823504248,0.40753531603186116,0.451957347096392,0.0,0.046819466275539616,0.3160543987923182,0.2890448884780819,0.5809854962370428,0.23407277724602932,0.6744554297058651,0.2983925248136079,0.6743450554662717,0.5257294336826932,0.5267271437073469,0.6292773825145116,0.4804350248779425,0.47816014718185346,0.6622241509416046,0.38487580332789395,0.4118081456178749,0.28174224957340005,0.664005287992135,0.29767036821883464,0.3096050588882485,0.6573144311483948,0.6593409278447002,0.6744728335623338,0.6702277268143132,0.6736862277309724,0.5971453787747925,0.5869574096708249,0.5881841614393278,0.559428980227605,0.4566797327016663,0.4602136851539566,0.6066324951773001,0.5969921652539089,0.646416061580636,0.6299408664161852,0.6101620217101165,0.6532007716951344,0.6743897526871365,0.5503419177579743,0.6122574597037101,0.420516278844089,0.28325937704783943,0.33770398904211113,0.5402652771462997,0.6332403839871706,0.6265011238746186,0.6034098291443866,0.6588688447467351,0.6607417665350619,0.6519672106236704
6120509040,0.651921539068918,0.6263842461025634,0.6680503513668905,0.6337968540507621,0.6544103243492949,0.6744325925988971,0.6738107942255406,0.6644753086468035,0.6647791615129071,0.6721413281443039,0.5083068411857806,0.6561330670939425,0.6548616228229684,0.6079915306110885,0.608093130672876,0.45896202917159346,0.49066859649474015,0.046819466275539616,0.0,0.24109781934069865,0.20164918620717065,0.5481214068970343,0.32534306121636025,0.6705307936819237,0.37484382867014443,0.6725746026759253,0.5543725027848384,0.5552133385521624,0.6497464135805546,0.5421205574860575,0.5394496261560331,0.6722547739358189,0.39832049446113954,0.41696176609266533,0.3135544823995649,0.6720981407127385,0.29487871109366925,0.2965157442476761,0.6658538004645829,0.6671495684356407,0.6739247567159655,0.6736036463980701,0.6744817291775508,0.6050067155117422,0.5944433620321488,0.5955749588031043,0.5635909625627976,0.4534125316397047,0.45680617273678037,0.6010947635822432,0.5930619469308641,0.6509309725102658,0.6350985698986219,0.619448011094962,0.6587776522824813,0.6743555164761298,0.5327076350215291,0.6380786682943294,0.30069040311810097,0.2713970546534727,0.3892944664745151,0.57244698456595,0.6316424819778134,0.6247510982207185,0.5971013301355372,0.6547348188346428,0.664348387726416,0.6564334837047465
6120509300,0.6717553991979651,0.5451037746814271,0.63650361301207,0.5590622040462989,0.6035825531068473,0.6580690721435847,0.6697798087376854,0.6463564857213996,0.6466913244217155,0.6740615955709379,0.4775112422276393,0.6680368436766723,0.666400434372664,0.600727332796675,0.6005695935645333,0.49172504556617086,0.47422822582371554,0.3160543987923182,0.24109781934069865,0.0,0.0679097314271364,0.4620803300952875,0.30349208516263165,0.6220876704256881,0.3727003267448555,0.6331741425755726,0.5476954445274331,0.5488676959505053,0.6744058176005704,0.6602045523103883,0.6584534996559804,0.6524765302816803,0.33066193189285153,0.330243634878318,0.42678804058762704,0.6607414724588466,0.461460749531986,0.47404117671093937,0.6690272721133823,0.6680507966438347,0.6459448140965048,0.671905952973442,0.6719001242274566,0.6455256490021059,0.6399713022186112,0.6407072752356975,0.607668345492394,0.4665296680892877,0.4689705907189801,0.6198182585534242,0.5649603244324678,0.6570529717648156,0.6367553699876247,0.5328916973813169,0.6018830280433334,0.6623729621960529,0.4946830359099334,0.6715938847536584,0.11465946232836027,0.09065011445573279,0.37472087881714955,0.6618182166320077,0.6372389493945526,0.6211995596918337,0.6096783643125898,0.6589814961938908,0.6652657765304826,0.6589757273265648
6120509440,0.6717910140666126,0.4834974050456293,0.6167726187279496,0.5045995585534555,0.5645117695003677,0.6465203489600068,0.6695445706493699,0.6416279639698551,0.6420199697856663,0.6738458216365102,0.44121084409033956,0.6650771774512056,0.6627432612494386,0.5758047562915755,0.5756155682359525,0.4401828072103253,0.40520916129968093,0.2890448884780819,0.20164918620717065,0.0679097314271364,0.0,0.4242848775887483,0.17256180308106545,0.6124813008673577,0.26224442835183603,0.6257878681124395,0.5041098019986224,0.5057495394731849,0.6744309341552782,0.657231846979551,0.6550655843280836,0.648510807937606,0.2302166844802678,0.21969220209338608,0.3743581476882235,0.6591271186737983,0.45163876276988435,0.4754896651893585,0.667231912103252,0.6659537444412541,0.6373667772296601,0.6722921939478513,0.6722537196475117,0.6418803967420259,0.6360717393478074,0.6369682808045228,0.5988777096479394,0.4285641325057254,0.43144501631554366,0.6161834142112697,0.5360065772515764,0.6509149158759874,0.6240589189051009,0.46766055532009726,0.5613780260707303,0.6531996431555498,0.45958458999482,0.6706403998932047,0.22561720301440719,0.05592583170761377,0.27464570445181635,0.6602492128939083,0.6301794406142982,0.6088031249575365,0.6036749141033404,0.659759414907458,0.6603482673516224,0.652371659675732
6120509550,0.6738248534084238,0.5716532807954615,0.6235868593428914,0.5803393856454955,0.6125537208698475,0.6392626714654976,0.6733344591511903,0.642515621365784,0.6422418671790229,0.6739444573492742,0.46196161439096983,0.6684427475157493,0.6649385152099513,0.6653956005760004,0.6654755962702824,0.6596796752993931,0.6230273737856696,0.5809854962370428,0.5481214068970343,0.4620803300952875,0.4242848775887483,0.0,0.5184601445310412,0.34881991839522425,0.5334453235605313,0.3938719283391906,0.6384243509040324,0.6387655631191838,0.5684455055536483,0.6213538955779127,0.6229922508547729,0.5012396834362154,0.44271589908139897,0.40307757286960266,0.5644697803234068,0.5800988890401905,0.5786287282498866,0.5958377548050184,0.5887448147287728,0.5894587458791202,0.6005633825370068,0.6676447199098735,0.6724638390052157,0.6722390960285097,0.6743737859898253,0.674375250678395,0.6584110887868999,0.4887682733662452,0.4893210834552077,0.6159628280374039,0.6337344537898139,0.6638517528984998,0.6726916110343784,0.558072529289876,0.6200993765558449,0.6663537198919227,0.4843773808643613,0.4568545663117802,0.4229668179190065,0.38845777432973433,0.5649508054097091,0.6585739772608014,0.6742631160682163,0.6711540089439043,0.598121176340072,0.6417679871015866,0.6715097088580899,0.6723669116116747
6120510580,0.6722985956283468,0.4288631402710892,0.5994296310099556,0.45593689846347807,0.5197960401794764,0.6288249582412704,0.6728339734082431,0.651624275859447,0.6519697703800942,0.6736320400307376,0.4881633018515787,0.6488091375197158,0.6435614396713012,0.5279789700397602,0.5278862862584436,0.3416563886954932,0.25875266868424496,0.23407277724602932,0.32534306121636025,0.30349208516263165,0.17256180308106545,0.5184601445310412,0.0,0.6443353860472109,0.05440794967671733,0.6522127847523078,0.34395013813848824,0.3464773730460621,0.6721410404680143,0.6272150652411546,0.6242771118529863,0.6737929521801959,0.21928002788961443,0.2218692678169824,0.3558310413166498,0.6743389571908239,0.5293592785042549,0.5636767613587269,0.6734516435223086,0.6728818591284446,0.6521316048962769,0.6726188763753753,0.6739470851990609,0.6553459230214087,0.6547741498955449,0.6556008470571467,0.6391950578373168,0.5266483573653739,0.5290725883000784,0.6626713246010179,0.5412647191432373,0.634461379294021,0.6073127786944919,0.41559911522942816,0.510562651608506,0.631751610761913,0.49879390123599054,0.6581603642139728,0.354897135603302,0.20068084864812402,0.05897053051270098,0.6449162517657939,0.6361474322559869,0.6112806428251285,0.6581784809205041,0.6743589884734588,0.6313623035118571,0.6275719516127788
6120511390,0.6739054909604865,0.5371088106109136,0.6236663233649707,0.5604977873350112,0.5717378527942167,0.612363628053704,0.67052815010593,0.6738956020853976,0.6738704513660628,0.6743962474908306,0.6470324403233394,0.6711730556751284,0.6716498310454814,0.653743661544516,0.6537722003870347,0.6738103961748511,0.654192068435145,0.6744554297058651,0.6705307936819237,0.6220876704256881,0.6124813008673577,0.34881991839522425,0.6443353860472109,0.0,0.6331975677375299,0.006387025985515938,0.6715588540387992,0.6716212267037107,0.13808052072381452,0.34725297517777953,0.3467399751848336,0.27416156087714155,0.6150636319567087,0.5916713756935155,0.6680324362901913,0.42696483559459947,0.673229650108047,0.6744488889642875,0.4606872747896452,0.4633464158518168,0.5068552644862625,0.6016385981701614,0.6351851691139281,0.6471314370675442,0.6489397154880719,0.648677467902933,0.6712889978136702,0.640882065407326,0.6407581100074979,0.6732048974819094,0.5959897903049038,0.6735145749283101,0.6657616600764092,0.5352818866798852,0.5485623092928632,0.6281432826154107,0.6419837189087225,0.6101210152112895,0.5841323700473033,0.6017485094349964,0.6624227114425721,0.5568648707908741,0.6650029516772615,0.6482044926040222,0.6694577796577048,0.6743178719254204,0.6709905729767776,0.6709149987462578
6120511400,0.6741649821885993,0.4516115172540231,0.6011091422897338,0.46265491843761924,0.5527882276688382,0.6424212509467127,0.6674026779143378,0.6394263020762351,0.6397964769417767,0.6675002601984007,0.48621667206189195,0.6622965493619307,0.6586577619149334,0.5712009234682944,0.5709440112588814,0.3948644500868798,0.27253617622207416,0.2983925248136079,0.37484382867014443,0.3727003267448555,0.26224442835183603,0.5334453235605313,0.05440794967671733,0.6331975677375299,0.0,0.640092111195402,0.2880668867595402,0.291321878365618,0.6739875134957621,0.6362419391192573,0.6353154656774356,0.6734056147731152,0.27054874418259617,0.26299401258788707,0.3893650569006617,0.6686088487981039,0.5693767866716809,0.599881913869975,0.6743744220217539,0.6741881268359495,0.6617386112928048,0.6687899874934233,0.6726128555376876,0.6650031237200468,0.6656065846768414,0.6662040116928586,0.6590553556203029,0.583337525233468,0.5851608525116363,0.6729711544964243,0.5543493084020399,0.6357227070759767,0.6140134569912828,0.4346736521166712,0.5177963312234034,0.6444067526737209,0.4926156165977275,0.6683748728173727,0.37685523868479376,0.29582675566533856,0.056876927195606865,0.6411195414692903,0.6418028306977177,0.6178547385325637,0.6716372614117542,0.6699029099217997,0.6229917862664269,0.6249428380298898
6120511580,0.6738617962378544,0.5510118802058411,0.6284690790508964,0.5708455647821383,0.583631369868963,0.6200510466755714,0.6706479494874505,0.6742213072820071,0.6742052494393564,0.6743885421718392,0.6541320515027909,0.6712443553664141,0.6716511223402568,0.6569832152653371,0.6570131950152959,0.6740831977414212,0.6591065427892167,0.6743450554662717,0.6725746026759253,0.6331741425755726,0.6257878681124395,0.3938719283391906,0.6522127847523078,0.006387025985515938,0.640092111195402,0.0,0.6735701696771939,0.6736593328229173,0.09521856805180122,0.3331681129580869,0.33151974475427576,0.28317262176200636,0.6276491830667029,0.6074798259657154,0.6707616972340846,0.4323809570963967,0.6740798529385406,0.6744281093198073,0.4690995432636491,0.4718241372233976,0.5154059330244177,0.5990082090836713,0.6328021499355077,0.6477696337022033,0.6489576284239656,0.6486849927656615,0.6704579835368257,0.6488165132682668,0.6486940923185933,0.6739148785181304,0.5995539017084178,0.6730201593014853,0.6649213368782728,0.5493449402142923,0.5583479963282743,0.633131610517035,0.6493764677353168,0.6209501303855743,0.5992135868831635,0.6173587332034807,0.667069805761487,0.5583263724954731,0.6640335710845758,0.6479470406574749,0.6712282327503302,0.674465690892197,0.6705685150375161,0.6704770854862971
6120511930,0.6736231808981921,0.5116858437398103,0.6235621997178339,0.52275061414112,0.5746951205976795,0.6448027336767819,0.674335468841666,0.6662297599044491,0.6663560997473782,0.6715860765400768,0.6065205704945332,0.649329678639793,0.6449997174103419,0.573736076160638,0.5738975374895002,0.386118969281418,0.1942813553068579,0.5257294336826932,0.5543725027848384,0.5476954445274331,0.5041098019986224,0.6384243509040324,0.34395013813848824,0.6715588540387992,0.2880668867595402,0.6735701696771939,0.0,4.0971521175740136e-05,0.6577161168036177,0.6611179207821601,0.6593258035043836,0.6744561647604222,0.5613010950585027,0.5550297744724925,0.6184791230785264,0.6744698832901794,0.6636627697681128,0.6705304180615026,0.6652396824458352,0.6642135536203273,0.6491737124250421,0.6744240469391173,0.6744117119352921,0.6737274294544706,0.6722097357285409,0.6719739742243837,0.6729149361452799,0.6687029279003119,0.6689199205624992,0.6654408182649219,0.6010845246617135,0.6412848112698957,0.6278002073611434,0.5049306967622378,0.5481749343804202,0.6424011305680978,0.6069266421884494,0.6564087554933735,0.5579424460232174,0.5252493646988169,0.28643358609652764,0.6744512624227813,0.6486793956899691,0.6331260291039059,0.6678774707024686,0.6543396612180814,0.6271556457303309,0.6343369420045908
6120512020,0.6735847146619477,0.5126099186725319,0.623864917385058,0.5236224133976554,0.5751854169982998,0.6449523562189161,0.6743539425653068,0.6664444756508584,0.6665686482538131,0.6716589979983518,0.6073840418798963,0.6492213795746875,0.644900747894462,0.5739967340400081,0.5741636324370466,0.38656545522698565,0.19424161705398166,0.5267271437073469,0.5552133385521624,0.5488676959505053,0.5057495394731849,0.6387655631191838,0.3464773730460621,0.6716212267037107,0.291321878365618,0.6736593328229173,4.0971521175740136e-05,0.0,0.6566754826442809,0.6610692220413273,0.6592314935444014,0.674440995810543,0.5630513163356259,0.556826822985974,0.6194607911672703,0.6744612819084987,0.6638499209983327,0.670609934738524,0.6650867144936489,0.6640582572328255,0.6490921320023129,0.6744118111127779,0.6744031382394987,0.6736852404444512,0.6721362867503313,0.6718978932101475,0.672853789923895,0.6689045501146816,0.6691161847114456,0.6653892317752781,0.6015714422517999,0.6414681901108064,0.6280843555450455,0.5059293062585734,0.5488357032186292,0.6425393926088171,0.6077835890700427,0.6562577505586566,0.5591322590359975,0.5267718247007598,0.2898626696693149,0.6744418678674614,0.6488134331961334,0.6333561747339563,0.667818877872768,0.6543309265754221,0.6273748185657265,0.6345648767095752
6120512630,0.673863394156026,0.643991718597509,0.6600315339027971,0.6471250346687519,0.6529366931043665,0.6567631378570351,0.6744013114935904,0.6732845143139912,0.673225357892489,0.6698782220504663,0.6734767287922804,0.6726023402233466,0.6720992156176134,0.6739191075728702,0.6739246973769247,0.6497332094128586,0.6673765220161714,0.6292773825145116,0.6497464135805546,0.6744058176005704,0.6744309341552782,0.5684455055536483,0.6721410404680143,0.13808052072381452,0.6739875134957621,0.09521856805180122,0.6577161168036177,0.6566754826442809,0.0,0.19642150697818173,0.19001967662126878,0.4173596261157337,0.674078882507904,0.670724935133328,0.658422462149757,0.5107940445145862,0.6505207139010861,0.6441123634710361,0.5363164560989501,0.5399845804987948,0.5885829129571413,0.6129209148867303,0.6396535351977298,0.6370583834742424,0.6347641593238497,0.6346234553934869,0.6523918752363076,0.6742967280103718,0.6743318323101619,0.669714478998827,0.6532072843627272,0.6744813136364832,0.6734342541994452,0.6436866826102272,0.6366616485673481,0.662325184065954,0.6716464270402069,0.5929448069964459,0.6655704579338977,0.6743452080023395,0.6691670936477983,0.5256987366745361,0.6724428402926614,0.6678098420528333,0.6725154846455643,0.6731000844528331,0.6741732720807111,0.6743330339902084
6120513850,0.6704374727240913,0.654984231767152,0.6647938585206815,0.660261459685996,0.6532868924564627,0.6453556084550898,0.6737195391208121,0.6739577747747106,0.6739042698216531,0.6695792145639525,0.6728699645382785,0.6704615484623332,0.6695261336165196,0.6722112818240544,0.6722448520594101,0.6266593773579408,0.654823359003921,0.4804350248779425,0.5421205574860575,0.6602045523103883,0.657231846979551,0.6213538955779127,0.6272150652411546,0.34725297517777953,0.6362419391192573,0.3331681129580869,0.6611179207821601,0.6610692220413273,0.19642150697818173,0.0,0.0006028940311080865,0.3287207663493538,0.6523362845531202,0.6654144272734654,0.5481176571665176,0.43655457978950574,0.5414988714347542,0.5274211852574261,0.46393672163022825,0.46939392057617096,0.5477093132013535,0.6006612008884018,0.6427534888417427,0.5871592047713571,0.5788266158027958,0.5793746896672364,0.6094568181142214,0.6618793661864045,0.6625344528159632,0.6551882776657413,0.6711903693899061,0.669171160420496,0.6724688194204622,0.6567223598368263,0.6442126809676603,0.6530909409451229,0.6742778400057536,0.5631341659995069,0.6742293197200313,0.6597881444449296,0.6073797459713144,0.3051144780716684,0.6733571878751549,0.6744723894299343,0.6641710801361467,0.6719509924674024,0.6726519523884044,0.6714127580344134
