,6120425770,6120427080,6120428670,6120431080,6120433940,6120434370,6120434870,6120435030,6120435720,6120436480,6120436640,6120436870,6120440160,6120440660,6120440820,6120440830,6120445940,6120454220,6121135980,6121139840
6120425770,0.0,0.611433731762,0.244346795737,0.652224754913,0.543939841769,0.645169822482,0.589127521657,0.627907446665,0.57943996322,0.617401902182,0.619221440901,0.538232958909,0.592799686372,0.55677912757,0.505296059011,0.563636721026,0.566858133653,0.573661076851,0.585149216176,0.58245411127
6120427080,0.611433731762,0.0,0.58461221245,0.512913139775,0.672331912025,0.602779906755,0.635351186667,0.593039284969,0.665939143716,0.66327865023,0.656347701904,0.669344407916,0.674444902906,0.674482153774,0.591113086753,0.674275190027,0.579262819926,0.560658505182,0.639116544251,0.556063221677
6120428670,0.244346795737,0.58461221245,0.0,0.674055071338,0.262373595795,0.606375904863,0.456148454823,0.668352148419,0.651732358136,0.638384193183,0.645349509273,0.578788539515,0.585310256089,0.553159258153,0.548966497186,0.585985929908,0.599849063358,0.604840684316,0.601642183048,0.614483399069
6120431080,0.652224754913,0.512913139775,0.674055071338,0.0,0.621568546963,0.551790902435,0.551642359183,0.0760293432016,0.490808621231,0.504254657588,0.490859599372,0.582831747917,0.621010262967,0.625039609622,0.259500153225,0.638391872387,0.284047402127,0.278289158077,0.429584846004,0.263847728194
6120433940,0.543939841769,0.672331912025,0.262373595795,0.621568546963,0.0,0.34187659035,0.130840202467,0.632989833461,0.667056668657,0.638309847109,0.644915317951,0.597882718774,0.588926354937,0.573219086865,0.442345712011,0.610302665348,0.491004417248,0.471776334357,0.544668426831,0.492251812769
6120434370,0.645169822482,0.602779906755,0.606375904863,0.551790902435,0.34187659035,0.0,0.0842762769547,0.59436168759,0.663432611612,0.666574677264,0.666671177951,0.631741184978,0.634547824646,0.61645391734,0.410391974404,0.640428695472,0.48306869414,0.466019071704,0.602287752766,0.482892264063
6120434870,0.589127521657,0.635351186667,0.456148454823,0.551642359183,0.130840202467,0.0842762769547,0.0,0.565646242589,0.670054612929,0.669670873145,0.671176462628,0.604883334193,0.599404529468,0.580178104021,0.331752262695,0.620206676159,0.412157697572,0.391369512897,0.544644658971,0.413715308904
6120435030,0.627907446665,0.593039284969,0.668352148419,0.0760293432016,0.632989833461,0.59436168759,0.565646242589,0.0,0.321420806419,0.359515618243,0.394109195569,0.552223887564,0.556040116581,0.593549580017,0.186802183635,0.620238054073,0.16673282847,0.155326254819,0.28916457256,0.145135461596
6120435720,0.57943996322,0.665939143716,0.651732358136,0.490808621231,0.667056668657,0.663432611612,0.670054612929,0.321420806419,0.0,0.241591086321,0.171331453365,0.459527185655,0.626331591585,0.60653266616,0.42603511636,0.559660311549,0.453818726458,0.462422713491,0.46580017472,0.450629827883
6120436480,0.617401902182,0.66327865023,0.638384193183,0.504254657588,0.638309847109,0.666574677264,0.669670873145,0.359515618243,0.241591086321,0.0,0.0397206490778,0.627444456023,0.572813960079,0.649306767593,0.45123242743,0.660980926055,0.384669787575,0.380041962035,0.361305884501,0.370450905963
6120436640,0.619221440901,0.656347701904,0.645349509273,0.490859599372,0.644915317951,0.666671177951,0.671176462628,0.394109195569,0.171331453365,0.0397206490778,0.0,0.536072620211,0.650943374968,0.628959223197,0.489355877832,0.617422388306,0.492764091137,0.483995104325,0.505168370576,0.475783847313
6120436870,0.538232958909,0.669344407916,0.578788539515,0.582831747917,0.597882718774,0.631741184978,0.604883334193,0.552223887564,0.459527185655,0.627444456023,0.536072620211,0.0,0.537699794552,0.36631462408,0.539109771268,0.0384530246077,0.617108129071,0.610454285031,0.545229030739,0.611739582579
6120440160,0.592799686372,0.674444902906,0.585310256089,0.621010262967,0.588926354937,0.634547824646,0.599404529468,0.556040116581,0.626331591585,0.572813960079,0.650943374968,0.537699794552,0.0,0.122577589038,0.491193386223,0.447633527099,0.407289591289,0.418257269319,0.159436600983,0.42026038786
6120440660,0.55677912757,0.674482153774,0.553159258153,0.625039609622,0.573219086865,0.61645391734,0.580178104021,0.593549580017,0.60653266616,0.649306767593,0.628959223197,0.36631462408,0.122577589038,0.0,0.483081464816,0.22418273747,0.577988341378,0.574211259533,0.420009057489,0.576560492137
6120440820,0.505296059011,0.591113086753,0.548966497186,0.259500153225,0.442345712011,0.410391974404,0.331752262695,0.186802183635,0.42603511636,0.45123242743,0.489355877832,0.539109771268,0.491193386223,0.483081464816,0.0,0.606698691999,0.0732458190295,0.0958479801276,0.253417337024,0.100081199795
6120440830,0.563636721026,0.674275190027,0.585985929908,0.638391872387,0.610302665348,0.640428695472,0.620206676159,0.620238054073,0.559660311549,0.660980926055,0.617422388306,0.0384530246077,0.447633527099,0.22418273747,0.606698691999,0.0,0.65344723908,0.648504892962,0.574084764569,0.650288118069
6120445940,0.566858133653,0.579262819926,0.599849063358,0.284047402127,0.491004417248,0.48306869414,0.412157697572,0.16673282847,0.453818726458,0.384669787575,0.492764091137,0.617108129071,0.407289591289,0.577988341378,0.0732458190295,0.65344723908,0.0,0.00736952072556,0.136369888068,0.00794189102617
6120454220,0.573661076851,0.560658505182,0.604840684316,0.278289158077,0.471776334357,0.466019071704,0.391369512897,0.155326254819,0.462422713491,0.380041962035,0.483995104325,0.610454285031,0.418257269319,0.574211259533,0.0958479801276,0.648504892962,0.00736952072556,0.0,0.13491532796,0.001671873214
6121135980,0.585149216176,0.639116544251,0.601642183048,0.429584846004,0.544668426831,0.602287752766,0.544644658971,0.28916457256,0.46580017472,0.361305884501,0.505168370576,0.545229030739,0.159436600983,0.420009057489,0.253417337024,0.574084764569,0.136369888068,0.13491532796,0.0,0.130587836371
6121139840,0.58245411127,0.556063221677,0.614483399069,0.263847728194,0.492251812769,0.482892264063,0.413715308904,0.145135461596,0.450629827883,0.370450905963,0.475783847313,0.611739582579,0.42026038786,0.576560492137,0.100081199795,0.650288118069,0.00794189102617,0.001671873214,0.130587836371,0.0
