,6120511710,6120512960,6120514010,6120514840,6120514850,6120515610,6120516370,6120521630,6120525920,6120526390,6120528300,6120530610,6120531010,6120534160,6120534990,6120535080,6120535590,6120542900,6120543250,6120543340,6120543520,6120543530,6120543670,6120544540,6120544640,6120546490,6121163840,6121164320,6121164810,6121166370,6121166910,6121167270,6121167720,6121168990,6121172550,6121173500,6121173610,6121174430,6121174830,6121175290,6121175500,6121176070,6121176270,6121177150
6120511710,0.0,0.470865439435,0.288682847612,0.272166153504,0.511271329791,0.514927470494,0.582887532631,0.662520591908,0.663797731038,0.602038559738,0.669093838563,0.588704047794,0.66279366225,0.563734864492,0.528078149405,0.673017862897,0.475509771211,0.48551157903,0.48179026909,0.46421396959,0.469043596769,0.471796707235,0.474858593995,0.564507484359,0.51663817236,0.520321716697,0.132471912326,0.134322994511,0.348094386825,0.649521326874,0.611552374231,0.667320594736,0.555647539276,0.499053301834,0.672798191229,0.55262179141,0.591853388203,0.646244835983,0.476840418756,0.527168440629,0.673908768427,0.444984276214,0.594558266411,0.501465870302
6120512960,0.470865439435,0.0,0.42236684671,0.57392933608,0.517821367935,0.525093374964,0.669023868089,0.660070152007,0.662554148754,0.658907706697,0.665036803419,0.617021667698,0.674442691719,0.607216585291,0.601908435321,0.671249718241,0.570507387893,0.660802645317,0.657623712413,0.652010612437,0.653955027385,0.652187863624,0.651663669478,0.602032253598,0.650338322096,0.58275320039,0.629878029624,0.541982146944,0.597301705446,0.663978659375,0.657635447739,0.674477031704,0.670346199649,0.658440782923,0.664812460133,0.663445292412,0.633543023418,0.645844419418,0.55667430761,0.581684238819,0.671006989194,0.656083899387,0.664360472717,0.65203332174
6120514010,0.288682847612,0.42236684671,0.0,0.127115720799,0.422965387971,0.430978732508,0.548979972316,0.665500684015,0.669227428728,0.593091374948,0.671147202064,0.605444352513,0.664600197189,0.559471975136,0.525852166355,0.674481707108,0.465435936763,0.542571335729,0.540819549339,0.525263303677,0.529468608316,0.531444666271,0.533537965071,0.547242992858,0.56264426753,0.503779991503,0.284161540782,0.406413738965,0.193337863347,0.632305002743,0.579693790167,0.661967204448,0.530966113975,0.480315769923,0.671607485901,0.584705969105,0.588079424494,0.630455718652,0.455731502682,0.505901623432,0.673577340843,0.50398261397,0.624198783093,0.553388751635
6120514840,0.272166153504,0.57392933608,0.127115720799,0.0,0.350997759628,0.362114531604,0.445272238629,0.664915954497,0.67057257191,0.562434556852,0.672038593907,0.608295337392,0.653010065486,0.56162602808,0.526706966972,0.673504794487,0.466402567653,0.502041779444,0.501417560997,0.486096205992,0.490049715211,0.49474508858,0.498030758134,0.5418917879,0.537961607411,0.500829330872,0.194537708949,0.445547335955,0.392464453885,0.593391570757,0.521261151707,0.653391733926,0.454522676226,0.392769425973,0.674190260644,0.559873206951,0.589710474192,0.636044010598,0.451879903642,0.500542741424,0.674274888081,0.453994713999,0.611527288394,0.52413058874
6120514850,0.511271329791,0.517821367935,0.422965387971,0.350997759628,0.0,0.000533949363902,0.641151803814,0.674435539315,0.674081297975,0.564612594465,0.670909042997,0.634379828389,0.635269802479,0.603983860733,0.58060137891,0.67074990587,0.539965637589,0.571053254812,0.56646521062,0.556256443227,0.559462253682,0.561260874301,0.562534732466,0.563176212464,0.58119671663,0.543913743061,0.474738325627,0.601672516694,0.573766157406,0.250315571622,0.26105779359,0.591248641195,0.551013043245,0.478522459855,0.671219147949,0.606246892326,0.625261297424,0.65379246815,0.508128978104,0.536649753759,0.674398749296,0.545552100914,0.628300427161,0.575075105095
6120515610,0.514927470494,0.525093374964,0.430978732508,0.362114531604,0.000533949363902,0.0,0.637741007192,0.674360002429,0.673916946348,0.564943249294,0.671180859392,0.636165477866,0.635107645588,0.605423189589,0.582080823079,0.67078035375,0.541960959882,0.57247058051,0.568101199128,0.558068531759,0.561204473009,0.563034466875,0.564310649581,0.564700237832,0.582830885935,0.54588043742,0.477575184282,0.603661574353,0.578330831662,0.233517960459,0.248490642453,0.588041481254,0.549041740205,0.47777246265,0.671080987879,0.607155628124,0.625980565252,0.653958044184,0.51048295958,0.53849914792,0.67438804214,0.547105287815,0.629232567996,0.576764329869
6120516370,0.582887532631,0.669023868089,0.548979972316,0.445272238629,0.641151803814,0.637741007192,0.0,0.665707731534,0.666512678458,0.645015658373,0.67377582143,0.669418406178,0.674168923663,0.609751080652,0.590286130218,0.655937398799,0.546113054689,0.665872227967,0.666568058989,0.662638659695,0.663649539243,0.663585546643,0.663680457248,0.592337274562,0.666089417176,0.566916922422,0.519753356835,0.609003802366,0.584681716869,0.294586541402,0.372040929163,0.615859946783,0.492565771493,0.560790407585,0.660107780848,0.665865429931,0.618030356455,0.607806550577,0.535562053906,0.563586387288,0.653133125105,0.654769372081,0.67417206786,0.666316417301
6120521630,0.662520591908,0.660070152007,0.665500684015,0.664915954497,0.674435539315,0.674360002429,0.665707731534,0.0,0.222605301862,0.656630985166,0.669911389179,0.641163281847,0.666454241523,0.668359427701,0.657958065193,0.661376180604,0.645938828815,0.652834541802,0.656734526543,0.661227378966,0.659700323081,0.661932846112,0.663038773237,0.636614403328,0.670260015584,0.629985590057,0.668423587522,0.669135441779,0.671456175998,0.655667946747,0.579196950682,0.280799576589,0.662050632007,0.673361412395,0.671461483111,0.663190067713,0.666209251333,0.649139338236,0.622200145907,0.626256903573,0.654173097212,0.65532203626,0.666762691635,0.666656160003
6120525920,0.663797731038,0.662554148754,0.669227428728,0.67057257191,0.674081297975,0.673916946348,0.666512678458,0.222605301862,0.0,0.59072279802,0.529966158016,0.560831013394,0.648356410812,0.674195731117,0.671986911667,0.663188252207,0.665906327303,0.631053572154,0.639916033778,0.644721135416,0.64254833029,0.6456266181,0.647817515749,0.643539981483,0.663785716829,0.64168925474,0.668459153083,0.668658051353,0.671894125778,0.659687779456,0.620708493016,0.540696195168,0.668906664856,0.632270297475,0.655682449518,0.646302785313,0.674301791385,0.659511475346,0.635214673782,0.631840251717,0.653566946802,0.63361203635,0.659298561448,0.6565023175
6120526390,0.602038559738,0.658907706697,0.593091374948,0.562434556852,0.564612594465,0.564943249294,0.645015658373,0.656630985166,0.59072279802,0.0,0.662902156812,0.655746784218,0.581864799594,0.65499008535,0.666250172365,0.673403451495,0.656833373216,0.672743869028,0.673217849838,0.67330034004,0.673217852229,0.673739591655,0.673849584812,0.660244278725,0.674402426087,0.659925679129,0.583574560963,0.63694772167,0.635973632233,0.62820926432,0.578946670744,0.628162246433,0.633049773621,0.543040457984,0.647293060078,0.673509571597,0.667515423373,0.659980893002,0.651471538571,0.653648711423,0.667976462071,0.667368137878,0.674132809341,0.674298329486
6120528300,0.669093838563,0.665036803419,0.671147202064,0.672038593907,0.670909042997,0.671180859392,0.67377582143,0.669911389179,0.529966158016,0.662902156812,0.0,0.371158793826,0.671138299835,0.670963316412,0.674377613733,0.645409234025,0.672741656645,0.643944297827,0.645984414034,0.648586689883,0.647633822613,0.648776757004,0.649939273174,0.665849997738,0.659766147586,0.664517187351,0.671340449696,0.671202034492,0.672505354221,0.674470155522,0.674482169255,0.673717242926,0.671981874145,0.660155742868,0.67376681654,0.654117298307,0.674473046752,0.658662440929,0.664479674965,0.663665101034,0.652569984179,0.650824829873,0.656500987903,0.654636463404
6120530610,0.588704047794,0.617021667698,0.605444352513,0.608295337392,0.634379828389,0.636165477866,0.669418406178,0.641163281847,0.560831013394,0.655746784218,0.371158793826,0.0,0.643624091823,0.480760771174,0.615948490973,0.66432145843,0.632233357442,0.568708774382,0.582839556905,0.581513412041,0.579976805754,0.581751953371,0.586382556199,0.67232350751,0.629236811505,0.673823187534,0.598030842491,0.610342400027,0.622806898064,0.671842599972,0.670786158978,0.672247964228,0.672372406796,0.673741886772,0.611976447671,0.589528777542,0.60915124501,0.674125554338,0.674388797127,0.672968256188,0.64755191315,0.582193395559,0.627854495406,0.610541127231
6120531010,0.66279366225,0.674442691719,0.664600197189,0.653010065486,0.635269802479,0.635107645588,0.674168923663,0.666454241523,0.648356410812,0.581864799594,0.671138299835,0.643624091823,0.0,0.609483171311,0.6033949233,0.39718304634,0.618431379137,0.634073488813,0.637426822492,0.648450206987,0.645781018739,0.652699603094,0.654061052512,0.67326661736,0.658151662173,0.673798229597,0.649360897151,0.674470159786,0.674460597239,0.66367037159,0.65117261198,0.66330744286,0.674479937118,0.668113941501,0.104666361353,0.646189881356,0.597111019543,0.623101848801,0.673366985412,0.673154093821,0.660345136105,0.621343330469,0.664666949748,0.655676739499
6120534160,0.563734864492,0.607216585291,0.559471975136,0.56162602808,0.603983860733,0.605423189589,0.609751080652,0.668359427701,0.674195731117,0.65499008535,0.670963316412,0.480760771174,0.609483171311,0.0,0.314537636624,0.453323482816,0.333655641168,0.669855090027,0.669793275196,0.66441334462,0.665761770661,0.663300901928,0.663488965066,0.654226417179,0.670355535597,0.631476452497,0.572056472436,0.561974570876,0.562727013298,0.643047318493,0.617600835134,0.647683894506,0.633622634786,0.634127080373,0.42894525867,0.66793671555,0.256665029932,0.545516657325,0.586699412609,0.635104425965,0.665409981438,0.670508183662,0.672553403893,0.668252109672
6120534990,0.528078149405,0.601908435321,0.525852166355,0.526706966972,0.58060137891,0.582080823079,0.590286130218,0.657958065193,0.671986911667,0.666250172365,0.674377613733,0.615948490973,0.6033949233,0.314537636624,0.0,0.445051606408,0.0923939035298,0.666069997998,0.661901365763,0.653346006227,0.656026198102,0.652738251124,0.652355561015,0.611317643215,0.658584847007,0.580391792303,0.525253727338,0.535577321477,0.536593707314,0.628434673747,0.595690683407,0.631040901592,0.630912076094,0.636067705596,0.476768460209,0.670525974454,0.051003644416,0.50969196431,0.439517102627,0.549485151106,0.666043187904,0.65709934216,0.668419442863,0.656692277523
6120535080,0.673017862897,0.671249718241,0.674481707108,0.673504794487,0.67074990587,0.67078035375,0.655937398799,0.661376180604,0.663188252207,0.673403451495,0.645409234025,0.66432145843,0.39718304634,0.453323482816,0.445051606408,0.0,0.490873575116,0.492490583276,0.54289321704,0.576949841465,0.565957824299,0.588802166683,0.596492679927,0.672098692525,0.63183430457,0.658914613757,0.667253954683,0.670197018967,0.666369668785,0.673730187632,0.672997822172,0.667694675413,0.665126289012,0.671961035649,0.261310587498,0.421230495224,0.412250458956,0.521140929556,0.642177757662,0.667286088319,0.624089490066,0.452652918899,0.640022583502,0.616039503931
6120535590,0.475509771211,0.570507387893,0.465435936763,0.466402567653,0.539965637589,0.541960959882,0.546113054689,0.645938828815,0.665906327303,0.656833373216,0.672741656645,0.632233357442,0.618431379137,0.333655641168,0.0923939035298,0.490873575116,0.0,0.671922688743,0.672631383676,0.665993853061,0.667999568076,0.665994363173,0.665780560697,0.512817316118,0.669776624332,0.441060433292,0.476216524494,0.478107219217,0.476005172194,0.604530063842,0.552517821294,0.604641773227,0.604449913983,0.609989690463,0.49703341098,0.666592052712,0.206189435964,0.363785808799,0.23886165901,0.411965385356,0.625014561831,0.654503658197,0.67435650742,0.669692050605
6120542900,0.48551157903,0.660802645317,0.542571335729,0.502041779444,0.571053254812,0.57247058051,0.665872227967,0.652834541802,0.631053572154,0.672743869028,0.643944297827,0.568708774382,0.634073488813,0.669855090027,0.666069997998,0.492490583276,0.671922688743,0.0,0.0498947883118,0.0819183217082,0.0619467168589,0.103417927014,0.128092096628,0.673862337526,0.321717625922,0.674033138768,0.395217675519,0.601325829278,0.622767783395,0.660218163269,0.654470302964,0.674481882633,0.662671502617,0.649445957996,0.640665157631,0.217149870408,0.674270614795,0.561332062025,0.673941696975,0.674118205653,0.525962452935,0.0517992680987,0.414238046435,0.234736599107
6120543250,0.48179026909,0.657623712413,0.540819549339,0.501417560997,0.56646521062,0.568101199128,0.666568058989,0.656734526543,0.639916033778,0.673217849838,0.645984414034,0.582839556905,0.637426822492,0.669793275196,0.661901365763,0.54289321704,0.672631383676,0.0498947883118,0.0,0.0237699186807,0.00948464950192,0.0317853212164,0.0445964462882,0.674295793609,0.177892182794,0.674447460401,0.393813085757,0.599896640963,0.622108536252,0.659813737594,0.652857926762,0.674415926863,0.664237265471,0.65383387931,0.643921367517,0.370356769137,0.673048580567,0.528288156808,0.674245112351,0.672998436154,0.431962291255,0.149464470586,0.287811982196,0.102220842854
6120543340,0.46421396959,0.652010612437,0.525263303677,0.486096205992,0.556256443227,0.558068531759,0.662638659695,0.661227378966,0.644721135416,0.67330034004,0.648586689883,0.581513412041,0.648450206987,0.66441334462,0.653346006227,0.576949841465,0.665993853061,0.0819183217082,0.0237699186807,0.0,0.00471817140086,0.00238624578547,0.00751865865293,0.67375059653,0.119682490905,0.674448665303,0.37513339447,0.586546143738,0.610540828985,0.656279321003,0.647221786087,0.673811271919,0.662077415173,0.652409607898,0.656382847843,0.415378613831,0.670858973557,0.556155441386,0.674291909537,0.673178269221,0.412024992721,0.171977043927,0.243096179066,0.0571995510569
6120543520,0.469043596769,0.653955027385,0.529468608316,0.490049715211,0.559462253682,0.561204473009,0.663649539243,0.659700323081,0.64254833029,0.673217852229,0.647633822613,0.579976805754,0.645781018739,0.665761770661,0.656026198102,0.565957824299,0.667999568076,0.0619467168589,0.00948464950192,0.00471817140086,0.0,0.0117196710053,0.0208540713291,0.674205975926,0.150835742295,0.674480747677,0.379830722614,0.590199826584,0.613685720642,0.657303758111,0.648977124316,0.674070231414,0.662467817373,0.652288457548,0.653620167778,0.392866223808,0.671588599264,0.551222765252,0.674363619506,0.673626249621,0.427649738728,0.155122986048,0.268130006058,0.0835646740637
6120543530,0.471796707235,0.652187863624,0.531444666271,0.49474508858,0.561260874301,0.563034466875,0.663585546643,0.661932846112,0.6456266181,0.673739591655,0.648776757004,0.581751953371,0.652699603094,0.663300901928,0.652738251124,0.588802166683,0.665994363173,0.103417927014,0.0317853212164,0.00238624578547,0.0117196710053,0.0,0.00191633924583,0.672413342835,0.101645823331,0.673821687713,0.386494098098,0.589682878062,0.613108260536,0.657300690891,0.648867231263,0.673880584499,0.663486888998,0.655210841148,0.65981255983,0.443329388773,0.670591872235,0.550274313048,0.674481467797,0.671273418533,0.387161832191,0.199138572725,0.220680705786,0.0429227880057
6120543670,0.474858593995,0.651663669478,0.533537965071,0.498030758134,0.562534732466,0.564310649581,0.663680457248,0.663038773237,0.647817515749,0.673849584812,0.649939273174,0.586382556199,0.654061052512,0.663488965066,0.652355561015,0.596492679927,0.665780560697,0.128092096628,0.0445964462882,0.00751865865293,0.0208540713291,0.00191633924583,0.0,0.670879044796,0.0791683211574,0.672911278932,0.391935270641,0.590497167054,0.613618289853,0.657362472048,0.648793370443,0.673764198118,0.6638938443,0.65630274002,0.660805333179,0.467340943519,0.670468489737,0.55394167913,0.674473917112,0.669843173526,0.373472983205,0.223506342126,0.201612589209,0.0277477508898
6120544540,0.564507484359,0.602032253598,0.547242992858,0.5418917879,0.563176212464,0.564700237832,0.592337274562,0.636614403328,0.643539981483,0.660244278725,0.665849997738,0.67232350751,0.67326661736,0.654226417179,0.611317643215,0.672098692525,0.512817316118,0.673862337526,0.674295793609,0.67375059653,0.674205975926,0.672413342835,0.670879044796,0.0,0.653345630901,0.136131423866,0.5721953208,0.567896850544,0.561413077363,0.615215268942,0.558406424832,0.601521750136,0.626076638432,0.630417194117,0.673387945366,0.657102076455,0.652633658199,0.53431206008,0.251637662122,0.154801164559,0.441486196384,0.66246735156,0.592094961466,0.662581141215
6120544640,0.51663817236,0.650338322096,0.56264426753,0.537961607411,0.58119671663,0.582830885935,0.666089417176,0.670260015584,0.663785716829,0.674402426087,0.659766147586,0.629236811505,0.658151662173,0.670355535597,0.658584847007,0.63183430457,0.669776624332,0.321717625922,0.177892182794,0.119682490905,0.150835742295,0.101645823331,0.0791683211574,0.653345630901,0.0,0.655690661507,0.457939654696,0.606219870633,0.624754692601,0.659538271276,0.650625000157,0.672731001135,0.667867812207,0.664945274955,0.661140066824,0.59745213536,0.672489899708,0.585126303075,0.674037948541,0.660125476224,0.338748657905,0.40440411644,0.132014830973,0.0167121225261
6120546490,0.520321716697,0.58275320039,0.503779991503,0.500829330872,0.543913743061,0.54588043742,0.566916922422,0.629985590057,0.64168925474,0.659925679129,0.664517187351,0.673823187534,0.673798229597,0.631476452497,0.580391792303,0.658914613757,0.441060433292,0.674033138768,0.674447460401,0.674448665303,0.674480747677,0.673821687713,0.672911278932,0.136131423866,0.655690661507,0.0,0.526465674339,0.524211923178,0.518387863216,0.605646847216,0.544037207997,0.592467982018,0.615985958373,0.623386891563,0.661285608847,0.659037381769,0.635872652567,0.440767403339,0.197534469457,0.171163866927,0.419803961149,0.659622954365,0.631701843626,0.665803680817
6121163840,0.132471912326,0.629878029624,0.284161540782,0.194537708949,0.474738325627,0.477575184282,0.519753356835,0.668423587522,0.668459153083,0.583574560963,0.671340449696,0.598030842491,0.649360897151,0.572056472436,0.525253727338,0.667253954683,0.476216524494,0.395217675519,0.393813085757,0.37513339447,0.379830722614,0.386494098098,0.391935270641,0.5721953208,0.457939654696,0.526465674339,0.0,0.201314054389,0.275625433168,0.626318325781,0.569871027667,0.655404246101,0.505741153531,0.438137423728,0.67447032023,0.49968032132,0.591561638207,0.655080467957,0.484886114453,0.535857565654,0.670135329195,0.341923060024,0.560163465698,0.432273835204
6121164320,0.134322994511,0.541982146944,0.406413738965,0.445547335955,0.601672516694,0.603661574353,0.609003802366,0.669135441779,0.668658051353,0.63694772167,0.671202034492,0.610342400027,0.674470159786,0.561974570876,0.535577321477,0.670197018967,0.478107219217,0.601325829278,0.599896640963,0.586546143738,0.590199826584,0.589682878062,0.590497167054,0.567896850544,0.606219870633,0.524211923178,0.201314054389,0.0,0.152254615023,0.663855989334,0.643844675715,0.670598181723,0.611627487369,0.586120319853,0.658164201753,0.622103577518,0.589802484237,0.620374748628,0.48010858824,0.528914263192,0.670753403993,0.575458950784,0.647306610258,0.602352773168
6121164810,0.348094386825,0.597301705446,0.193337863347,0.392464453885,0.573766157406,0.578330831662,0.584681716869,0.671456175998,0.671894125778,0.635973632233,0.672505354221,0.622806898064,0.674460597239,0.562727013298,0.536593707314,0.666369668785,0.476005172194,0.622767783395,0.622108536252,0.610540828985,0.613685720642,0.613108260536,0.613618289853,0.561413077363,0.624754692601,0.518387863216,0.275625433168,0.152254615023,0.0,0.663847609669,0.638528203005,0.668431172847,0.605595596083,0.584991262611,0.656170790698,0.635198494163,0.588832912463,0.609495288103,0.472902241328,0.520883554022,0.666111115412,0.599197708842,0.657811304301,0.622759033089
6121166370,0.649521326874,0.663978659375,0.632305002743,0.593391570757,0.250315571622,0.233517960459,0.294586541402,0.655667946747,0.659687779456,0.62820926432,0.674470155522,0.671842599972,0.66367037159,0.643047318493,0.628434673747,0.673730187632,0.604530063842,0.660218163269,0.659813737594,0.656279321003,0.657303758111,0.657300690891,0.657362472048,0.615215268942,0.659538271276,0.605646847216,0.626318325781,0.663855989334,0.663847609669,0.0,0.0855868684322,0.529532926446,0.563681237232,0.57185524537,0.674310503537,0.663317675426,0.647754645747,0.65012129476,0.586190473302,0.599866306711,0.668837020978,0.651809072348,0.67021119632,0.659622085229
6121166910,0.611552374231,0.657635447739,0.579693790167,0.521261151707,0.26105779359,0.248490642453,0.372040929163,0.579196950682,0.620708493016,0.578946670744,0.674482169255,0.670786158978,0.65117261198,0.617600835134,0.595690683407,0.672997822172,0.552517821294,0.654470302964,0.652857926762,0.647221786087,0.648977124316,0.648867231263,0.648793370443,0.558406424832,0.650625000157,0.544037207997,0.569871027667,0.643844675715,0.638528203005,0.0855868684322,0.0,0.346166811404,0.472291264844,0.487348717603,0.673664012668,0.658668122343,0.630052647927,0.630742511026,0.509610559701,0.531721564518,0.662484236941,0.641455747375,0.668380168188,0.651468006745
6121167270,0.667320594736,0.674477031704,0.661967204448,0.653391733926,0.591248641195,0.588041481254,0.615859946783,0.280799576589,0.540696195168,0.628162246433,0.673717242926,0.672247964228,0.66330744286,0.647683894506,0.631040901592,0.667694675413,0.604641773227,0.674481882633,0.674415926863,0.673811271919,0.674070231414,0.673880584499,0.673764198118,0.601521750136,0.672731001135,0.592467982018,0.655404246101,0.670598181723,0.668431172847,0.529532926446,0.346166811404,0.0,0.368042592034,0.613082179774,0.673873864777,0.674294280352,0.649927624605,0.637539555537,0.572622243066,0.5844075068,0.656966046061,0.673703000557,0.67441429999,0.673589065879
6121167720,0.555647539276,0.670346199649,0.530966113975,0.454522676226,0.551013043245,0.549041740205,0.492565771493,0.662050632007,0.668906664856,0.633049773621,0.671981874145,0.672372406796,0.674479937118,0.633622634786,0.630912076094,0.665126289012,0.604449913983,0.662671502617,0.664237265471,0.662077415173,0.662467817373,0.663486888998,0.6638938443,0.626076638432,0.667867812207,0.615985958373,0.505741153531,0.611627487369,0.605595596083,0.563681237232,0.472291264844,0.368042592034,0.0,0.230650594069,0.6657228751,0.665044542131,0.643319783828,0.635455998005,0.595601194872,0.609179656317,0.661339100539,0.650243311483,0.674101297365,0.667082583087
6121168990,0.499053301834,0.658440782923,0.480315769923,0.392769425973,0.478522459855,0.47777246265,0.560790407585,0.673361412395,0.632270297475,0.543040457984,0.660155742868,0.673741886772,0.668113941501,0.634127080373,0.636067705596,0.671961035649,0.609989690463,0.649445957996,0.65383387931,0.652409607898,0.652288457548,0.655210841148,0.65630274002,0.630417194117,0.664945274955,0.623386891563,0.438137423728,0.586120319853,0.584991262611,0.57185524537,0.487348717603,0.613082179774,0.230650594069,0.0,0.671546223634,0.656278730981,0.644980688698,0.637624392617,0.602518161545,0.613898082373,0.662825980932,0.627206598299,0.673300829835,0.662503608434
6121172550,0.672798191229,0.664812460133,0.671607485901,0.674190260644,0.671219147949,0.671080987879,0.660107780848,0.671461483111,0.655682449518,0.647293060078,0.67376681654,0.611976447671,0.104666361353,0.42894525867,0.476768460209,0.261310587498,0.49703341098,0.640665157631,0.643921367517,0.656382847843,0.653620167778,0.65981255983,0.660805333179,0.673387945366,0.661140066824,0.661285608847,0.67447032023,0.658164201753,0.656170790698,0.674310503537,0.673664012668,0.673873864777,0.6657228751,0.671546223634,0.0,0.64892295858,0.464102634085,0.540399649181,0.65280010443,0.672353465519,0.641483916988,0.633747905575,0.66454321043,0.659960800127
6121173500,0.55262179141,0.663445292412,0.584705969105,0.559873206951,0.606246892326,0.607155628124,0.665865429931,0.663190067713,0.646302785313,0.673509571597,0.654117298307,0.589528777542,0.646189881356,0.66793671555,0.670525974454,0.421230495224,0.666592052712,0.217149870408,0.370356769137,0.415378613831,0.392866223808,0.443329388773,0.467340943519,0.657102076455,0.59745213536,0.659037381769,0.49968032132,0.622103577518,0.635198494163,0.663317675426,0.658668122343,0.674294280352,0.665044542131,0.656278730981,0.64892295858,0.0,0.668998923287,0.664550403272,0.65068566714,0.647356847497,0.669133580687,0.140514254775,0.636897792089,0.551902551658
6121173610,0.591853388203,0.633543023418,0.588079424494,0.589710474192,0.625261297424,0.625980565252,0.618030356455,0.666209251333,0.674301791385,0.667515423373,0.674473046752,0.60915124501,0.597111019543,0.256665029932,0.051003644416,0.412250458956,0.206189435964,0.674270614795,0.673048580567,0.670858973557,0.671588599264,0.670591872235,0.670468489737,0.652633658199,0.672489899708,0.635872652567,0.591561638207,0.589802484237,0.588832912463,0.647754645747,0.630052647927,0.649927624605,0.643319783828,0.644980688698,0.464102634085,0.668998923287,0.0,0.503636246987,0.564632984392,0.62322141894,0.658131876022,0.672520928224,0.674439187151,0.671797900809
6121174430,0.646244835983,0.645844419418,0.630455718652,0.636044010598,0.65379246815,0.653958044184,0.607806550577,0.649139338236,0.659511475346,0.659980893002,0.658662440929,0.674125554338,0.623101848801,0.545516657325,0.50969196431,0.521140929556,0.363785808799,0.561332062025,0.528288156808,0.556155441386,0.551222765252,0.550274313048,0.55394167913,0.53431206008,0.585126303075,0.440767403339,0.655080467957,0.620374748628,0.609495288103,0.65012129476,0.630742511026,0.637539555537,0.635455998005,0.637624392617,0.540399649181,0.664550403272,0.503636246987,0.0,0.290769482033,0.495762688722,0.322849187022,0.648200736835,0.561046439623,0.557739849304
6121174830,0.476840418756,0.55667430761,0.455731502682,0.451879903642,0.508128978104,0.51048295958,0.535562053906,0.622200145907,0.635214673782,0.651471538571,0.664479674965,0.674388797127,0.673366985412,0.586699412609,0.439517102627,0.642177757662,0.23886165901,0.673941696975,0.674245112351,0.674291909537,0.674363619506,0.674481467797,0.674473917112,0.251637662122,0.674037948541,0.197534469457,0.484886114453,0.48010858824,0.472902241328,0.586190473302,0.509610559701,0.572622243066,0.595601194872,0.602518161545,0.65280010443,0.65068566714,0.564632984392,0.290769482033,0.0,0.115224365129,0.538032817105,0.653593944934,0.668256030224,0.673575286457
6121175290,0.527168440629,0.581684238819,0.505901623432,0.500542741424,0.536649753759,0.53849914792,0.563586387288,0.626256903573,0.631840251717,0.653648711423,0.663665101034,0.672968256188,0.673154093821,0.635104425965,0.549485151106,0.667286088319,0.411965385356,0.674118205653,0.672998436154,0.673178269221,0.673626249621,0.671273418533,0.669843173526,0.154801164559,0.660125476224,0.171163866927,0.535857565654,0.528914263192,0.520883554022,0.599866306711,0.531721564518,0.5844075068,0.609179656317,0.613898082373,0.672353465519,0.647356847497,0.62322141894,0.495762688722,0.115224365129,0.0,0.358909302271,0.657384890916,0.637262807454,0.661563450254
6121175500,0.673908768427,0.671006989194,0.673577340843,0.674274888081,0.674398749296,0.67438804214,0.653133125105,0.654173097212,0.653566946802,0.667976462071,0.652569984179,0.64755191315,0.660345136105,0.665409981438,0.666043187904,0.624089490066,0.625014561831,0.525962452935,0.431962291255,0.412024992721,0.427649738728,0.387161832191,0.373472983205,0.441486196384,0.338748657905,0.419803961149,0.670135329195,0.670753403993,0.666111115412,0.668837020978,0.662484236941,0.656966046061,0.661339100539,0.662825980932,0.641483916988,0.669133580687,0.658131876022,0.322849187022,0.538032817105,0.358909302271,0.0,0.614738052426,0.24574299323,0.330400921767
6121176070,0.444984276214,0.656083899387,0.50398261397,0.453994713999,0.545552100914,0.547105287815,0.654769372081,0.65532203626,0.63361203635,0.667368137878,0.650824829873,0.582193395559,0.621343330469,0.670508183662,0.65709934216,0.452652918899,0.654503658197,0.0517992680987,0.149464470586,0.171977043927,0.155122986048,0.199138572725,0.223506342126,0.66246735156,0.40440411644,0.659622954365,0.341923060024,0.575458950784,0.599197708842,0.651809072348,0.641455747375,0.673703000557,0.650243311483,0.627206598299,0.633747905575,0.140514254775,0.672520928224,0.648200736835,0.653593944934,0.657384890916,0.614738052426,0.0,0.501318090632,0.331035847349
6121176270,0.594558266411,0.664360472717,0.624198783093,0.611527288394,0.628300427161,0.629232567996,0.67417206786,0.666762691635,0.659298561448,0.674132809341,0.656500987903,0.627854495406,0.664666949748,0.672553403893,0.668419442863,0.640022583502,0.67435650742,0.414238046435,0.287811982196,0.243096179066,0.268130006058,0.220680705786,0.201612589209,0.592094961466,0.132014830973,0.631701843626,0.560163465698,0.647306610258,0.657811304301,0.67021119632,0.668380168188,0.67441429999,0.674101297365,0.673300829835,0.66454321043,0.636897792089,0.674439187151,0.561046439623,0.668256030224,0.637262807454,0.24574299323,0.501318090632,0.0,0.143987968139
6121177150,0.501465870302,0.65203332174,0.553388751635,0.52413058874,0.575075105095,0.576764329869,0.666316417301,0.666656160003,0.6565023175,0.674298329486,0.654636463404,0.610541127231,0.655676739499,0.668252109672,0.656692277523,0.616039503931,0.669692050605,0.234736599107,0.102220842854,0.0571995510569,0.0835646740637,0.0429227880057,0.0277477508898,0.662581141215,0.0167121225261,0.665803680817,0.432273835204,0.602352773168,0.622759033089,0.659622085229,0.651468006745,0.673589065879,0.667082583087,0.662503608434,0.659960800127,0.551902551658,0.671797900809,0.557739849304,0.673575286457,0.661563450254,0.330400921767,0.331035847349,0.143987968139,0.0
