,6120503420,6120504210,6120504750,6120507690,6121159840,6121160380,6121163260
6120503420,1.0,0.844355636271,0.635809479661,0.22780346367,0.811247555527,0.940601481569,-0.0228631532039
6120504210,0.844355636271,1.0,0.887957592222,0.453551103452,0.276751589261,0.503895443264,0.193133184106
6120504750,0.635809479661,0.887957592222,1.0,0.749700753484,-0.188137419273,0.166159940359,0.566565751844
6120507690,0.22780346367,0.453551103452,0.749700753484,1.0,-0.593278132909,-0.194177467702,0.958040262624
6121159840,0.811247555527,0.276751589261,-0.188137419273,-0.593278132909,1.0,0.961484851422,-0.742694556097
6121160380,0.940601481569,0.503895443264,0.166159940359,-0.194177467702,0.961484851422,1.0,-0.388626628873
6121163260,-0.0228631532039,0.193133184106,0.566565751844,0.958040262624,-0.742694556097,-0.388626628873,1.0
