,6120503420,6120504210,6120504750,6120507690,6121159840,6121160380,6121163260
6120503420,0.0,0.19361927767894926,0.40182031312803457,0.6394803933304557,0.2305902430299292,0.077746796112504,0.6741296896679855
6120504210,0.19361927767894926,0.0,0.1426741184961139,0.5357354543261287,0.6228226887612449,0.5032240509009854,0.6493237815008458
6120504750,0.40182031312803457,0.1426741184961139,0.0,0.2953886819903727,0.6506084936706126,0.6558603920934212,0.4579756441798744
6120507690,0.6394803933304557,0.5357354543261287,0.2953886819903727,0.0,0.437078705492631,0.6490509789497113,0.05541469012910958
6121159840,0.2305902430299292,0.6228226887612449,0.6506084936706126,0.437078705492631,0.0,0.05095503050317663,0.3024410793474848
6121160380,0.077746796112504,0.5032240509009854,0.6558603920934212,0.6490509789497113,0.05095503050317663,0.0,0.5726147593057694
6121163260,0.6741296896679855,0.6493237815008458,0.4579756441798744,0.05541469012910958,0.3024410793474848,0.5726147593057694,0.0
