,6120503420,6120504210,6120504750,6120507690,6121159840,6121160380,6121163260
6120503420,0.0,9.473351097251879,11.466756116613476,27.135250007532417,11.082786842796752,4.763078456821856,36.53017774174541
6120504210,9.473351097251879,0.0,2.5508208918360054,18.636393276503494,18.510299967861496,12.912098934925803,27.95858105898221
6120504750,11.466756116613476,2.5508208918360054,0.0,16.14112368462271,20.983022708261576,15.244922051302298,25.492541619581505
6120507690,27.135250007532417,18.636393276503494,16.14112368462271,0.0,37.12386859151821,31.290346028871877,9.398148282081305
6121159840,11.082786842796752,18.510299967861496,20.983022708261576,37.12386859151821,0.0,6.3218131843454906,46.46710319865515
6121160380,4.763078456821856,12.912098934925803,15.244922051302298,31.290346028871877,6.3218131843454906,0.0,40.67962058391583
6121163260,36.53017774174541,27.95858105898221,25.492541619581505,9.398148282081305,46.46710319865515,40.67962058391583,0.0
