,6120503420,6120504210,6120504750,6120507690,6121159840,6121160380,6121163260
6120503420,0.0,9.47335109725,11.4667561166,27.1352500075,11.0827868428,4.76307845682,36.5301777417
6120504210,9.47335109725,0.0,2.55082089184,18.6363932765,18.5102999679,12.9120989349,27.958581059
6120504750,11.4667561166,2.55082089184,0.0,16.1411236846,20.9830227083,15.2449220513,25.4925416196
6120507690,27.1352500075,18.6363932765,16.1411236846,0.0,37.1238685915,31.2903460289,9.39814828208
6121159840,11.0827868428,18.5102999679,20.9830227083,37.1238685915,0.0,6.32181318435,46.4671031987
6121160380,4.76307845682,12.9120989349,15.2449220513,31.2903460289,6.32181318435,0.0,40.6796205839
6121163260,36.5301777417,27.958581059,25.4925416196,9.39814828208,46.4671031987,40.6796205839,0.0
