,6120503420,6120504210,6120504750,6120507690,6121159840,6121160380,6121163260
6120503420,0.0,92.487823486,92.487823486,313.101898193,312.849517822,133.320129395,504.018951416
6120504210,92.487823486,0.0,0.0,220.614074707,405.337341308,225.807952881,411.53112793
6120504750,92.487823486,0.0,0.0,220.614074707,405.337341308,225.807952881,411.53112793
6120507690,313.101898193,220.614074707,220.614074707,0.0,625.951416015,446.422027588,190.917053223
6121159840,312.849517822,405.337341308,405.337341308,625.951416015,0.0,179.529388427,816.868469238
6121160380,133.320129395,225.807952881,225.807952881,446.422027588,179.529388427,0.0,637.339080811
6121163260,504.018951416,411.53112793,411.53112793,190.917053223,816.868469238,637.339080811,0.0
