,6120535620,6120535710,6120538190,6120538400,6120539920,6120542160,6120542250,6120542320,6120542580,6120542590,6120544730,6120546160,6120549170,6120549760,6120549770,6120549930,6120549940,6120550030,6120550040,6120550140,6120550260,6120550380,6120550650,6120550660,6120550850,6120551010,6120551030,6120553760,6120555470,6120558960,6120559160,6120561950,6120562670,6120563960,6120564180,6120564190,6120564890,6120565270,6120565280,6120566220,6120566390,6120567600,6120568240,6120568540,6120571440,6120572200,6120576200,6120577240,6120579310,6120580890,6120581940,6120583620,6120583690,6120583700,6120585320,6121173480,6121173600,6121176350,6121177050,6121177220,6121177230,6121177530,6121177590,6121177870,6121178160,6121178680,6121178960,6121180450,6121180580,6121181110,6121181990,6121182490,6121183270,6121183720,6121184410,6121185180,6121186950,6121187120,6121187370,6121188080,6121191270,6121191690,6121195610,6121196510,6121197040
6120535620,0.0,0.4578287200378359,11.89394365265419,12.448807243020342,18.909198010661697,29.162309443288986,29.325824113206902,29.523640984940467,31.448728115792967,31.366908747953698,40.77841470464266,49.63288654194187,58.1892982103449,67.3953772081596,61.11354177545457,67.14472686106406,60.4427635277981,61.91514127421465,95.97201963153957,67.61321651682722,62.58360173167036,78.2801828859537,67.73909570725029,68.72917595930578,68.1185400646966,68.41604691404602,69.20259941132785,81.06170794079443,87.36173580360915,104.5719732325188,106.050501643644,119.83817967410485,124.60719108146698,179.37846948433742,134.71446285522177,138.4353783151998,144.38686878213858,148.00623764096758,148.1628249909995,191.56825447669942,167.12794460432542,199.9887546982782,203.41908939263743,183.1878626556379,202.98777807956245,205.70953059020195,231.41968965289485,237.91780501285646,247.38363597126965,256.1088701180113,262.2084917943829,269.6496353293355,269.70815255977607,270.02548925678013,291.2083423587546,41.41373878229045,23.233317420792226,40.25230182742153,34.77954000727708,39.07818383181241,43.13234458435361,52.294802233402386,57.563857262558024,67.23104613520883,72.85304112315984,81.06389434424338,85.20480860526953,75.13240315590197,107.27957983517555,115.65258268197034,123.34764982074154,131.05399512414436,140.97871978875935,148.2443484886644,158.4448033188493,166.64693209718092,152.29941514030497,157.16942835149985,162.17108879688044,176.35142843044088,216.34883615310724,223.3476897898059,275.2849380203352,282.41031018132173,292.47478507746104
6120535710,0.4578287200378359,0.0,11.673246593437778,12.224658868745967,18.67329280744868,28.837195221074026,29.027948794075268,29.228933465738248,31.150042803682343,31.0732074917113,40.46325298401341,49.26632101523864,58.0280195030907,67.0100061989693,60.79916252751416,66.76409553235186,60.198746500777936,61.77848099650543,96.13468052103703,67.23393099482166,62.286297818747386,78.34188570271434,67.38188845131069,68.67587101352933,67.75990600282262,68.05688446002188,69.14727513797452,80.9544676266184,87.19863431813027,104.41786625284311,105.9075035139012,119.69702383677269,124.47049707956238,179.49608916008452,134.62414470538744,138.37718366460828,144.3408193614976,147.97322192601476,148.13144186888152,191.67682050084346,167.15859558128457,200.09371057267785,203.5216415453861,183.22804769980596,203.03484958346334,205.75356276770276,231.46296803318862,237.9600468984559,247.42249360379293,256.1411187531506,262.24055148351283,269.6771990764358,269.73516392332135,270.0525979962371,291.2620908409265,41.82528576509878,23.648602076995516,39.807555514686314,34.61635378984282,39.03647810002894,43.16934676932198,52.39155084109283,57.69305474857512,67.39334488530113,73.02104891734331,81.22719833286227,85.36397557577683,75.096090421191,107.4309758250158,115.8089812226532,123.49155926146176,131.19382224302527,141.10947735701635,148.37460134308557,158.57690262773673,166.77328999168935,152.2831773982935,157.16504240159082,162.17923196820948,176.3842119910286,216.39059704455266,223.39555314081701,275.32797775263396,282.4397146491682,292.5105096182123
6120538190,11.89394365265419,11.673246593437778,0.0,0.5629017231370603,7.0314370442288885,18.008736591140394,17.804846612530003,17.967599831068313,19.918879121334463,19.787338229977102,29.37525035932604,39.02126504786976,46.47713800949448,57.125754758786144,49.640012899175545,56.755667451882424,48.56407433217086,50.35369601157647,88.87707179789128,57.189178079819406,50.95217271147705,69.20519721927927,56.850325219501705,57.959129051922716,57.254736259517344,57.561103316271314,58.40694319244596,69.71140535309705,75.62895463334246,92.88177033378767,94.42382929164307,108.21956090808055,113.01554995599471,171.11453872647522,123.47975483324468,127.51890303189295,133.60218030580768,137.3728102043413,137.5491355308121,183.1149980696215,157.35292459666368,191.45889750161624,194.84085934354974,173.54825752760883,193.44420347240063,196.11608266261,221.8013629020639,228.28045332191851,237.69002664888967,246.31146350044577,252.4062406621674,259.77806125937826,259.82839902637164,260.147080960708,281.73455827022747,43.81290930675918,26.946828575965192,33.21593391473898,23.085883029069738,28.65082679474784,33.948237474127865,44.13679004671059,50.032162023519305,60.34420142076719,66.04522117027669,74.07557003639246,78.09112659784684,64.55569052409749,99.8781237389315,108.33313020989527,115.72867967060203,123.3271314491743,133.0389512243864,140.2804181961743,150.50205825413943,158.5742636646861,141.87342095900974,146.89702397132675,152.06856622074864,166.6019130179825,206.71392380604016,213.805640671634,265.646544727133,272.5624391759461,282.7191089563788
6120538400,12.448807243020342,12.224658868745967,0.5629017231370603,0.0,6.470878353882648,17.468874528000036,17.248531195661,17.409945702882617,19.361639649831638,19.228471519869462,28.820427445635296,38.49500557292892,45.95262218011544,56.60904692671698,49.08144541800734,56.23420978887785,48.005040998113344,49.84412904372391,88.65247908643397,56.666246659154744,50.39031196327889,68.87009273603121,56.30974827953149,57.51307269324018,56.7150155839109,57.02166918068843,57.95886552968809,69.21826171300756,75.1005020850365,92.35717502397333,93.9052715831849,107.70135611103777,112.49965564368503,170.81129210266178,122.99245078992968,127.05456464301697,133.14670998370573,136.92742683699421,137.10506744045114,182.80017797923077,156.96146651154382,191.13922294485295,194.51823720841736,173.16422593056294,193.06508317846846,195.73385368324728,221.41675163920948,227.89450874756798,237.30044407146875,245.9154045143759,252.00975096065437,259.37721350859977,259.42705330728234,259.7458105683032,281.35708998811026,44.091165314998825,27.317060728858433,32.870080268985454,22.568300022499454,28.248328166342233,33.631606273738036,43.87534857536156,49.803370888982265,60.14497420485691,65.84682588646565,73.86268954041117,77.86936858753032,64.12211510409021,99.63318229738532,108.09091296119522,115.46818787637491,123.05930729335338,132.75772761755192,139.99696438147248,150.21873007344337,158.28284965220496,141.44155627116857,146.4748591677055,151.65696193279666,166.21152156434334,206.32880460778705,213.4258583947525,265.25962314854786,272.1627810557709,282.32482744005705
6120539920,18.909198010661697,18.67329280744868,7.0314370442288885,6.470878353882648,0.0,11.732714255994125,11.09678856145467,11.216208519604196,13.1644732631805,12.983686085603425,22.642031619457445,32.82455626496506,39.77087604275403,51.04224942349965,42.789900399150305,50.593447401141546,41.536112244637856,43.811897844617015,85.72282579637603,51.0013130435216,44.00986355665826,64.7370899593181,50.35535200180408,52.158638100557084,50.774766610582404,51.08592659886433,52.58086829551252,63.336059277431225,68.86322794954748,86.15113383251698,87.75579943449144,101.55197834576173,106.37121901714274,166.90815464317333,117.14238476636851,121.43790053331678,127.61985824257266,131.50454133463776,131.69590722293398,178.76420684319237,152.10361850186754,187.04668732430244,190.39219575193033,168.3799413958858,188.327134374396,190.96179941402005,216.61293455867226,223.07512692543926,232.44053809941335,240.98528729120312,247.0741099876484,254.39441785317183,254.43899462620675,254.7585019872349,276.6191785807311,47.1429632489454,31.567315949817697,29.94061421953528,16.534317652503272,23.599442175055152,29.956035912273837,40.73461447134273,46.993682867454005,57.61019802975529,63.29279577039949,71.10979957233758,75.00150108871263,58.89174263150035,96.44998691167554,104.92446694757459,112.08571933186191,119.5856010083008,129.12462123754682,136.3328000120789,146.54823733749504,154.5174131466229,136.15920387748622,141.2932301954062,146.58560692799537,161.36147078892688,201.52303279839307,208.67545755928128,260.4234432136359,267.19081341446275,277.4083628378431
6120542160,29.162309443288986,28.837195221074026,18.008736591140394,17.468874528000036,11.732714255994125,0.0,2.369731873199353,2.662587578150057,3.3076047265576176,3.576253501896779,11.667994984730859,21.11292898332413,33.966161931047324,39.3163421608769,31.9865209710643,38.8827717300589,32.72923710593533,38.668219733500685,88.35328731333597,39.29792549073283,33.62093350031434,65.11206411395732,38.84161610851592,49.44818492966889,39.2462041517215,39.552797180154634,49.77705485402556,58.35906449455484,62.03119810828648,79.33087289900787,81.22803671921861,94.93092277910529,99.82885502440743,166.90097359523503,111.76489457295659,116.90446751878316,123.36365595419977,127.57314859627655,127.8079818768888,178.40943025183924,149.76212177623543,186.53433825049902,189.79115819345535,166.18052944132072,186.19386356543544,188.73057445112178,214.2393841715066,220.6473750895713,229.88647465034518,238.22489804214925,244.2892973960613,251.46814640305237,251.49794579054853,251.81911505283736,274.32959714333816,58.04663060184227,43.16516355246715,21.30251686296811,14.549336096077282,25.13162611266401,33.01921106436978,44.12653490444943,50.73615585196972,61.5180740879731,67.02634331402929,74.3103009611416,77.91134302620357,56.39211913814774,98.44291623371815,106.87038427780958,113.51985099656702,120.76921674941158,129.89933999450065,136.9982507508971,147.14899196108223,154.87101795034576,132.65066062583048,138.06817390893738,143.66326900461718,159.00688861361112,199.17586073483093,206.46115937285745,257.89179619971304,264.2780473893359,274.6368030333934
6120542250,29.325824113206902,29.027948794075268,17.804846612530003,17.248531195661,11.09678856145467,2.369731873199353,0.0,0.3322148860796258,2.1237036784765504,2.0747656764477016,11.577171597788361,21.92101911071098,32.26148536587637,40.15054706530762,31.8454515614388,39.64898088980433,31.74195551583747,36.87435920228925,85.99117348726293,40.03978822319571,33.25841344468388,62.81765841370001,39.26529253109695,47.369816680442725,39.68739442268225,39.999439619668486,47.70939641110124,56.59790132519046,60.61931317164806,77.94090500028958,79.77964436322672,93.51415457680318,98.39978867228065,164.6655632863132,110.12784744176571,115.13562852462437,121.55731536038412,125.72306931725258,125.9520624602365,176.20030821519995,147.72620875620686,184.33821665067356,187.6023445810156,164.1336329596882,184.14402627484816,186.69148487231462,212.21956130435916,218.6343517679929,227.8886744068583,236.25168572426008,242.31961982663825,249.51595212839186,249.5475212768559,249.86852572682963,272.3071361689623,56.531640318215025,42.080253393322515,23.58562652680924,12.20973728053611,22.76190046258954,30.65578115634658,41.76031784769904,48.371850306282454,59.15286585238517,64.6583500784689,71.94093697760512,75.54421398570578,54.30631289173225,96.0971893773358,104.52766485684548,111.19667143602145,118.45824174778883,127.61025262380326,134.71644850818066,144.87262652389262,152.61048240401325,130.74647737349676,136.13028835151107,141.690795662414,156.97480213035666,197.1509389265825,204.4231057600727,255.89453586488182,262.32553478625914,272.66857684498297
6120542320,29.523640984940467,29.228933465738248,17.967599831068313,17.409945702882617,11.216208519604196,2.662587578150057,0.3322148860796258,0.0,1.9539939245565239,1.845847198389321,11.433579847298676,21.88223079251889,31.94136313158366,40.10674155096347,31.67412624228869,39.59538222580821,31.4783094548757,36.549438827457415,85.69108118195098,39.98256485519244,33.06047031364447,62.497220462975406,39.1638553137196,47.03762148076929,39.588214549864965,39.90091669995149,47.37718185410339,56.27396202125681,60.31671093949708,77.63939265259897,79.47389809080036,93.2104018644888,98.09509046667861,164.3389166514702,109.80974456293588,114.8108086864626,121.23087340367162,125.39495162340516,125.62373939035021,175.8718876598281,147.39404465126668,184.00908763490526,187.27285867106858,163.8014283929593,183.811815547695,186.35930248104106,211.8874903198619,218.3023384846328,227.55682394107677,235.9201907749558,241.9881835245689,249.18484261650772,249.21644784724106,249.5374488177984,271.97503921070063,56.48172133395286,42.10584848973973,23.822656066819157,11.898145533747648,22.474445625842257,30.382088295472435,41.48280366964319,48.096745908661305,58.87652591123464,64.37762822311934,71.65052330545096,75.24912157443183,53.97415866140197,95.78870956773531,104.21812406868993,110.88170949679154,118.14075800590984,127.28921727975613,134.3944404344521,144.5499507347198,152.28605929018798,130.4166217234538,135.79955683957323,141.35935512328396,156.64265646367414,196.81883209299144,204.09092612951457,255.56268721642238,261.99441523166456,272.3371587980462
6120542580,31.448728115792967,31.150042803682343,19.918879121334463,19.361639649831638,13.1644732631805,3.3076047265576176,2.1237036784765504,1.9539939245565239,0.0,0.4532787653887805,9.480692660512808,20.061619725067313,30.66294265526336,38.267711937421055,29.725647335569185,37.737145981034544,29.73005131388764,35.36062728260203,85.67361836211566,38.1175273505526,31.136300613473225,62.14473401805819,37.23556430576465,46.21472087235561,37.662256831229634,37.97564228036374,46.53707138282559,55.05254082175739,58.809780991358565,76.12001596112027,77.99412526218568,91.71002275185421,96.6033166522917,163.80776917079513,108.4764330850483,113.5980939807796,120.05606994121052,124.26662899607157,124.50182419272186,175.27985448049515,146.49840728984043,183.38890152468315,186.6374019762231,162.92153928990666,182.93595179394697,185.46761945018946,210.9680077602881,217.37331764313868,226.606906509444,234.93768612931024,241.0010772594224,248.17546943824433,248.20485731991357,248.52606330235145,271.05883078991684,58.091397790471845,43.923995685759024,23.30690690105662,11.85268382810624,22.683886145572963,30.718021366493602,41.76119689553492,48.393643857151915,59.1527901987915,64.60401970780207,71.76232709360204,75.30128876595656,53.161631539980725,95.64535109119804,104.05607773420007,110.62523373457863,117.83514439411447,126.907690919037,133.98978339249436,144.1283905081861,151.81955988042523,129.34961817930045,134.77312945799832,140.3767210221518,155.74131164611228,195.90668950072748,203.1975225648991,254.61187181376147,260.98539435290166,271.34805512327887
6120542590,31.366908747953698,31.0732074917113,19.787338229977102,19.228471519869462,12.983686085603425,3.576253501896779,2.0747656764477016,1.845847198389321,0.4532787653887805,0.0,9.663099143638483,20.37143666600503,30.437871087254067,38.564253044025754,29.853150201340323,38.02298547136681,29.678264906246017,35.11308720449833,85.24842379109835,38.399190189768035,31.21845016660582,61.75208747413753,37.46362543239591,45.89071528446705,37.893164124733545,38.20733970929458,46.21624013205033,54.815460904226214,58.65796405089313,75.97321954287192,77.83375470300018,91.55699159585983,96.44743896365668,163.44038229031347,108.27150803676646,113.36083778034039,119.80946662095508,124.00893433939646,124.24263112171153,174.92141151547966,146.1914251359999,183.0347723362845,186.2856473232971,162.61170066681862,182.62550497668065,185.16021079588646,210.6661569080136,217.07338307097598,226.31119499938157,234.64867546861558,240.71304735809974,247.89214482822683,247.9220034001277,248.24316704927304,270.75658262413174,57.72368316862922,43.62566842718287,23.756518437259988,11.419918316221194,22.2402976673099,30.269991407196745,41.31609920010194,47.94799540256786,58.70836161375902,64.16216985461625,71.32739044313259,74.870548542361,52.83640259266329,95.23139775252262,103.64406093090055,110.22301889007096,117.43849138131176,126.52015213058719,133.60520650513067,143.74606488671478,151.44318107748092,129.0779624626156,134.49266017580254,140.08706880821745,155.43552721691213,195.603314085223,202.8905547596747,254.31645503055648,260.7020411228889,271.06054953186367
6120544730,40.77841470464266,40.46325298401341,29.37525035932604,28.820427445635296,22.642031619457445,11.667994984730859,11.577171597788361,11.433579847298676,9.480692660512808,9.663099143638483,0.0,11.630780429227489,26.02178359243034,29.40557348908666,20.33596901840695,28.763743930374265,21.97731029112665,31.052532505050877,86.56725481171121,29.102078051295848,21.973791426351706,61.64648939993975,27.8613345875142,43.60907822941974,28.299968153895215,28.616621908141827,43.83202953189694,50.1030703840691,52.18378538948032,69.30939555430082,71.39812154253958,84.94332834698925,89.86870793550442,161.88555061807432,102.56838605251167,108.31722497157115,114.95646059281229,119.39911279685005,119.66714148323618,173.03372368093852,142.77755138208647,180.98940297393546,184.15684419756371,159.24868904560685,179.25215594680475,181.70023936435578,207.03002084560498,213.38075704385528,222.50022174093908,230.65912893081978,236.69455054099404,243.75098191481368,243.76911455351237,244.09113647879647,267.0898327994624,66.33229968019336,52.982573096120895,22.756066048389094,15.872552572861405,26.163510280690208,34.24312911458475,44.6499640684206,51.21182910500778,61.6966959299054,66.8471308392686,73.39026807952361,76.61256467249589,50.463940400739745,95.86580504107793,104.13999833620012,110.21713005887138,117.15589421161906,125.82157437313835,132.76697787797235,142.79387701970097,150.24375946726965,124.7880540464629,130.40811692509428,136.2241690906234,151.97252475810512,192.02245439144133,199.39972283119593,250.47908325303206,256.5542217504046,267.0112975372779
6120546160,49.63288654194187,49.26632101523864,39.02126504786976,38.49500557292892,32.82455626496506,21.11292898332413,21.92101911071098,21.88223079251889,20.061619725067313,20.37143666600503,11.630780429227489,0.0,31.282712858676973,18.23288521610776,14.860602133688946,17.77038563074553,22.669022390818863,36.207080120832266,95.15125927298551,18.18576266626445,17.878836873549808,69.39623175138749,18.21340594989723,49.88786405329903,18.56270399361016,18.849978654519077,49.99777877128213,53.2790729324109,52.61857221755872,68.91301968878889,71.34673612464415,84.34912393705932,89.26482007908906,167.3862556477125,103.22192863926773,109.88238520468465,116.73006948660776,121.47136057314975,121.78394230416667,178.1360167244057,146.24245853263443,185.8921872564856,188.9570299924106,162.69673336279538,182.6104356021482,184.94331502874073,209.97815044109691,216.24149731240416,225.18892617906428,233.10008209317098,239.08539440491487,245.9677161718369,245.97041413906462,246.29294782970993,269.8771702599789,77.84256161799391,63.98225874094862,20.137413535452886,27.367632863698784,37.20733284642302,45.11081403471502,55.04115838141022,61.46709226672674,71.66805430145351,76.57877653310112,82.64376920926406,85.60614243537636,56.38247202636614,103.81880702984583,111.91357196634104,117.50483483076259,124.1439155901503,132.36093160403064,139.13161282768806,148.99628514494822,156.16223584065807,127.24900123016612,133.09968982817963,139.16454135513996,155.33056018248132,195.08213905427777,202.55026101448146,253.07728491507424,258.7389025938395,269.3075823710184
6120549170,58.1892982103449,58.0280195030907,46.47713800949448,45.95262218011544,39.77087604275403,33.966161931047324,32.26148536587637,31.94136313158366,30.66294265526336,30.437871087254067,26.02178359243034,31.282712858676973,0.0,40.381529720311235,23.639657395792355,39.162971960332975,12.149884074359033,5.059335506485939,65.07022201171195,39.09607829431318,21.228116334428666,38.746960143519395,34.446437769466236,18.63827383446197,34.931584896746024,35.194531382881344,18.72722354838537,24.416484018791863,29.173233626167647,46.404656081311,47.985672684861186,61.78141176315015,66.60585016468269,136.3810360639907,77.87824129565078,82.94992548555685,89.44622866419256,93.7343135000343,93.98282120876247,147.3374693310224,116.75902137880152,155.21623184921722,158.34817227516882,133.2290920021807,153.2343438956722,155.68885263706298,181.04388469178647,187.405361613727,196.55103996650647,204.75944214575836,210.8048093588172,217.90439249692915,217.92687456312643,218.24862380176242,241.11523223356372,68.24273813794754,61.01863116457312,48.51397457430659,23.411832824706384,22.933105062908997,26.520374153067806,31.69532049234013,36.74346841779289,45.15009561391617,49.11695228070309,53.85839512170741,56.27027255749327,25.111765793066006,73.04314284311462,80.98320946384251,86.33443061898448,92.89265041631693,101.08020143305119,107.8662150942298,117.75897545150977,124.99689939608658,98.96580105537153,104.51143249523592,110.26751160246194,125.95813213956217,166.02602646149407,173.3930737828026,224.53984732478835,230.71188381023603,241.13556698132322
6120549760,67.3953772081596,67.0100061989693,57.125754758786144,56.60904692671698,51.04224942349965,39.3163421608769,40.15054706530762,40.10674155096347,38.267711937421055,38.564253044025754,29.40557348908666,18.23288521610776,40.381529720311235,0.0,16.75932974471102,1.29171015093569,28.529537959709774,44.37788168559643,105.29978228978437,1.6416405702460615,19.547968992154164,78.81706480187988,7.112607820719259,58.136418233327184,6.826077665081692,6.754905170105429,58.07612121998198,56.719004865412415,51.946335487890465,65.69615865993843,68.53708382597016,80.09642411622215,84.8208019044225,171.30567823992504,100.33100400727538,108.26039110168603,115.29042642635926,120.41191292168125,120.78919522771375,181.29512904992328,147.02953948156008,188.6576356410849,191.52868441595015,163.27173874087353,182.8605223519563,184.98843214647994,209.37377109715808,215.459325695551,224.08108793806207,231.55565288797666,237.43212428047033,244.00615690159714,243.9843649805332,244.30627307642806,268.7290114438357,95.69630038166109,82.18982081656482,32.09102717172709,44.367907663709325,53.073363662518155,60.43005479304834,69.24552665831035,75.26808079177302,84.73185521244433,89.11074831671492,94.20410363957302,96.65120853823599,63.64672923558598,112.719988622047,120.3737612899435,125.04277287027486,131.07291288011172,138.41445482534763,144.8043860628085,154.28281905411924,160.8930862728585,126.7038623479437,132.82791171385549,139.20172158666722,155.83807702827792,194.75554344921974,202.31937127437254,251.6924096123933,256.6723766932175,267.37722651926236
6120549770,61.11354177545457,60.79916252751416,49.640012899175545,49.08144541800734,42.789900399150305,31.9865209710643,31.8454515614388,31.67412624228869,29.725647335569185,29.853150201340323,20.33596901840695,14.860602133688946,23.639657395792355,16.75932974471102,0.0,15.529138649128022,11.809249304534267,27.638385643796244,88.55147176399433,15.456447669203884,3.428028002007241,62.086513511663526,11.04746159310064,41.4564659061133,11.551342447593388,11.843279913964073,41.41587516290595,41.349617426711895,38.76497508538141,54.49561399941332,57.03986798814466,69.79437215172427,74.69166785752154,156.21617362414625,89.03257588245903,96.08480344450243,103.01216752269512,107.89636970052118,108.23261814347403,166.5547873798494,133.45148501397074,174.11062835645905,177.07834591054095,149.84222553685404,169.64630601377166,171.89798128735112,196.70387079836794,202.9059540169081,211.74176342364217,219.50636133947813,225.45893123653096,232.24413010307208,232.23894290069322,232.56146787188732,256.44370646101936,83.44883852429328,71.9068711729357,34.93858643009578,31.798061376553502,38.68066038918472,45.36339906462647,53.359574046151366,59.146469102732866,68.30803723671855,72.5463771197658,77.49017606320125,79.90148194248796,47.14823676965247,96.09116089652441,103.82274928900095,108.68277810219666,114.87347762125462,122.48194185732574,129.0066717822959,138.6340282566628,145.46037198718489,113.87563481753506,119.84446771489169,126.04468681418199,142.43547692015218,181.90023310661846,189.41337396454486,239.551056689696,244.9889010155349,255.6068762197178
6120549930,67.14472686106406,66.76409553235186,56.755667451882424,56.23420978887785,50.593447401141546,38.8827717300589,39.64898088980433,39.59538222580821,37.737145981034544,38.02298547136681,28.763743930374265,17.77038563074553,39.162971960332975,1.29171015093569,15.529138649128022,0.0,27.28120658737701,43.13069461026584,104.05358846396553,0.5877448511568015,18.280532177504696,77.56484193082846,5.852392042153877,56.8753189045594,5.587898071473319,5.537367232900487,56.81235980454858,55.428858376415356,50.69934486846887,64.53065230220774,67.36169760472691,78.98160803331778,83.71728141311492,170.02503805697145,99.18078985676628,107.07433095327794,114.1017158935863,119.21434096342173,119.59000029200348,180.02341697277635,145.79381807883576,187.39165700195792,190.26572097274365,162.04289348234815,181.64148650266594,183.77454426352318,208.17920547229878,214.27024249948485,222.90210622726042,230.3904724171433,236.27085982397188,242.85532362986135,242.834329076143,243.15628543910773,267.55470928181023,94.99081863903034,81.64097569865663,32.39010218435128,43.561172679394154,52.13422682092113,59.436245320602886,68.16950794331504,74.164754924961,83.58677953338706,87.9413146896935,92.99846810960304,95.42955226999793,62.3690651714591,111.45001085082974,119.0969874089063,123.75685014400149,129.7832191735846,137.12274684652968,143.5130095036535,152.99262357213587,159.60573495214348,125.49462304484402,131.61336458664326,137.98114528361714,154.60966815090174,193.55208667993656,201.11424955585989,250.52402056996883,255.52603676322184,266.2272189397535
6120549940,60.4427635277981,60.198746500777936,48.56407433217086,48.005040998113344,41.536112244637856,32.72923710593533,31.74195551583747,31.4783094548757,29.73005131388764,29.678264906246017,21.97731029112665,22.669022390818863,12.149884074359033,28.529537959709774,11.809249304534267,27.28120658737701,0.0,15.849548786438268,76.7724540729401,27.171010882960925,9.117063302912278,50.289004729896206,22.35765808808864,29.64791250145333,22.836008424106264,23.09143774442383,29.610893674183455,30.687836671052686,30.533385149393112,47.45500040416086,49.64738534619645,63.07546669596554,68.00624810561763,145.25431029699314,81.17644294248957,87.46496134229182,94.25656250563955,98.92558167165582,99.22850031704425,155.81146123460687,123.57887440474455,163.48697891502312,166.51564123798067,140.03057490673893,159.94152853147668,162.27504766332203,187.3268988432032,193.59913558306056,202.56844990005928,210.5209777313398,216.51693829569712,223.43757039424275,223.44382935137466,223.76630671796758,247.24915608075068,76.90917999290781,67.43874205006212,42.08022396754862,27.167304717519418,31.064447277289908,36.531035677027546,43.211574539996846,48.598701752742144,57.2627230373772,61.266829099632616,65.9243278987553,68.23434574234724,35.41664271475675,84.28762174393665,92.04066799498757,96.98304620512216,103.25628234657472,111.01579030286022,117.61793884877453,127.32995507507974,134.28711296150018,104.63375437770455,110.4574585313505,116.50352759163702,132.66246877436012,172.42144453243932,179.8856094395003,230.47422884251168,236.21858109809332,246.76369692306375
6120550030,61.91514127421465,61.77848099650543,50.35369601157647,49.84412904372391,43.811897844617015,38.668219733500685,36.87435920228925,36.549438827457415,35.36062728260203,35.11308720449833,31.052532505050877,36.207080120832266,5.059335506485939,44.37788168559643,27.638385643796244,43.13069461026584,15.849548786438268,0.0,60.92291173134074,43.018987457219154,24.919806867542707,34.44860621374048,38.13511273709282,13.937074244531884,38.603735461558955,38.84774382408776,13.964009798430881,19.733934574947586,25.826933016762702,42.77046126206169,44.14804345287932,57.92776660932009,62.69222756468607,131.3488047314993,73.44444015344618,78.26138725368169,84.69642442334538,88.91919320508102,89.15935927293424,142.28619739162718,111.74687702140248,150.15978523624125,153.29009576865687,128.2143923284236,148.2226866858229,150.68571952359054,176.06151170664936,182.4299652297242,191.59082790830928,199.82407615410324,205.8738274779108,212.99229169753877,213.01663716945134,213.33825267641046,236.13901563413566,69.17970239002851,63.20300634218767,53.57248940043506,27.297376327834233,25.048446049648554,27.171826837003884,30.552262855860842,34.924528587101406,42.50355997336106,46.07877087162606,50.287511201244754,52.46916946279025,20.188347357425126,68.55784379221359,76.40506920731207,81.59715726834203,88.07390726925881,96.16899723484269,102.92519381189629,112.79350192381071,119.99873894950218,94.0793204403449,99.58700674571863,105.3085072387593,120.95213648735651,161.0364396830825,168.39444272151405,219.58405039805393,225.80095955604406,236.20967791473103
6120550040,95.97201963153957,96.13468052103703,88.87707179789128,88.65247908643397,85.72282579637603,88.35328731333597,85.99117348726293,85.69108118195098,85.67361836211566,85.24842379109835,86.56725481171121,95.15125927298551,65.07022201171195,105.29978228978437,88.55147176399433,104.05358846396553,76.7724540729401,60.92291173134074,0.0,103.94002081757704,85.82281757589716,26.537792538112512,98.99381495449994,47.318373534793224,99.45270771601844,99.68581836541105,47.44504644499381,54.235537543607094,65.7376963259131,69.83288263677673,68.10439525763152,75.04369843881202,77.00850898275363,84.4808389731005,73.94324005003381,70.2201886415364,72.5661350246692,73.14257328502165,72.98141081954952,97.03232033843763,80.32613414949255,105.58125016919178,109.1161712603066,94.4543183731483,112.9295248559692,115.88212797377425,141.15098657313504,147.64026876185812,157.27288887360092,166.4813508171872,172.51618290874333,180.27786306178274,180.38726561207122,180.69143807602893,199.43491891297106,71.62709845794704,80.94748012201484,108.52007282655183,73.84302627542462,63.32548832615875,55.91833526038557,44.98838402027918,38.85108645003865,28.741336882663777,23.140136351936242,14.908438141935603,10.794231868174494,42.76712929944897,11.610748945557699,19.73753300137572,27.77252958212472,35.5685001127235,45.79847226614891,53.01171744438065,63.060690969043414,71.4439454433055,73.87379714452595,76.21582762888588,78.81926730238334,88.77096147205759,126.50246826153037,132.7989916568279,184.4852095602995,192.71982199329057,202.13074444608222
6120550140,67.61321651682722,67.23393099482166,57.189178079819406,56.666246659154744,51.0013130435216,39.29792549073283,40.03978822319571,39.98256485519244,38.1175273505526,38.399190189768035,29.102078051295848,18.18576266626445,39.09607829431318,1.6416405702460615,15.456447669203884,0.5877448511568015,27.171010882960925,43.018987457219154,103.94002081757704,0.0,18.135907385300438,77.44147794875904,5.487685913750959,56.73589542772479,5.189017818078757,5.113644472602833,56.66731993057437,55.141805385134724,50.30828369166974,64.06578375040993,66.90351247058396,78.48808581585136,83.21837023788855,169.6955131473904,98.70658458258721,106.62397180096116,113.65335954555624,118.77291905069806,119.14989683350056,179.67212777494922,145.38872239499761,187.02922027063232,189.8979926792305,161.63025323797103,181.2189670864869,183.34719146514158,207.73545552178066,213.82226361351906,222.44674526484792,229.92578084092267,235.80366547867195,242.38173273955312,242.36026451912022,242.6821925057395,267.096114272832,95.29111129155106,82.00907849254635,32.96491978869294,43.816151273555036,52.31101164495611,59.5756922204882,68.24607454343744,74.2177075206696,83.60034697141117,87.92954121484856,92.9442665917554,95.35393782978366,62.188931563237176,111.28881689739552,118.91785091552208,123.54557390089668,129.5506299276813,136.8611116307698,143.23841394181176,152.7046406286211,159.30051604741763,125.06306015291459,131.1866040611831,137.56011265491307,154.19656907523049,193.11556897069843,200.6791459991386,250.06143956349328,255.04981306746856,265.75315264221376
6120550260,62.58360173167036,62.286297818747386,50.95217271147705,50.39031196327889,44.00986355665826,33.62093350031434,33.25841344468388,33.06047031364447,31.136300613473225,31.21845016660582,21.973791426351706,17.878836873549808,21.228116334428666,19.547968992154164,3.428028002007241,18.280532177504696,9.117063302912278,24.919806867542707,85.82281757589716,18.135907385300438,0.0,59.31308204497349,13.240642697476428,38.60001909905583,13.719140706920893,13.975786317036116,38.53314001253491,37.991118336723304,35.36041291331115,51.20013414814628,53.715445981889474,66.55187629306286,71.45786828809922,152.86145312538787,85.69087126133924,92.69049471357863,99.61160850515058,104.48600660286039,104.82085064135765,163.17065252770482,130.0238874093243,170.71433690534283,173.67683542067283,146.4142236118436,166.2186403460496,168.47116997582978,193.28280338027807,199.48727306360004,208.3283940169616,216.10204639044608,222.05710234600963,228.85030288175756,228.84581289630785,229.1683460258633,253.03039560451086,83.26107948214985,72.35124906603643,38.0146878665312,31.949019729410637,37.96926689840465,44.257717154413484,51.736209817683495,57.34029664952555,66.23561031625727,70.32380605790993,75.04038322713033,77.34598536988914,44.12313974596245,93.17232020435542,100.84115054024083,105.59591678771025,111.72486724281926,119.257874692616,125.75337857042273,135.35345483234707,142.14622069575736,110.45560203329462,116.42080448742149,122.61827331385574,139.00744958144534,178.47618090694485,185.98837937637302,236.14272048793714,241.59772795979507,252.21155605017125
6120550380,78.2801828859537,78.34188570271434,69.20519721927927,68.87009273603121,64.7370899593181,65.11206411395732,62.81765841370001,62.497220462975406,62.14473401805819,61.75208747413753,61.64648939993975,69.39623175138749,38.746960143519395,78.81706480187988,62.086513511663526,77.56484193082846,50.289004729896206,34.44860621374048,26.537792538112512,77.44147794875904,59.31308204497349,0.0,72.46604227524257,20.781159683826747,72.92313640667291,73.15459992487656,20.91491631650648,29.55195336056709,41.83534011686858,50.23629987534291,49.381403469947756,59.78911220217613,63.09865121626546,102.19862628557307,65.8802344883381,65.99102858353302,70.63568986700449,73.15515614194243,73.19312469632438,114.02812934586655,89.17414724245221,122.3229794123794,125.68207421670563,105.049958020918,124.76650044303483,127.5161329098561,153.22760097220984,159.73491048705878,169.2365825819815,178.04995498629728,184.15009228876792,191.6621314909796,191.73039544187816,192.04584554991405,212.94084994190283,65.15488019907734,68.57007851627473,84.15062916697201,50.66018372772798,41.19457973488981,35.30169413639123,26.440484727114598,23.029114347072237,19.796213874776253,18.916374253848126,18.476577217592716,19.241720155788382,16.734251549006327,34.422681209010804,42.562625404537165,48.61174720809939,55.70958245375221,64.7952379385957,71.91815884350443,82.09366382771745,89.92397725282282,76.28629961392407,80.47241440173087,84.90024686663786,98.34058418689958,138.17677592949113,145.11668490441514,197.08777568477436,204.38637105469573,214.35592039329327
6120550650,67.73909570725029,67.38188845131069,56.850325219501705,56.30974827953149,50.35535200180408,38.84161610851592,39.26529253109695,39.1638553137196,37.23556430576465,37.46362543239591,27.8613345875142,18.21340594989723,34.446437769466236,7.112607820719259,11.04746159310064,5.852392042153877,22.35765808808864,38.13511273709282,98.99381495449994,5.487685913750959,13.240642697476428,72.46604227524257,0.0,51.71067574491628,0.5080267974731658,0.8207842346903409,51.619663418274484,49.6997404194126,44.84868525115682,58.81379328317349,61.62127698673378,73.39142546499049,78.15711961138642,164.2111673667786,93.49356582853504,101.30631459577872,108.32802781488496,113.42374331661748,113.7964802821135,174.18479902901575,139.9498177483405,181.54503246303486,184.41646711716623,156.205443891534,175.81572923963049,177.95593107061146,202.39189035671697,208.4929406790438,217.14438380434444,224.66159530990967,230.55046982811697,237.1584545540998,237.13931128257133,237.46137260893337,261.80588198122297,93.27146430462861,80.7557198139041,35.55655934393275,41.527362727112006,49.26919330645247,56.20456505848567,64.39148706329718,70.19393002883957,79.3176695960187,83.49535293187185,88.27917207813852,90.58213753089068,57.007989576449,106.15604387684327,113.72313269775698,118.25458391022732,124.20512513321617,131.45451195891548,137.80958142446323,147.25632065739143,153.83268302721416,119.68401714222018,125.79453443375014,132.1538298591753,148.77274319572678,187.74958741092078,195.30893142418066,244.7878586152324,249.83938815600683,260.5317863528202
6120550660,68.72917595930578,68.67587101352933,57.959129051922716,57.51307269324018,52.158638100557084,49.44818492966889,47.369816680442725,47.03762148076929,46.21472087235561,45.89071528446705,43.60907822941974,49.88786405329903,18.63827383446197,58.136418233327184,41.4564659061133,56.8753189045594,29.64791250145333,13.937074244531884,47.318373534793224,56.73589542772479,38.60001909905583,20.781159683826747,51.71067574491628,0.0,52.16411239223022,52.39219189188235,0.5629846428210576,15.202866878596886,26.65977000196177,40.59803915581294,41.019532776615456,54.0840355726591,58.43330693366892,118.27647565831893,66.43522557971318,69.71184374419883,75.67817344498172,79.4143568647508,79.59280741109727,129.4654441847051,100.38433567138769,137.46836321294646,140.66733860387424,116.77548555413226,136.7822176769395,139.34122145107517,164.8991510957013,171.32755392922556,180.61820173313674,189.05574876122148,195.13464957125862,202.39536472047052,202.43409414173985,202.75433176155946,224.97758432080872,67.54414121003103,65.29167282992398,66.3604066975645,36.082040506899126,29.6748299544572,27.717899092621703,25.58950693729503,27.500939664777604,32.29788617574958,34.76662832142196,37.71118315483687,39.43348873802514,6.948961171092217,54.649195074861744,62.46939123668701,67.70277734962924,74.26079922192045,82.53070968217679,89.37179920650125,99.32475752388198,106.6820936765232,84.00059521175847,89.1617247886099,94.54298444586752,109.63808413078209,149.8222650184366,157.07318438944603,208.62169734930652,215.20017738868506,225.48241455691007
