,6120560410,6120562660,6120562750,6120565040,6120566380,6120566690,6120568380,6120568390,6120568660,6120568700,6120568710,6120568760,6120569110,6120569190,6120569430,6120569550,6120569900,6120570360,6120570630,6120570760,6120571410,6120571870,6120572020,6120572030,6120572040,6120572120,6120572240,6120572330,6120572950,6120573030,6120573090,6120573550,6120573770,6120573860,6120574110,6120574250,6120574360,6120575280,6120575360,6120576000,6120576100,6120577010,6120577570,6120577580,6120577770,6120577910,6120579020,6120579790,6120579940,6120580500,6120580950,6120581040,6120581160,6120581230,6120581430,6120581450,6120581460,6120582550,6120582650,6120582810,6120582970,6120583600,6120583680,6120584830,6120585430,6120585440,6120585540,6120585900,6120585910,6120586030,6120586120,6120586510,6120586520,6120586530,6120586880,6120587710,6120588760,6120588770,6120590970,6120591420,6120591430,6120593750,6121185430,6121186570,6121186940,6121187470,6121187980,6121189770,6121189940,6121190310,6121190470,6121190620,6121190630,6121190900,6121190950,6121191010,6121192000,6121192010,6121192070,6121192350,6121192630,6121193270,6121194030,6121195080,6121197190,6121198460,6121199230
6120560410,0.0,111.618011475,4473.348907467001,4762.009063717001,43.97079467770001,7801.799102787,3605.949005127,6262.578887937,6638.149200437,242.28302002,4691.279083257001,98.6064949035,95.5597953796,38.630004883,4691.279083257001,62.9177932739,79.1482963562,3605.949005127,5822.848907467001,82.287002564,670.402008057,243.20101928699998,73.5361938476,275.352020264,528.623016357,43.498191833400014,528.623016357,135.571014404,735.6050109859999,2207.999053957,776.9259948729999,2171.959014897,25.75199890099998,1161.888946537,5836.569122317001,104.73899841299999,2838.9890441869998,1080.428985597,3722.5788879369998,2383.338897707,303.32400512699996,4466.908966067001,767.3960266109999,95.95001220699999,57.145393371500006,471.457977295,653.961029053,894.9089660669999,1217.2190246569999,1217.2190246569999,137.196014404,21.889007567999982,12.845001221000018,889.0289611769999,571.0790100099999,429.9059753419999,82.79759597770001,12.845001221000018,37.499992371000005,81.91569519040002,330.73101806600005,22.702011107999994,46.763595581000004,222.00100708,330.73101806600005,0.02900695799999653,37.975997925,742.907989502,109.613006592,84.41219329830001,28.052001953,65.75449371330001,199.20401001000002,16.53199768099998,97.7860946655,458.222991943,2.2109985349999874,286.95599365199996,40.22699737500001,31.373992920000006,72.37219238280001,74.56289672850001,25.082000731999983,7912.348907467001,6088.699005127,4758.189239507001,5267.689239507001,64.10159301750001,112.77629470820001,411.464019775,786.644989014,504.519989014,34.687995911,4653.098907467001,67.9043960571,109.9735946655,79.281005859,6.046997070000003,767.3960266109999,17.445991516000007,2897.148956297,1316.259063717,434.4599914549999,197.32501220700001,75.59319305420001,91.95700073199998,117.0132942199
6120562660,111.618011475,0.0,4361.730895992,4650.391052242,155.58880615270002,7690.181091312,3494.330993652,6150.960876462,6526.531188962,130.665008545,4579.661071782,210.2245063785,207.17780685460002,72.988006592,4579.661071782,174.5358047489,190.7663078312,3494.330993652,5711.230895992,29.331008910999998,558.783996582,131.58300781199998,185.1542053226,163.734008789,417.005004882,155.11620330840003,417.005004882,23.953002929000007,623.9869995109999,2096.381042482,665.3079833979999,2060.341003422,85.86601257400002,1050.270935062,5724.951110842,6.879013062000013,2727.3710327119998,968.8109741220001,3610.9608764619998,2271.720886232,191.705993652,4355.290954592,655.7780151359999,15.667999268000017,168.7634048465,359.83996582,542.343017578,783.2909545919999,1105.6010131819999,1105.6010131819999,25.578002929000007,89.72900390700002,124.46301269600002,777.4109497019999,459.46099853499993,318.2879638669999,194.41560745270002,124.46301269600002,149.11800384600002,193.53370666540002,219.11300659100002,88.91600036700001,158.381607056,110.38299560499999,219.11300659100002,111.589004517,149.5940094,631.289978027,2.005004882999998,196.0302047733,83.566009522,177.3725051883,87.58599853500002,95.08601379400002,209.4041061405,346.604980468,109.40701294000002,175.337982177,151.84500885,142.992004395,183.9902038578,186.1809082035,86.53601074300002,7800.730895992,5977.080993652,4646.571228032,5156.071228032,175.71960449250003,224.3943061832,299.8460083,675.026977539,392.901977539,146.306007386,4541.480895992,179.5224075321,221.5916061405,32.337005616,117.665008545,655.7780151359999,129.064002991,2785.530944822,1204.641052242,322.8419799799999,85.70700073200001,187.21120452920002,19.66101074300002,228.63130569490002
6120562750,4473.348907467001,4361.730895992,0.0,288.66015625,4517.3197021447,3328.4501953199997,867.3999023400002,1789.2299804699996,2164.8002929699996,4231.065887447,217.93017579000025,4571.9554023705,4568.9087028466,4434.718902584,217.93017579000025,4536.2667007409,4552.4972038232,867.3999023400002,1349.5,4391.061904903,3802.9468994100002,4230.14788818,4546.8851013146,4197.996887203,3944.7258911100002,4516.8470993004,3944.7258911100002,4337.777893063,3737.7438964810003,2265.3498535100002,3696.422912594,2301.38989257,4447.596908566,3311.4599609300003,1363.22021485,4368.609909054,1634.3598632800004,3392.91992187,750.7700195300004,2090.0100097600002,4170.02490234,6.439941399999952,3705.9528808560003,4377.39889526,4530.4943008385,4001.890930172,3819.387878414,3578.4399414,3256.1298828100003,3256.1298828100003,4336.152893063,4451.459899899,4486.193908688,3584.31994629,3902.2698974570003,4043.442932125,4556.1465034447,4486.193908688,4510.848899838,4555.2646026574,4142.617889401,4450.6468963590005,4520.112503048,4251.347900387,4142.617889401,4473.319900509,4511.324905392,3730.440917965,4363.735900875,4557.7611007653,4445.296905514,4539.1034011803,4274.144897457,4456.816909786,4571.1350021325,4015.125915524,4471.137908932,4186.392913815,4513.575904842,4504.722900387,4545.7210998498,4547.9118041955,4448.266906735,3439.0,1615.3500976599998,284.84033204000025,794.3403320400002,4537.4505004845005,4586.1252021752,4061.884887692,3686.7039184530004,3968.8289184530004,4508.036903378,179.75,4541.2533035241,4583.3225021325,4394.067901608,4479.395904537,3705.9528808560003,4490.794898983,1576.19995117,3157.08984375,4038.888916012,4276.02389526,4548.9421005212,4381.391906735,4590.3622016869
6120565040,4762.009063717001,4650.391052242,288.66015625,0.0,4805.9798583947,3039.7900390699997,1156.0600585900002,1500.5698242199996,1876.1401367199996,4519.726043697,70.72998045999975,4860.6155586205,4857.5688590966,4723.379058834,70.72998045999975,4824.9268569909,4841.1573600732,1156.0600585900002,1060.83984375,4679.722061153,4091.6070556600002,4518.80804443,4835.5452575646,4486.657043453,4233.38604736,4805.5072555504,4233.38604736,4626.438049313,4026.4040527310003,2554.0100097600002,3985.083068844,2590.05004882,4736.257064816,3600.1201171800003,1074.5600586,4657.270065304,1923.0200195300004,3681.58007812,1039.4301757800004,2378.6701660100002,4458.68505859,295.10009764999995,3994.6130371060003,4666.05905151,4819.1544570885,4290.5510864220005,4108.048034664,3867.10009765,3544.7900390600003,3544.7900390600003,4624.813049313,4740.120056149,4774.854064938,3872.98010254,4190.930053707,4332.103088375,4844.8066596947,4774.854064938,4799.509056088,4843.9247589074,4431.278045651,4739.3070526090005,4808.772659298,4540.008056637,4431.278045651,4761.980056759,4799.985061642,4019.101074215,4652.396057125,4846.4212570153,4733.957061764,4827.7635574303,4562.805053707,4745.477066036,4859.7951583825,4303.786071774,4759.798065182,4475.053070065,4802.236061092,4793.383056637,4834.3812560998,4836.5719604455,4736.927062985,3150.33984375,1326.6899414099998,3.8198242099997515,505.68017579000025,4826.1106567345005,4874.7853584252,4350.545043942,3975.3640747030004,4257.489074703,4796.697059628,108.91015625,4829.9134597741,4871.9826583825,4682.728057858,4768.056060787,3994.6130371060003,4779.455055233,1864.86010742,3445.75,4327.549072262,4564.68405151,4837.6022567712,4670.052062985,4879.0223579369
6120566380,43.97079467770001,155.58880615270002,4517.3197021447,4805.9798583947,0.0,7845.7698974647,3649.9197998047002,6306.5496826147,6682.1199951147,286.2538146977,4735.249877934701,54.635700225799994,51.58900070189999,82.60079956070001,4735.249877934701,18.94699859619999,35.17750167849999,3649.9197998047002,5866.8197021447,126.25779724170002,714.3728027347,287.1718139647,29.56539916989999,319.3228149417,572.5938110347,0.472602844299999,572.5938110347,179.54180908170002,779.5758056637,2251.9698486346997,820.8967895507,2215.9298095747,69.72279357869999,1205.8597412147,5880.5399169947,148.7097930907,2882.9598388647,1124.3997802747,3766.5496826147,2427.3096923846997,347.2947998047,4510.8797607447,811.3668212887,139.9208068847,13.174598693799993,515.4287719727,697.9318237307,938.8797607447,1261.1898193347,1261.1898193347,181.16680908170002,65.8598022457,31.125793456699995,932.9997558547,615.0498046877,473.87677001969996,38.82680129999999,31.125793456699995,6.470802306700008,37.944900512699995,374.70181274370003,66.6728057857,2.792800903299991,265.9718017577,374.70181274370003,43.99980163570001,5.994796752700012,786.8787841797,153.58380126970002,40.4413986206,72.02279663070001,21.783699035599994,243.17480468770003,60.50279235869999,53.815299987799996,502.19378662070005,46.1817932127,330.9267883297,3.7437973027000027,12.596801757700007,28.401397705099996,30.592102050799994,69.0527954097,7956.3197021447,6132.6697998047,4802.160034184701,5311.660034184701,20.130798339799995,68.8055000305,455.43481445270004,830.6157836917,548.4907836917,9.282798766700012,4697.0697021447,23.933601379399988,66.00279998779999,123.25180053670002,37.92379760770001,811.3668212887,26.524803161700007,2941.1197509747,1360.2298583947,478.43078613269995,241.29580688470003,31.6223983765,135.9277954097,73.04249954219999
6120566690,7801.799102787,7690.181091312,3328.4501953199997,3039.7900390699997,7845.7698974647,0.0,4195.85009766,1539.22021485,1163.64990235,7559.516082767,3110.5200195299994,7900.4055976905,7897.3588981666,7763.1690979039995,3110.5200195299994,7864.7168960609,7880.9473991432,4195.85009766,1978.9501953199997,7719.512100223,7131.3970947299995,7558.5980835,7875.3352966346,7526.447082523,7273.1760864299995,7845.2972946204,7273.1760864299995,7666.228088383,7066.194091801,5593.80004883,7024.873107914,5629.840087889999,7776.047103886,6639.91015625,1965.2299804699996,7697.060104374,4962.8100586,6721.370117189999,4079.22021485,5418.46020508,7498.47509766,3334.8901367199996,7034.403076176,7705.84909058,7858.9444961584995,7330.341125492,7147.838073733999,6906.89013672,6584.58007813,6584.58007813,7664.603088383,7779.910095219,7814.644104008,6912.77014161,7230.720092777,7371.893127445,7884.5966987647,7814.644104008,7839.299095158,7883.7147979774,7471.068084721,7779.097091679,7848.5626983679995,7579.798095706999,7471.068084721,7801.770095829,7839.775100712,7058.891113285,7692.186096195,7886.2112960853,7773.747100834,7867.5535965003,7602.595092777,7785.267105106,7899.585197452499,7343.576110844,7799.5881042519995,7514.843109134999,7842.026100162,7833.173095706999,7874.1712951698,7876.3619995154995,7776.7171020549995,110.5498046800003,1713.1000976599998,3043.6098632799994,2534.1098632799994,7865.9006958045,7914.5753974951995,7390.335083012,7015.154113773,7297.279113773,7836.4870986979995,3148.7001953199997,7869.7034988441,7911.772697452499,7722.518096928,7807.846099857,7034.403076176,7819.245094303,4904.650146489999,6485.54003907,7367.339111331999,7604.47409058,7877.3922958411995,7709.8421020549995,7918.8123970069
6120568380,3605.949005127,3494.330993652,867.3999023400002,1156.0600585900002,3649.9197998047002,4195.85009766,0.0,2656.62988281,3032.20019531,3363.665985107,1085.3300781300004,3704.5555000305,3701.5088005066,3567.319000244,1085.3300781300004,3668.8667984009,3685.0973014831998,0.0,2216.89990234,3523.662002563,2935.54699707,3362.74798584,3679.4851989746,3330.596984863,3077.32598877,3649.4471969604,3077.32598877,3470.377990723,2870.343994141,1397.94995117,2829.023010254,1433.9899902299999,3580.197006226,2444.06005859,2230.62011719,3501.210006714,766.9599609400002,2525.52001953,116.6298828099998,1222.61010742,3302.625,860.9599609400002,2838.552978516,3509.99899292,3663.0943984985,3134.491027832,2951.987976074,2711.04003906,2388.72998047,2388.72998047,3468.752990723,3584.059997559,3618.794006348,2716.92004395,3034.869995117,3176.043029785,3688.7466011047,3618.794006348,3643.448997498,3687.8647003174,3275.217987061,3583.246994019,3652.712600708,3383.947998047,3275.217987061,3605.919998169,3643.925003052,2863.041015625,3496.335998535,3690.3611984253,3577.897003174,3671.7034988403,3406.744995117,3589.417007446,3703.7350997925,3147.726013184,3603.738006592,3318.993011475,3646.176002502,3637.322998047,3678.3211975098,3680.5119018555,3580.867004395,4306.39990234,2482.75,1152.2402343800004,1661.7402343800004,3670.0505981445,3718.7252998352,3194.484985352,2819.304016113,3101.429016113,3640.637001038,1047.1499023400002,3673.8534011841,3715.9225997925,3526.667999268,3611.996002197,2838.552978516,3623.394996643,708.8000488299999,2289.68994141,3171.489013672,3408.62399292,3681.5421981812,3513.992004395,3722.9622993469
6120568390,6262.578887937,6150.960876462,1789.2299804699996,1500.5698242199996,6306.5496826147,1539.22021485,2656.62988281,0.0,375.5703125,6020.295867917,1571.2998046799994,6361.1853828405,6358.1386833166,6223.948883053999,1571.2998046799994,6325.4966812109,6341.7271842932,2656.62988281,439.72998046999965,6180.291885373,5592.176879879999,6019.37786865,6336.1150817846,5987.226867673,5733.955871579999,6306.0770797704,5733.955871579999,6127.007873533,5526.9738769509995,4054.57983398,5485.652893064,4090.6198730399997,6236.826889036,5100.6899414,426.0097656199996,6157.839889524,3423.58984375,5182.149902339999,2540.0,3879.23999023,5959.25488281,1795.6699218699996,5495.1828613259995,6166.62887573,6319.7242813084995,5791.120910642,5608.617858883999,5367.66992187,5045.35986328,5045.35986328,6125.382873533,6240.689880369,6275.423889158,5373.54992676,5691.499877927,5832.672912595,6345.3764839147,6275.423889158,6300.0788803079995,6344.4945831274,5931.847869871,6239.876876829,6309.342483517999,6040.577880856999,5931.847869871,6262.549880979,6300.5548858619995,5519.670898435,6152.965881345,6346.9910812353,6234.526885984,6328.3333816503,6063.374877927,6246.046890256,6360.364982602499,5804.355895994,6260.3678894019995,5975.622894284999,6302.805885312,6293.952880856999,6334.9510803198,6337.1417846654995,6237.496887204999,1649.7700195300004,173.8798828099998,1504.3896484299994,994.8896484299994,6326.6804809545,6375.355182645199,5851.114868162,5475.933898923,5758.058898923,6297.266883847999,1609.4799804699996,6330.4832839941,6372.552482602499,6183.297882078,6268.625885007,5495.1828613259995,6280.024879453,3365.4299316399997,4946.31982422,5828.118896481999,6065.25387573,6338.172080991199,6170.621887204999,6379.5921821569
6120568660,6638.149200437,6526.531188962,2164.8002929699996,1876.1401367199996,6682.1199951147,1163.64990235,3032.20019531,375.5703125,0.0,6395.866180417,1946.8701171799994,6736.7556953405,6733.7089958166,6599.519195553999,1946.8701171799994,6701.0669937109,6717.2974967932,3032.20019531,815.3002929699996,6555.862197873,5967.747192379999,6394.94818115,6711.6853942846,6362.797180173,6109.526184079999,6681.6473922704,6109.526184079999,6502.578186033,5902.5441894509995,4430.15014648,5861.223205564,4466.190185539999,6612.397201536,5476.2602539,801.5800781199996,6533.410202024,3799.16015625,5557.720214839999,2915.5703125,4254.81030273,6334.82519531,2171.2402343699996,5870.7531738259995,6542.19918823,6695.2945938084995,6166.691223142,5984.188171383999,5743.24023437,5420.93017578,5420.93017578,6500.953186033,6616.260192869,6650.994201658,5749.12023926,6067.070190427,6208.243225095,6720.9467964147,6650.994201658,6675.6491928079995,6720.0648956274,6307.418182371,6615.447189329,6684.912796017999,6416.148193356999,6307.418182371,6638.120193479,6676.1251983619995,5895.241210935,6528.536193845,6722.5613937353,6610.097198484,6703.9036941503,6438.945190427,6621.617202756,6735.935295102499,6179.926208494,6635.9382019019995,6351.193206784999,6678.376197812,6669.523193356999,6710.5213928198,6712.7120971654995,6613.067199704999,1274.1997070300004,549.4501953099998,1879.9599609299994,1370.4599609299994,6702.2507934545,6750.925495145199,6226.685180662,5851.504211423,6133.629211423,6672.837196347999,1985.0502929699996,6706.0535964941,6748.122795102499,6558.868194578,6644.196197507,5870.7531738259995,6655.595191953,3741.0002441399997,5321.89013672,6203.689208981999,6440.82418823,6713.742393491199,6546.192199704999,6755.1624946569
6120568700,242.28302002,130.665008545,4231.065887447,4519.726043697,286.2538146977,7559.516082767,3363.665985107,6020.295867917,6395.866180417,0.0,4448.996063237,340.88951492350003,337.8428153996,203.653015137,4448.996063237,305.2008132939,321.4313163762,3363.665985107,5580.565887447,159.996017456,428.118988037,0.9179992669999706,315.8192138676,33.069000243999994,286.339996337,285.7812118534,286.339996337,106.712005616,493.32199096599993,1965.7160339369998,534.6429748529999,1929.675994877,216.53102111900003,919.6059265170001,5594.286102297,137.54402160700002,2596.7060241669997,838.1459655770001,3480.2958679169997,2141.055877687,61.04098510699998,4224.625946047,525.1130065909999,146.33300781300002,299.42841339150004,229.174957275,411.67800903299997,652.625946047,974.9360046369999,974.9360046369999,105.087005616,220.39401245200003,255.12802124100003,646.745941157,328.79598998999995,187.62295532199994,325.0806159977,255.12802124100003,279.783012391,324.1987152104,88.44799804600001,219.58100891200002,289.046615601,20.282012940000016,88.44799804600001,242.254013062,280.259017945,500.624969482,132.670013428,326.69521331830003,214.231018067,308.0375137333,43.07901000999999,225.75102233900003,340.06911468550004,215.93997192300003,240.07202148500002,44.67297363199998,282.51001739500003,273.65701294,314.65521240280003,316.84591674850003,217.20101928800003,7670.065887447,5846.415985107,4515.906219487,5025.406219487,306.3846130375,355.05931472820004,169.18099975500002,544.361968994,262.236968994,276.971015931,4410.815887447,310.1874160771,352.25661468550004,163.002014161,248.33001709,525.1130065909999,259.72901153600003,2654.865936277,1073.976043697,192.17697143499993,44.958007812999995,317.8762130742,150.32601928800003,359.2963142399
6120568710,4691.279083257001,4579.661071782,217.93017579000025,70.72998045999975,4735.249877934701,3110.5200195299994,1085.3300781300004,1571.2998046799994,1946.8701171799994,4448.996063237,0.0,4789.885578160501,4786.8388786366,4652.649078374,0.0,4754.1968765309,4770.4273796132,1085.3300781300004,1131.5698242099998,4608.992080693,4020.8770752000005,4448.078063970001,4764.815277104601,4415.927062993001,4162.6560669,4734.7772750904005,4162.6560669,4555.708068853,3955.6740722710006,2483.2800293000005,3914.3530883840003,2519.3200683600003,4665.527084356,3529.3901367200006,1145.2900390599998,4586.540084844,1852.2900390700006,3610.8500976600003,968.7001953200006,2307.9401855500005,4387.95507813,224.3701171900002,3923.8830566460006,4595.3290710500005,4748.4244766285,4219.821105962001,4037.3180542040004,3796.37011719,3474.0600586000005,3474.0600586000005,4554.083068853,4669.390075689001,4704.124084478,3802.2501220800004,4120.200073247001,4261.373107915,4774.0766792347,4704.124084478,4728.779075628,4773.1947784474005,4360.548065191,4668.577072149001,4738.042678838,4469.278076177,4360.548065191,4691.250076299,4729.255081182,3948.3710937550004,4581.666076665,4775.691276555301,4663.227081304,4757.033576970301,4492.075073247001,4674.747085576,4789.0651779225,4233.056091314001,4689.068084722,4404.323089605001,4731.506080632001,4722.653076177,4763.651275639801,4765.8419799855,4666.197082525,3221.0698242099998,1397.4199218699996,66.91015625,576.41015625,4755.380676274501,4804.0553779652,4279.815063482,3904.6340942430006,4186.759094243001,4725.967079168,38.18017579000025,4759.183479314101,4801.2526779225,4611.9980773980005,4697.326080327,3923.8830566460006,4708.725074773,1794.1301269600003,3375.0200195400002,4256.819091802001,4493.9540710500005,4766.8722763112,4599.322082525,4808.292377476901
6120568760,98.6064949035,210.2245063785,4571.9554023705,4860.6155586205,54.635700225799994,7900.4055976905,3704.5555000305,6361.1853828405,6736.7556953405,340.88951492350003,4789.885578160501,0.0,3.0466995239000028,137.23649978650002,4789.885578160501,35.688701629600004,19.4581985473,3704.5555000305,5921.4554023705,180.89349746750003,769.0085029605,341.8075141905,25.070301055900003,373.9585151675,627.2295112605,55.10830307009999,627.2295112605,234.17750930750003,834.2115058894999,2306.6055488604998,875.5324897764999,2270.5655098005,124.35849380449999,1260.4954414405001,5935.1756172205005,203.34549331649998,2937.5955390904996,1179.0354805005002,3821.1853828404996,2481.9453926104998,401.9305000305,4565.5154609705005,866.0025215144999,194.55650711049998,41.461101532,570.0644721985,752.5675239564999,993.5154609704999,1315.8255195605,1315.8255195605,235.80250930750003,120.49550247149999,85.76149368249999,987.6354560804999,669.6855049134999,528.5124702454999,15.808898925800001,85.76149368249999,61.1065025325,16.6907997131,429.33751296950004,121.3085060115,51.8428993225,320.6075019835,429.33751296950004,98.6355018615,60.630496978500005,841.5144844055,208.21950149550003,14.194301605199996,126.65849685650001,32.8520011902,297.81050491350004,115.13849258449999,0.8204002379999977,556.8294868465,100.8174934385,385.5624885555,58.379497528499996,67.2325019835,26.2343025207,24.043598175,123.68849563549999,8010.9554023705,6187.3055000305,4856.795734410501,5366.295734410501,34.504901886,14.169799804700002,510.07051467850005,885.2514839175,603.1264839175,63.918498992500005,4751.7054023705,30.702098846400006,11.367099762000002,177.8875007625,92.5594978335,866.0025215144999,81.1605033875,2995.7554512005,1414.8655586205,533.0664863584999,295.93150711050004,23.013301849299992,190.56349563549998,18.4067993164
6120569110,95.5597953796,207.17780685460002,4568.9087028466,4857.5688590966,51.58900070189999,7897.3588981666,3701.5088005066,6358.1386833166,6733.7089958166,337.8428153996,4786.8388786366,3.0466995239000028,0.0,134.1898002626,4786.8388786366,32.6420021057,16.411499023399998,3701.5088005066,5918.4087028466,177.8467979436,765.9618034366,338.76081466659997,22.023601532,370.9118156436,624.1828117366,52.06160354619999,624.1828117366,231.1308097836,831.1648063655999,2303.5588493366,872.4857902525999,2267.5188102766,121.31179428059998,1257.4487419166,5932.1289176966,200.2987937926,2934.5488395666,1175.9887809766,3818.1386833166,2478.8986930866,398.8838005066,4562.4687614466,862.9558219905999,191.5098075866,38.4144020081,567.0177726746,749.5208244326,990.4687614466,1312.7788200365999,1312.7788200365999,232.7558097836,117.44880294759999,82.71479415859999,984.5887565566,666.6388053896,525.4657707215999,12.762199401899998,82.71479415859999,58.0598030086,13.644100189199996,426.2908134456,118.2618064876,48.7961997986,317.5608024596,426.2908134456,95.5888023376,57.5837974546,838.4677848816,205.1728019716,11.147602081299993,123.6117973326,29.805301666299997,294.7638053896,112.09179306059998,2.226299285900005,553.7827873226,97.77079391459999,382.5157890316,55.332798004599994,64.1858024596,23.187602996799995,20.996898651099997,120.64179611159999,8007.9087028466,6184.2588005066,4853.7490348866,5363.2490348866,31.458202362099996,17.216499328600005,507.0238151546,882.2047843936,600.0797843936,60.8717994686,4748.6587028466,27.655399322500003,14.413799285900005,174.84080123860002,89.5127983096,862.9558219905999,78.1138038636,2992.7087516766,1411.8188590966,530.0197868345999,292.8848075866,19.96660232539999,187.5167961116,21.453498840300004
6120569190,38.630004883,72.988006592,4434.718902584,4723.379058834,82.60079956070001,7763.1690979039995,3567.319000244,6223.948883053999,6599.519195553999,203.653015137,4652.649078374,137.23649978650002,134.1898002626,0.0,4652.649078374,101.5477981569,117.7783012392,3567.319000244,5784.218902584,43.65699768100001,631.772003174,204.57101440399998,112.1661987306,236.722015381,489.993011474,82.12819671640001,489.993011474,96.94100952100001,696.9750061029999,2169.369049074,738.29598999,2133.3290100140002,12.878005982000019,1123.258941654,5797.939117434,66.10899352999999,2800.359039304,1041.7989807140002,3683.948883054,2344.708892824,264.694000244,4428.278961184,728.7660217279999,57.32000732399999,95.7753982545,432.827972412,615.33102417,856.278961184,1178.589019774,1178.589019774,98.56600952100001,16.740997315000016,51.475006104000016,850.398956294,532.449005127,391.27597045899995,121.42760086070001,51.475006104000016,76.129997254,120.54570007340001,292.101013183,15.927993775000004,85.393600464,183.371002197,292.101013183,38.600997925,76.606002808,704.277984619,70.983001709,123.04219818130001,10.578002929999997,104.3844985963,160.57400512700002,22.09800720200002,136.4160995485,419.59298706000004,36.41900634800001,248.325988769,78.85700225800001,70.003997803,111.0021972658,113.1929016115,13.548004151000015,7873.718902584,6050.069000244,4719.559234624,5229.059234624,102.7315979005,151.4062995912,372.834014892,748.014984131,465.889984131,73.318000794,4614.468902584,106.5344009401,148.6035995485,40.651000976000006,44.677001953,728.7660217279999,56.075996399000005,2858.518951414,1277.6290588339998,395.82998657199994,158.69500732400002,114.22319793720001,53.326995848999985,155.64329910290002
6120569430,4691.279083257001,4579.661071782,217.93017579000025,70.72998045999975,4735.249877934701,3110.5200195299994,1085.3300781300004,1571.2998046799994,1946.8701171799994,4448.996063237,0.0,4789.885578160501,4786.8388786366,4652.649078374,0.0,4754.1968765309,4770.4273796132,1085.3300781300004,1131.5698242099998,4608.992080693,4020.8770752000005,4448.078063970001,4764.815277104601,4415.927062993001,4162.6560669,4734.7772750904005,4162.6560669,4555.708068853,3955.6740722710006,2483.2800293000005,3914.3530883840003,2519.3200683600003,4665.527084356,3529.3901367200006,1145.2900390599998,4586.540084844,1852.2900390700006,3610.8500976600003,968.7001953200006,2307.9401855500005,4387.95507813,224.3701171900002,3923.8830566460006,4595.3290710500005,4748.4244766285,4219.821105962001,4037.3180542040004,3796.37011719,3474.0600586000005,3474.0600586000005,4554.083068853,4669.390075689001,4704.124084478,3802.2501220800004,4120.200073247001,4261.373107915,4774.0766792347,4704.124084478,4728.779075628,4773.1947784474005,4360.548065191,4668.577072149001,4738.042678838,4469.278076177,4360.548065191,4691.250076299,4729.255081182,3948.3710937550004,4581.666076665,4775.691276555301,4663.227081304,4757.033576970301,4492.075073247001,4674.747085576,4789.0651779225,4233.056091314001,4689.068084722,4404.323089605001,4731.506080632001,4722.653076177,4763.651275639801,4765.8419799855,4666.197082525,3221.0698242099998,1397.4199218699996,66.91015625,576.41015625,4755.380676274501,4804.0553779652,4279.815063482,3904.6340942430006,4186.759094243001,4725.967079168,38.18017579000025,4759.183479314101,4801.2526779225,4611.9980773980005,4697.326080327,3923.8830566460006,4708.725074773,1794.1301269600003,3375.0200195400002,4256.819091802001,4493.9540710500005,4766.8722763112,4599.322082525,4808.292377476901
6120569550,62.9177932739,174.5358047489,4536.2667007409,4824.9268569909,18.94699859619999,7864.7168960609,3668.8667984009,6325.4966812109,6701.0669937109,305.2008132939,4754.1968765309,35.688701629600004,32.6420021057,101.5477981569,4754.1968765309,0.0,16.230503082300004,3668.8667984009,5885.7667007409,145.2047958379,733.3198013309,306.1188125609,10.6184005737,338.2698135379,591.5408096309,19.41960144049999,591.5408096309,198.4888076779,798.5228042598999,2270.9168472308997,839.8437881468999,2234.8768081709,88.66979217489998,1224.8067398109001,5899.4869155909,167.6567916869,2901.9068374608996,1143.3467788709002,3785.4966812108996,2446.2566909808997,366.2417984009,4529.8267593409,830.3138198848999,158.8678054809,5.772399902399997,534.3757705689,716.8788223269,957.8267593409,1280.1368179309,1280.1368179309,200.1138076779,84.80680084189999,50.072792052899985,951.9467544509,633.9968032838999,492.82376861589995,19.879802703800003,50.072792052899985,25.417800902899998,18.997901916500005,393.6488113399,85.6198043819,16.1541976929,284.9188003539,393.6488113399,62.9468002319,24.9417953489,805.8257827759,172.5307998659,21.494400024400008,90.9697952269,2.836700439400005,262.1218032839,79.44979095489998,34.868301391600006,521.1407852169,65.12879180889999,349.8737869259,22.690795898899992,31.543800353899996,9.454399108900006,11.645103454600005,87.99979400589999,7975.2667007409,6151.6167984009,4821.1070327809,5330.6070327809,1.1837997436000052,49.85850143430001,474.3818130489,849.5627822879001,567.4377822879001,28.2297973629,4716.0167007409,4.986602783199999,47.055801391600006,142.1987991329,56.8707962039,830.3138198848999,45.471801757899996,2960.0667495709,1379.1768569909,497.37778472889994,260.2428054809,12.675399780300012,154.8747940059,54.095500946
6120569900,79.1482963562,190.7663078312,4552.4972038232,4841.1573600732,35.17750167849999,7880.9473991432,3685.0973014831998,6341.7271842932,6717.2974967932,321.4313163762,4770.4273796132,19.4581985473,16.411499023399998,117.7783012392,4770.4273796132,16.230503082300004,0.0,3685.0973014831998,5901.9972038232,161.4352989202,749.5503044132,322.3493156432,5.612102508600003,354.5003166202,607.7713127132,35.65010452279999,607.7713127132,214.71931076020002,814.7533073422,2287.1473503132,856.0742912292,2251.1073112532004,104.90029525719999,1241.0372428932,5915.7174186732,183.8872947692,2918.1373405431996,1159.5772819532,3801.7271842931996,2462.4871940632,382.4723014832,4546.0572624232,846.5443229672,175.0983085632,22.0029029847,550.6062736512,733.1093254092,974.0572624232,1296.3673210132,1296.3673210132,216.34431076020002,101.03730392419999,66.30329513519999,968.1772575332,650.2273063662,509.05427169819995,3.649299621499999,66.30329513519999,41.6483039852,2.7673988342000015,409.8793144222,101.8503074642,32.3847007752,301.1493034362,409.8793144222,79.1773033142,41.172298431200005,822.0562858582,188.7613029482,5.263896942100004,107.20029830920001,13.393802642899999,278.3523063662,95.68029403719999,18.637798309300003,537.3712882992,81.3592948912,366.1042900082,38.921298981199996,47.7743034362,6.776103973399998,4.585399627699999,104.23029708819999,7991.4972038232,6167.8473014832,4837.3375358632,5346.8375358632,15.046703338699999,33.627998352000006,490.61231613120003,865.7932853702,583.6682853702,44.460300445200005,4732.2472038232,11.243900299100005,30.825298309300003,158.4293022152,73.1012992862,846.5443229672,61.7023048402,2976.2972526532003,1395.4073600732,513.6082878112,276.4733085632,3.555103301999992,171.1052970882,37.8649978637
6120570360,3605.949005127,3494.330993652,867.3999023400002,1156.0600585900002,3649.9197998047002,4195.85009766,0.0,2656.62988281,3032.20019531,3363.665985107,1085.3300781300004,3704.5555000305,3701.5088005066,3567.319000244,1085.3300781300004,3668.8667984009,3685.0973014831998,0.0,2216.89990234,3523.662002563,2935.54699707,3362.74798584,3679.4851989746,3330.596984863,3077.32598877,3649.4471969604,3077.32598877,3470.377990723,2870.343994141,1397.94995117,2829.023010254,1433.9899902299999,3580.197006226,2444.06005859,2230.62011719,3501.210006714,766.9599609400002,2525.52001953,116.6298828099998,1222.61010742,3302.625,860.9599609400002,2838.552978516,3509.99899292,3663.0943984985,3134.491027832,2951.987976074,2711.04003906,2388.72998047,2388.72998047,3468.752990723,3584.059997559,3618.794006348,2716.92004395,3034.869995117,3176.043029785,3688.7466011047,3618.794006348,3643.448997498,3687.8647003174,3275.217987061,3583.246994019,3652.712600708,3383.947998047,3275.217987061,3605.919998169,3643.925003052,2863.041015625,3496.335998535,3690.3611984253,3577.897003174,3671.7034988403,3406.744995117,3589.417007446,3703.7350997925,3147.726013184,3603.738006592,3318.993011475,3646.176002502,3637.322998047,3678.3211975098,3680.5119018555,3580.867004395,4306.39990234,2482.75,1152.2402343800004,1661.7402343800004,3670.0505981445,3718.7252998352,3194.484985352,2819.304016113,3101.429016113,3640.637001038,1047.1499023400002,3673.8534011841,3715.9225997925,3526.667999268,3611.996002197,2838.552978516,3623.394996643,708.8000488299999,2289.68994141,3171.489013672,3408.62399292,3681.5421981812,3513.992004395,3722.9622993469
6120570630,5822.848907467001,5711.230895992,1349.5,1060.83984375,5866.8197021447,1978.9501953199997,2216.89990234,439.72998046999965,815.3002929699996,5580.565887447,1131.5698242099998,5921.4554023705,5918.4087028466,5784.218902584,1131.5698242099998,5885.7667007409,5901.9972038232,2216.89990234,0.0,5740.561904903,5152.44689941,5579.64788818,5896.3851013146,5547.496887203,5294.22589111,5866.3470993004,5294.22589111,5687.277893063,5087.243896481,3614.8498535100002,5045.922912594,3650.88989257,5797.096908566,4660.95996093,13.720214850000048,5718.109909054,2983.8598632800004,4742.41992187,2100.2700195300004,3439.5100097600002,5519.52490234,1355.9399414,5055.452880856,5726.89889526,5879.9943008385,5351.3909301720005,5168.887878414,4927.9399414,4605.629882810001,4605.629882810001,5685.652893063,5800.959899899,5835.693908688,4933.81994629,5251.769897457,5392.942932125,5905.6465034447,5835.693908688,5860.348899838,5904.7646026574,5492.117889401,5800.1468963590005,5869.612503048,5600.847900387,5492.117889401,5822.819900509,5860.824905392,5079.940917965,5713.235900875,5907.2611007653,5794.796905514,5888.6034011803,5623.644897457,5806.316909786,5920.6350021325,5364.625915524,5820.637908932,5535.892913815,5863.075904842,5854.222900387,5895.2210998498,5897.4118041955,5797.766906735,2089.5,265.85009765999985,1064.6596679599998,555.1596679599998,5886.9505004845005,5935.6252021752,5411.384887692,5036.203918453,5318.328918453,5857.536903378,1169.75,5890.7533035241,5932.8225021325,5743.567901608,5828.895904537,5055.452880856,5840.294898983,2925.69995117,4506.58984375,5388.388916012,5625.52389526,5898.4421005212,5730.891906735,5939.8622016869
6120570760,82.287002564,29.331008910999998,4391.061904903,4679.722061153,126.25779724170002,7719.512100223,3523.662002563,6180.291885373,6555.862197873,159.996017456,4608.992080693,180.89349746750003,177.8467979436,43.65699768100001,4608.992080693,145.2047958379,161.4352989202,3523.662002563,5740.561904903,0.0,588.115005493,160.91401672299997,155.8231964116,193.0650177,446.336013793,125.78519439740002,446.336013793,53.284011840000005,653.3180084219999,2125.712051393,694.638992309,2089.672012333,56.535003663000026,1079.601943973,5754.282119753,22.451995848999985,2756.702041623,998.1419830330001,3640.291885373,2301.051895143,221.037002563,4384.621963503,685.1090240469999,13.663009642999981,139.4323959355,389.170974731,571.674026489,812.621963503,1134.932022093,1134.932022093,54.909011840000005,60.39799499600002,95.13200378500002,806.741958613,488.79200744599996,347.61897277799994,165.08459854170002,95.13200378500002,119.78699493500001,164.20269775440002,248.444015502,59.58499145600001,129.050598145,139.714004516,248.444015502,82.25799560600001,120.263000489,660.620986938,27.326004028,166.69919586230003,54.235000611000004,148.0414962773,116.91700744600001,65.75500488300003,180.0730972295,375.93598937900003,80.07600402900002,204.66899108799998,122.51399993900002,113.66099548400001,154.65919494680003,156.84989929250003,57.20500183200002,7830.061904903,6006.412002563,4675.902236943,5185.402236943,146.3885955815,195.0632972722,329.177017211,704.35798645,422.23298645,116.974998475,4570.811904903,150.1913986211,192.2605972295,3.005996705000001,88.33399963400001,685.1090240469999,99.73299408000001,2814.861953733,1233.972061153,352.17298889099993,115.03800964300001,157.88019561820002,9.669998167999978,199.30029678390002
6120571410,670.402008057,558.783996582,3802.9468994100002,4091.6070556600002,714.3728027347,7131.3970947299995,2935.54699707,5592.176879879999,5967.747192379999,428.118988037,4020.8770752000005,769.0085029605,765.9618034366,631.772003174,4020.8770752000005,733.3198013309,749.5503044132,2935.54699707,5152.44689941,588.115005493,0.0,427.20098877000004,743.9382019046,395.049987793,141.7789917,713.9001998904,141.7789917,534.830993653,65.20300292899992,1537.5970459,106.52398681599993,1501.5570068400002,644.650009156,491.48693848000005,5166.16711426,565.663009644,2168.58703613,410.0269775400001,3052.17687988,1712.93688965,367.07800293,3796.5069580100003,96.99401855399992,574.45199585,727.5474014285,198.944030762,16.44097900400004,224.50695800999995,546.8170165999999,546.8170165999999,533.205993653,648.513000489,683.2470092780001,218.62695311999994,99.32299804700006,240.49603271500007,753.1996040347,683.2470092780001,707.9020004280001,752.3177032474,339.670989991,647.699996949,717.165603638,448.401000977,339.670989991,670.373001099,708.378005982,72.50598144499997,560.789001465,754.8142013553,642.350006104,736.1565017703,471.197998047,653.870010376,768.1881027225,212.17901611399998,668.1910095220001,383.446014405,710.629005432,701.776000977,742.7742004398,744.9649047855,645.320007325,7241.94689941,5418.29699707,4087.7872314500005,4597.28723145,734.5036010745,783.1783027652,258.937988282,116.24298095699999,165.882019043,705.090003968,3982.6968994100002,738.3064041141,780.3756027225,591.121002198,676.449005127,96.99401855399992,687.847999573,2226.74694824,645.8570556599999,235.94201660200008,473.07699585,745.9952011112,578.445007325,787.4153022769
6120571870,243.20101928699998,131.58300781199998,4230.14788818,4518.80804443,287.1718139647,7558.5980835,3362.74798584,6019.37786865,6394.94818115,0.9179992669999706,4448.078063970001,341.8075141905,338.76081466659997,204.57101440399998,4448.078063970001,306.1188125609,322.3493156432,3362.74798584,5579.64788818,160.91401672299997,427.20098877000004,0.0,316.7372131346,32.151000977000024,285.42199707000003,286.6992111204,285.42199707000003,107.63000488299997,492.40399169899996,1964.7980346699999,533.724975586,1928.75799561,217.449020386,918.68792725,5593.36810303,138.462020874,2595.7880249,837.22796631,3479.37786865,2140.13787842,60.12298584000001,4223.70794678,524.195007324,147.25100708,300.34641265849996,228.25695800800003,410.760009766,651.7079467799999,974.0180053699999,974.0180053699999,106.00500488299997,221.312011719,256.04602050799997,645.8279418899999,327.877990723,186.70495605499997,325.9986152647,256.04602050799997,280.70101165799997,325.11671447739997,87.52999877900004,220.499008179,289.964614868,21.200012206999986,87.52999877900004,243.17201232899998,281.177017212,499.706970215,133.58801269499997,327.6132125853,215.14901733399998,308.9555130003,43.99700927699996,226.669021606,340.9871139525,215.02197265600006,240.990020752,43.75497436500001,283.428016662,274.575012207,315.5732116698,317.7639160155,218.119018555,7669.14788818,5845.49798584,4514.988220220001,5024.488220220001,307.3026123045,355.9773139952,168.26300048800005,543.443969727,261.318969727,277.889015198,4409.89788818,311.1054153441,353.1746139525,163.92001342799998,249.24801635699998,524.195007324,260.647010803,2653.9479370100003,1073.0580444299999,191.25897216799996,45.876007079999965,318.7942123412,151.244018555,360.2143135069
