,6120323030,6120323040,6120326100,6120326880,6120329300,6120332140,6120335440,6120337880
6120323030,0.0,0.0,60.47412109375,139.2100830078125,251.3663330078125,52.9647216796875,105.01953125,24.132080078125
6120323040,0.0,0.0,60.47412109375,139.2100830078125,251.3663330078125,52.9647216796875,105.01953125,24.132080078125
6120326100,60.47412109375,60.47412109375,0.0,199.6842041015625,311.8404541015625,113.4388427734375,44.54541015625,36.342041015625
6120326880,139.2100830078125,139.2100830078125,199.6842041015625,0.0,112.15625,86.245361328125,244.2296142578125,163.3421630859375
6120329300,251.3663330078125,251.3663330078125,311.8404541015625,112.15625,0.0,198.401611328125,356.3858642578125,275.4984130859375
6120332140,52.9647216796875,52.9647216796875,113.4388427734375,86.245361328125,198.401611328125,0.0,157.9842529296875,77.0968017578125
6120335440,105.01953125,105.01953125,44.54541015625,244.2296142578125,356.3858642578125,157.9842529296875,0.0,80.887451171875
6120337880,24.132080078125,24.132080078125,36.342041015625,163.3421630859375,275.4984130859375,77.0968017578125,80.887451171875,0.0
