,6120652330,6120660340,6120660960,6121223870,6121224790,6121225800
6120652330,1.0,0.975081945386,-0.0340215981753,0.995456608945,0.991000200752,0.990202520359
6120660340,0.975081945386,1.0,0.741678203783,0.950549229353,0.996384928269,0.996284096212
6120660960,-0.0340215981753,0.741678203783,1.0,-0.121709248255,-0.343977427851,0.527477592031
6121223870,0.995456608945,0.950549229353,-0.121709248255,1.0,0.996933568026,0.972492579927
6121224790,0.991000200752,0.996384928269,-0.343977427851,0.996933568026,1.0,0.989789932772
6121225800,0.990202520359,0.996284096212,0.527477592031,0.972492579927,0.989789932772,1.0
