,6120652330,6120660340,6120660960,6121223870,6121224790,6121225800
6120652330,0.0,49.456695556,500.954162597,1.419372558,37.540466309,10.943084717
6120660340,49.456695556,0.0,451.497467041,48.037322998,86.997161865,38.513610839
6120660960,500.954162597,451.497467041,0.0,499.534790039,538.494628906,490.01107788
6121223870,1.419372558,48.037322998,499.534790039,0.0,38.959838867,9.523712159
6121224790,37.540466309,86.997161865,538.494628906,38.959838867,0.0,48.483551026
6121225800,10.943084717,38.513610839,490.01107788,9.523712159,48.483551026,0.0
