,6120289720,6120295550,6120301590,6121076090,6121076170,6121076890
6120289720,1.0,-0.388488928648,-0.617674414674,0.0102134194115,0.852371774987,-0.450469628061
6120295550,-0.388488928648,1.0,0.962068367377,-0.25152180804,-0.421788349055,0.224878524355
6120301590,-0.617674414674,0.962068367377,1.0,-0.438158916795,-0.649358960316,-0.161447300324
6121076090,0.0102134194115,-0.25152180804,-0.438158916795,1.0,-0.558271094651,0.55620226398
6121076170,0.852371774987,-0.421788349055,-0.649358960316,-0.558271094651,1.0,-0.422205538014
6121076890,-0.450469628061,0.224878524355,-0.161447300324,0.55620226398,-0.422205538014,1.0
