,6120030770,6120536270,6120536890,6121173300,6121173410,6121173550,6121173980
6120030770,1.0,0.199429195602,0.962469463674,0.595016647667,-0.101052123165,0.472262354029,-0.10928627354
6120536270,0.199429195602,1.0,0.195388385558,-0.138872085269,0.729141088651,0.95772761507,0.856654452268
6120536890,0.962469463674,0.195388385558,1.0,0.814651911846,0.184143307174,-0.36923580351,-0.0550342246902
6121173300,0.595016647667,-0.138872085269,0.814651911846,1.0,0.580363949333,-0.0809575828351,0.0710613270049
6121173410,-0.101052123165,0.729141088651,0.184143307174,0.580363949333,1.0,0.723180214628,0.906607582118
6121173550,0.472262354029,0.95772761507,-0.36923580351,-0.0809575828351,0.723180214628,1.0,0.901670499162
6121173980,-0.10928627354,0.856654452268,-0.0550342246902,0.0710613270049,0.906607582118,0.901670499162,1.0
