,6120237750,6120242080,6120246000,6120247190,6120251410,6120253690,6120254840,6120255080,6120255620,6120256260,6120257630,6120258410,6120260500,6120260650,6120260670,6120261060,6120261070,6120261080,6120265000,6120268960,6120270080,6120273300,6120276280,6120276530,6120277000,6120283710,6120284080,6120284960,6120286770,6120288420,6120288920,6121052430,6121053320,6121053910,6121054710,6121061730,6121062030,6121062900,6121063070,6121063260,6121063280,6121063370,6121064240,6121064340,6121064930,6121069270,6121070190,6121071270,6121071800,6121072620,6121073530,6121073720,6121073920,6121073930,6121074190,6121075040
6120237750,0.0,0.139395998577,0.67384764895,0.517494079109,0.674122967369,0.589147776784,0.614600709188,0.673782021458,0.539816849856,0.673108394976,0.666748308913,0.629015474222,0.648444410257,0.645737518481,0.642822863141,0.649048642673,0.669027974662,0.66366705706,0.666316977371,0.66985821837,0.57446473337,0.566264533953,0.665854410242,0.674476890664,0.67001267202,0.67305800697,0.652900869139,0.633842960496,0.668856425576,0.67070187176,0.672593754073,0.220354097887,0.257302751278,0.420698632893,0.350641102868,0.494686856132,0.654015148524,0.65992362365,0.656572427627,0.644625745443,0.669852990087,0.647943443377,0.657364158462,0.640859986194,0.630613768286,0.598051379647,0.618633238217,0.660404018133,0.635644806168,0.673722945376,0.673851620805,0.64441607567,0.665178225687,0.655256441992,0.66579170236,0.674311033553
6120242080,0.139395998577,0.0,0.663254376105,0.511169594245,0.664050710887,0.485027037197,0.593523052197,0.672864545437,0.52652451034,0.670596768718,0.656100450376,0.655864624354,0.644223976017,0.632953520228,0.645701302591,0.646628131106,0.672967907457,0.668564903453,0.660764255582,0.666801278996,0.590253698461,0.583876037299,0.662988310576,0.674298461941,0.668194940073,0.672218030088,0.657941106115,0.641910765357,0.667647173736,0.66800189725,0.673792953601,0.389338623934,0.360006788469,0.378638595289,0.382839251129,0.481073374652,0.667118949628,0.669706322236,0.642013569809,0.6571223326,0.66329483391,0.650537748496,0.659012152897,0.634486636089,0.619803731668,0.61298722859,0.628737892907,0.663121222183,0.642527421411,0.672800833431,0.673036519107,0.651176453857,0.661412091412,0.659624724954,0.663260780957,0.67444620527
6120246000,0.67384764895,0.663254376105,0.0,0.671620231326,0.244391520295,0.658597011566,0.642150483063,0.656526889097,0.638220357032,0.671024558779,0.674267663731,0.60540819463,0.662715677693,0.662261672767,0.672955464358,0.674177164619,0.665100272104,0.672455016128,0.67152002957,0.674105859317,0.652188475197,0.649692730241,0.647497293656,0.667372330758,0.652157017388,0.670126933827,0.630827143733,0.6253479429,0.672604893497,0.659694824997,0.664884874595,0.634548804681,0.667175158964,0.641607270682,0.542037326578,0.629999644613,0.625516715582,0.641928207062,0.663592882108,0.656777798066,0.669851414464,0.614728448164,0.673279325872,0.65856774042,0.650756000062,0.653008688074,0.632734788657,0.66237592893,0.63720297465,0.663681472541,0.66777645948,0.625631847965,0.649617016019,0.641709108531,0.662319563312,0.661803443821
6120247190,0.517494079109,0.511169594245,0.671620231326,0.0,0.659708129909,0.605977585545,0.654401553306,0.669821056726,0.557797811944,0.6591960779,0.669101613635,0.664029705772,0.674168049717,0.673323698594,0.667848432544,0.672897910429,0.669962394989,0.668581911574,0.669269109851,0.670648934015,0.651875385134,0.649131938768,0.672331015588,0.669284790646,0.672516580776,0.672654409687,0.661872721885,0.65688359134,0.673751058781,0.668135336335,0.667500216386,0.593991311742,0.610592707695,0.641832150199,0.654377752806,0.527750660263,0.665424326474,0.666001359968,0.670112321016,0.666996188032,0.674319336934,0.670158824772,0.672263821371,0.674210775992,0.674469405773,0.651856648874,0.656059200264,0.667236363459,0.659378983409,0.670593286676,0.671091145615,0.659103335449,0.669935249587,0.664444444967,0.672383115051,0.666649800549
6120251410,0.674122967369,0.664050710887,0.244391520295,0.659708129909,0.0,0.608404535942,0.672858682071,0.654840054725,0.669278673057,0.672458016494,0.674012614411,0.643825926016,0.67422788454,0.674367459993,0.67259214422,0.673960996124,0.66939222086,0.673513328228,0.67433994423,0.674162880342,0.666707613383,0.665836305049,0.671245474886,0.673206348616,0.671590099115,0.673732320161,0.663207129924,0.660149792609,0.674300235584,0.672819693772,0.672522101723,0.65905974205,0.674329209051,0.653708600979,0.629576155128,0.669155496273,0.65095170245,0.657686735241,0.674462310742,0.668960104042,0.674480964602,0.658947108277,0.672784671113,0.674136540072,0.673962475924,0.667581914577,0.662052972756,0.669896105948,0.663489946595,0.672771172287,0.67325140172,0.662070215138,0.671614363212,0.666271448799,0.673085291693,0.672159696233
6120253690,0.589147776784,0.485027037197,0.658597011566,0.605977585545,0.608404535942,0.0,0.328274976918,0.464308796449,0.274742317552,0.524226716537,0.351870244133,0.603548820022,0.588255109123,0.44781895318,0.646870230783,0.550570309935,0.626756634639,0.657574959303,0.626509200257,0.644307042711,0.59169473143,0.583029238316,0.665970203956,0.674316145914,0.670832287433,0.674018391891,0.632799947347,0.604328315765,0.670523147341,0.670771097417,0.669963176961,0.595076948616,0.575353644882,0.536975534299,0.565563561079,0.288292857215,0.603799412035,0.612446429276,0.349035878673,0.670970181594,0.516948561291,0.552891172644,0.667727124207,0.563555777586,0.535611226466,0.613434631519,0.610156606463,0.649266152108,0.610445930187,0.674217165247,0.674451367071,0.621354686477,0.667470256071,0.639517245889,0.668511148627,0.673795748909
6120254840,0.614600709188,0.593523052197,0.642150483063,0.654401553306,0.672858682071,0.328274976918,0.0,0.382828304094,0.2676945561,0.561176076649,0.504938798462,0.674268836306,0.596711205014,0.390984475016,0.668115362658,0.546679601231,0.624961143404,0.646552237266,0.661331005261,0.668184354462,0.637598232103,0.630935722956,0.673674085565,0.673112151633,0.674378239813,0.673669629054,0.640242627769,0.620697010212,0.674476583372,0.67325765757,0.662629112365,0.579848812459,0.605638574678,0.642624194944,0.664010497383,0.264748785244,0.584503861856,0.626708807939,0.349901648697,0.673267224053,0.459295227795,0.273399742574,0.673418627468,0.577780252835,0.574158280394,0.63897603705,0.63848263842,0.654130903426,0.627109421566,0.672786550127,0.672003620002,0.6322001515,0.674419173801,0.646326482664,0.674481989042,0.666592203342
6120255080,0.673782021458,0.672864545437,0.656526889097,0.669821056726,0.654840054725,0.464308796449,0.382828304094,0.0,0.612306719197,0.622232590089,0.606268220119,0.517762695683,0.631552090929,0.426354345303,0.674280878463,0.531193714295,0.408300289654,0.538961025517,0.634547183404,0.650362645938,0.650508684047,0.645968115282,0.673528592548,0.673846785102,0.672676963717,0.67316408736,0.623443054717,0.601414219722,0.674477989611,0.67318570706,0.664185772756,0.674073332363,0.674481913698,0.670975264999,0.668608311386,0.622760241188,0.113841973782,0.280716215102,0.588626139021,0.517757163191,0.541180208281,0.526482555275,0.67293897234,0.62156929818,0.614828224871,0.652844088861,0.631947734365,0.651887241139,0.615250917647,0.671798689005,0.671461522105,0.616189097464,0.672741878289,0.635517247885,0.673792982524,0.667220043167
6120255620,0.539816849856,0.52652451034,0.638220357032,0.557797811944,0.669278673057,0.274742317552,0.2676945561,0.612306719197,0.0,0.429599745757,0.32198056249,0.66586925763,0.610423051145,0.51921441999,0.662779628535,0.585111228152,0.659311247653,0.665670062802,0.655020828038,0.662349399278,0.620440405812,0.613169599227,0.669477332578,0.674444548411,0.672461987315,0.674477933736,0.640866646211,0.618419968686,0.673284700767,0.674264693961,0.66693452177,0.509270690876,0.561831721348,0.634182721823,0.662189570874,0.015152078561,0.670524320752,0.667565173899,0.202058558316,0.674150108281,0.532586569584,0.405559251589,0.674200431889,0.593300690197,0.57941149714,0.630731524445,0.632433642497,0.654920514588,0.625105628489,0.674435998794,0.674206122389,0.630675702003,0.672521797484,0.645240903728,0.672480936809,0.67143551193
6120256260,0.673108394976,0.670596768718,0.671024558779,0.6591960779,0.672458016494,0.524226716537,0.561176076649,0.622232590089,0.429599745757,0.0,0.0524296326245,0.387311289313,0.670740191304,0.647289358592,0.672653139598,0.65836278002,0.663509039517,0.667954877043,0.673276423428,0.673852767128,0.66248172134,0.659547794429,0.666929407589,0.666483137828,0.667689097125,0.669016952755,0.644353448328,0.635528644212,0.671397270362,0.659006429883,0.659612927795,0.674213817512,0.674147984595,0.671602671627,0.67028470682,0.492215393305,0.654722459889,0.660507773866,0.374404806041,0.656152177587,0.611109762177,0.608071877816,0.673606033398,0.670463310607,0.672701866767,0.659523972606,0.651933143443,0.658584588564,0.643654604244,0.664517120252,0.665464302605,0.640033432231,0.659749301151,0.651244651365,0.666237625062,0.657330356483
6120257630,0.666748308913,0.656100450376,0.674267663731,0.669101613635,0.674012614411,0.351870244133,0.504938798462,0.606268220119,0.32198056249,0.0524296326245,0.0,0.416483798703,0.665488635017,0.633171777009,0.672208792041,0.654932490084,0.661802498948,0.667306660936,0.673362838385,0.673613785522,0.665051750209,0.663300367085,0.6738022936,0.672932946122,0.673571825588,0.673345787746,0.658405708972,0.652208504097,0.674179638575,0.671980155059,0.669237539451,0.667428266767,0.665344461782,0.668135860619,0.671627758613,0.399866054451,0.652506045643,0.656932726738,0.288552629642,0.661028790219,0.599549777209,0.619361383148,0.674458993871,0.663163650959,0.663092387906,0.665342893291,0.660591401701,0.665742189339,0.656165405803,0.672253971954,0.672286953153,0.655687522707,0.672320832176,0.661835466247,0.673412668701,0.669735482157
6120258410,0.629015474222,0.655864624354,0.60540819463,0.664029705772,0.643825926016,0.603548820022,0.674268836306,0.517762695683,0.66586925763,0.387311289313,0.416483798703,0.0,0.673725840143,0.673018561807,0.674344023955,0.669549701486,0.594287002964,0.631356351705,0.671755549496,0.671058508052,0.672688553679,0.672204073105,0.66302829742,0.672884116754,0.664593131167,0.672137117618,0.650044808055,0.645864157404,0.67339541496,0.66908792006,0.669981931072,0.594564886564,0.625855544766,0.6601799515,0.6718921836,0.674481959321,0.460074399066,0.513139204975,0.617059741276,0.479196422568,0.667128741983,0.668406633922,0.673239844644,0.673352440159,0.672763403354,0.672737421114,0.660583985857,0.666420400766,0.65384070931,0.669675752876,0.67101304815,0.648566347261,0.663560163762,0.656844295792,0.668427585522,0.668961107757
6120260500,0.648444410257,0.644223976017,0.662715677693,0.674168049717,0.67422788454,0.588255109123,0.596711205014,0.631552090929,0.610423051145,0.670740191304,0.665488635017,0.673725840143,0.0,0.540191817284,0.672042654864,0.611536237511,0.635567684816,0.606973433905,0.529917918569,0.643514455161,0.666910956542,0.664006552793,0.667176743212,0.674392600144,0.670588836629,0.674152158598,0.666114680241,0.659632031284,0.674482035882,0.674002322805,0.669139192059,0.605866708523,0.618206565775,0.630397501474,0.649762004722,0.59367885418,0.662652865903,0.6440537349,0.641510596488,0.674443664076,0.648488167568,0.599372829412,0.672518007249,0.0105984968212,0.164750073748,0.664148998592,0.668291182465,0.669606058628,0.6605128265,0.674481700344,0.673427299625,0.663716433596,0.6716800616,0.667312339899,0.67349043293,0.672578712239
6120260650,0.645737518481,0.632953520228,0.662261672767,0.673323698594,0.674367459993,0.44781895318,0.390984475016,0.426354345303,0.51921441999,0.647289358592,0.633171777009,0.673018561807,0.540191817284,0.0,0.674063248645,0.171497629574,0.272264154857,0.459962621481,0.616060484239,0.66049615107,0.654065292067,0.650035783592,0.6736600685,0.67382147234,0.674314259485,0.672778104062,0.654171860863,0.643280597137,0.674219879091,0.673825706511,0.662762691543,0.61016403976,0.617680660714,0.627817431488,0.64891387448,0.499797755149,0.53229438922,0.40191899836,0.517729663834,0.648373945842,0.468638237476,0.219792160069,0.627428703588,0.504324359397,0.485318105938,0.652450421102,0.655792331044,0.663620255219,0.646138461025,0.673130198531,0.67078966223,0.649720506003,0.674474647478,0.658013306677,0.674446734211,0.66879429929
6120260670,0.642822863141,0.645701302591,0.672955464358,0.667848432544,0.67259214422,0.646870230783,0.668115362658,0.674280878463,0.662779628535,0.672653139598,0.672208792041,0.674344023955,0.672042654864,0.674063248645,0.0,0.674464917555,0.621545600574,0.375543092122,0.626414448407,0.653963752699,0.563663456478,0.580753619284,0.643428688564,0.672847927979,0.649579657388,0.669640984299,0.655004106931,0.658877113017,0.669503820536,0.652009269122,0.668509231809,0.626397827542,0.619060922256,0.603702950413,0.612311295396,0.65932434519,0.664642802846,0.637398534426,0.666129697228,0.671429218307,0.670930705981,0.673746254431,0.628081437693,0.669317940158,0.673002648249,0.633138104247,0.672978317583,0.671665493363,0.667472955949,0.662303214479,0.668337220607,0.655270195092,0.639175378681,0.660025556033,0.653220648539,0.662411461259
6120261060,0.649048642673,0.646628131106,0.674177164619,0.672897910429,0.673960996124,0.550570309935,0.546679601231,0.531193714295,0.585111228152,0.65836278002,0.654932490084,0.669549701486,0.611536237511,0.171497629574,0.674464917555,0.0,0.339987986209,0.451065039618,0.635269627919,0.670081418432,0.657896610909,0.655765407146,0.674468937812,0.673022579165,0.674406178918,0.672190886945,0.666957463124,0.663555618556,0.673595075901,0.673413401898,0.665736141841,0.624548361749,0.629194591515,0.633665234119,0.647229705781,0.572753403941,0.578213654367,0.482084673363,0.604309703108,0.656655046053,0.597388854058,0.425938662423,0.552435177963,0.589354728405,0.572342647174,0.655547631448,0.664571199832,0.671155958795,0.663783854744,0.673021561495,0.670431661015,0.665357901319,0.674048801865,0.668562762358,0.674018047189,0.67060722328
6120261070,0.669027974662,0.672967907457,0.665100272104,0.669962394989,0.66939222086,0.626756634639,0.624961143404,0.408300289654,0.659311247653,0.663509039517,0.661802498948,0.594287002964,0.635567684816,0.272264154857,0.621545600574,0.339987986209,0.0,0.152918769996,0.594475127152,0.637568438355,0.67415854674,0.673534666451,0.665059518661,0.674313476726,0.664967195842,0.670970134657,0.630049765287,0.620763479723,0.673269069826,0.669026001656,0.661913344141,0.670475489389,0.671650459349,0.673396078571,0.673851500341,0.660939983833,0.264601896443,0.0711516257473,0.650354364542,0.491178351026,0.609398393497,0.43427857946,0.429536845115,0.628651527058,0.62854194303,0.672880065314,0.658234119686,0.665204076527,0.634082638465,0.669177123742,0.668610220619,0.624968019181,0.663470345102,0.640345389292,0.668078870269,0.665448185878
6120261080,0.66366705706,0.668564903453,0.672455016128,0.668581911574,0.673513328228,0.657574959303,0.646552237266,0.538961025517,0.665670062802,0.667954877043,0.667306660936,0.631356351705,0.606973433905,0.459962621481,0.375543092122,0.451065039618,0.152918769996,0.0,0.532738566845,0.606388558039,0.656596209707,0.662006527904,0.651325302694,0.674470496692,0.652434387557,0.669214395527,0.615579313646,0.612016565069,0.671580585788,0.661384972609,0.658214647095,0.664745963366,0.663637351225,0.662509652141,0.66358320383,0.667112302505,0.430411082528,0.250595900257,0.662606916633,0.572443125525,0.643243850631,0.527475441635,0.438709630734,0.605671767563,0.613771177084,0.670511779983,0.667327427295,0.668009155132,0.629884196812,0.664905523948,0.666283354055,0.608851662863,0.647663147562,0.627799203625,0.658813376476,0.661174731839
6120265000,0.666316977371,0.660764255582,0.67152002957,0.669269109851,0.67433994423,0.626509200257,0.661331005261,0.634547183404,0.655020828038,0.673276423428,0.673362838385,0.671755549496,0.529917918569,0.616060484239,0.626414448407,0.635269627919,0.594475127152,0.532738566845,0.0,0.105057600868,0.673979956271,0.674456281316,0.590598208978,0.55846692114,0.627801677326,0.667926964738,0.651257881369,0.630722839001,0.662227613656,0.612199608039,0.674439960168,0.612988096995,0.624849525317,0.630925235496,0.650574860403,0.641515792761,0.630688876211,0.587899854046,0.670688216277,0.669069253068,0.670623593015,0.663539890921,0.670589134304,0.478871241887,0.2558838943,0.672365143539,0.674132426559,0.674212041858,0.645737152093,0.647890790184,0.667961443927,0.643505938836,0.612471922937,0.652590718105,0.647396222621,0.662437709662
6120268960,0.66985821837,0.666801278996,0.674105859317,0.670648934015,0.674162880342,0.644307042711,0.668184354462,0.650362645938,0.662349399278,0.673852767128,0.673613785522,0.671058508052,0.643514455161,0.66049615107,0.653963752699,0.670081418432,0.637568438355,0.606388558039,0.105057600868,0.0,0.674214779362,0.674399581645,0.601019042859,0.498131592686,0.636045172469,0.667405355741,0.652115674147,0.641389420651,0.663241176516,0.608507039688,0.67448181887,0.630791625294,0.638972490083,0.641996364047,0.65591722155,0.653637967842,0.645070830671,0.624086117936,0.67221594904,0.669354953832,0.672628008286,0.673115628245,0.671762008045,0.615953469607,0.457710495398,0.66940362072,0.674232312532,0.663312770776,0.655420264199,0.642495653764,0.666587105003,0.643055168874,0.624095521881,0.65131515565,0.654811919827,0.655056324185
6120270080,0.57446473337,0.590253698461,0.652188475197,0.651875385134,0.666707613383,0.59169473143,0.637598232103,0.650508684047,0.620440405812,0.66248172134,0.665051750209,0.672688553679,0.666910956542,0.654065292067,0.563663456478,0.657896610909,0.67415854674,0.656596209707,0.673979956271,0.674214779362,0.0,0.019313229583,0.658786948542,0.64727831122,0.664287600573,0.667536723946,0.670002740972,0.673014503765,0.654033316511,0.617899768085,0.671322215646,0.525850623288,0.514623295432,0.488295588041,0.517888001076,0.608745957409,0.669381477875,0.672517773037,0.645058354633,0.674277700916,0.659576352703,0.665175426502,0.656260972105,0.665326408831,0.668734314933,0.230915116557,0.406624039353,0.565922445385,0.607155433615,0.651337908673,0.668566902607,0.670518361206,0.593882763477,0.668760557437,0.60305762909,0.655929835373
6120273300,0.566264533953,0.583876037299,0.649692730241,0.649131938768,0.665836305049,0.583029238316,0.630935722956,0.645968115282,0.613169599227,0.659547794429,0.663300367085,0.672204073105,0.664006552793,0.650035783592,0.580753619284,0.655765407146,0.673534666451,0.662006527904,0.674456281316,0.674399581645,0.019313229583,0.0,0.668088047419,0.611156314772,0.670582391145,0.669567600085,0.672401746013,0.669415739542,0.655193017546,0.630249674407,0.672970188828,0.517617518829,0.505900533038,0.478509275514,0.509021154322,0.601048164482,0.667720741402,0.671286262402,0.641059418758,0.674053813126,0.657133604782,0.66141697491,0.65946968415,0.66154333118,0.663422394161,0.144538604998,0.315254944598,0.500871280703,0.568952935531,0.658170188772,0.671032194524,0.672635738489,0.605232217252,0.670620462367,0.606038362588,0.661957461777
6120276280,0.665854410242,0.662988310576,0.647497293656,0.672331015588,0.671245474886,0.665970203956,0.673674085565,0.673528592548,0.669477332578,0.666929407589,0.6738022936,0.66302829742,0.667176743212,0.6736600685,0.643428688564,0.674468937812,0.665059518661,0.651325302694,0.590598208978,0.601019042859,0.658786948542,0.668088047419,0.0,0.537636478932,0.0317506757231,0.654906086163,0.672091337997,0.674461219719,0.660663609387,0.549811028058,0.669830728221,0.614381523676,0.629093267365,0.641753967834,0.65974727732,0.661504248774,0.666078182552,0.666791690805,0.674442608003,0.663589944805,0.674314737158,0.67281831751,0.644719093531,0.657996664147,0.611341159788,0.662058473534,0.620661870776,0.662066563536,0.657363149937,0.555160325232,0.652255723399,0.674088092584,0.453070817147,0.674468915595,0.604854383564,0.648441070721
6120276530,0.674476890664,0.674298461941,0.667372330758,0.669284790646,0.673206348616,0.674316145914,0.673112151633,0.673846785102,0.674444548411,0.666483137828,0.672932946122,0.672884116754,0.674392600144,0.67382147234,0.672847927979,0.673022579165,0.674313476726,0.674470496692,0.55846692114,0.498131592686,0.64727831122,0.611156314772,0.537636478932,0.0,0.617606816357,0.645124237068,0.674384163971,0.674250726912,0.658346292709,0.552365395713,0.660238392174,0.664360217131,0.668236033671,0.671032898753,0.673831670623,0.674044484852,0.674272910551,0.67445632703,0.673002730405,0.673157547784,0.672831630135,0.668617253549,0.664660175107,0.67263784136,0.650590785994,0.3827612748,0.339340114609,0.341864575275,0.630329326632,0.564109460508,0.633509574142,0.672719373047,0.592822428222,0.67140800897,0.649006059202,0.599045555403
6120277000,0.67001267202,0.668194940073,0.652157017388,0.672516580776,0.671590099115,0.670832287433,0.674378239813,0.672676963717,0.672461987315,0.667689097125,0.673571825588,0.664593131167,0.670588836629,0.674314259485,0.649579657388,0.674406178918,0.664967195842,0.652434387557,0.627801677326,0.636045172469,0.664287600573,0.670582391145,0.0317506757231,0.617606816357,0.0,0.661603735959,0.672116425086,0.674321293719,0.665927776562,0.59119331465,0.671453935748,0.637283945722,0.647134406135,0.655726441278,0.666754160395,0.667968885668,0.665742345387,0.665999831864,0.674446144486,0.665012536923,0.674064794146,0.672403323978,0.652029284004,0.665183229644,0.637045559228,0.668887903985,0.641561123493,0.636855578445,0.653962739128,0.588814743361,0.659852515819,0.673808113792,0.512095313148,0.674399578986,0.627188507355,0.660301557964
6120283710,0.67305800697,0.672218030088,0.670126933827,0.672654409687,0.673732320161,0.674018391891,0.673669629054,0.67316408736,0.674477933736,0.669016952755,0.673345787746,0.672137117618,0.674152158598,0.672778104062,0.669640984299,0.672190886945,0.670970134657,0.669214395527,0.667926964738,0.667405355741,0.667536723946,0.669567600085,0.654906086163,0.645124237068,0.661603735959,0.0,0.630805288384,0.612771647421,0.531590238037,0.296310453387,0.489870045033,0.653575074567,0.658692284676,0.662165304186,0.668727891578,0.673719687666,0.672426665108,0.672529426454,0.673648716914,0.672005285846,0.673217799351,0.668345873242,0.666848528538,0.674470913967,0.673053149671,0.674020343064,0.668300984637,0.658919267237,0.65486573831,0.571452722796,0.0564718668415,0.674258969398,0.423010904763,0.674037487281,0.339428370024,0.276735401226
6120284080,0.652900869139,0.657941106115,0.630827143733,0.661872721885,0.663207129924,0.632799947347,0.640242627769,0.623443054717,0.640866646211,0.644353448328,0.658405708972,0.650044808055,0.666114680241,0.654171860863,0.655004106931,0.666957463124,0.630049765287,0.615579313646,0.651257881369,0.652115674147,0.670002740972,0.672401746013,0.672091337997,0.674384163971,0.672116425086,0.630805288384,0.0,0.333504924191,0.673042415454,0.619892778444,0.669916569256,0.662165681266,0.657563434836,0.648641139847,0.645955034167,0.644333530224,0.622625339157,0.618503632259,0.649769744007,0.651030154775,0.655856657549,0.642932373679,0.65889404239,0.664687655536,0.661250354207,0.673642844575,0.668830022121,0.66925635891,0.626112461073,0.662248705215,0.667402498555,0.37326352507,0.6246919055,0.529332087787,0.615254658994,0.598860029842
6120284960,0.633842960496,0.641910765357,0.6253479429,0.65688359134,0.660149792609,0.604328315765,0.620697010212,0.601414219722,0.618419968686,0.635528644212,0.652208504097,0.645864157404,0.659632031284,0.643280597137,0.658877113017,0.663555618556,0.620763479723,0.612016565069,0.630722839001,0.641389420651,0.673014503765,0.669415739542,0.674461219719,0.674250726912,0.674321293719,0.612771647421,0.333504924191,0.0,0.673242471458,0.608356801794,0.620638324434,0.63973603641,0.633077934952,0.619512541465,0.620090644965,0.620424772493,0.60814754601,0.604394238981,0.637125907512,0.646677484423,0.647541081148,0.630483182877,0.661264476215,0.655803118762,0.645338765306,0.665297059953,0.648847252985,0.660524324644,0.546051267822,0.661822505655,0.603466938104,0.484505223616,0.653083155686,0.577546914446,0.558060734038,0.38933201329
6120286770,0.668856425576,0.667647173736,0.672604893497,0.673751058781,0.674300235584,0.670523147341,0.674476583372,0.674477989611,0.673284700767,0.671397270362,0.674179638575,0.67339541496,0.674482035882,0.674219879091,0.669503820536,0.673595075901,0.673269069826,0.671580585788,0.662227613656,0.663241176516,0.654033316511,0.655193017546,0.660663609387,0.658346292709,0.665927776562,0.531590238037,0.673042415454,0.673242471458,0.0,0.484329499869,0.0728763918057,0.637243476394,0.643955371629,0.647783097505,0.659214815279,0.670601882268,0.674196924882,0.674252683079,0.674462592412,0.673270407099,0.674239818935,0.671350203356,0.667037675134,0.674170280917,0.670156841156,0.664595326602,0.653608184745,0.670068203804,0.674007455202,0.618919552467,0.383021216403,0.673578098187,0.547193283112,0.673442419593,0.53830702128,0.503953277841
6120288420,0.67070187176,0.66800189725,0.659694824997,0.668135336335,0.672819693772,0.670771097417,0.67325765757,0.67318570706,0.674264693961,0.659006429883,0.671980155059,0.66908792006,0.674002322805,0.673825706511,0.652009269122,0.673413401898,0.669026001656,0.661384972609,0.612199608039,0.608507039688,0.617899768085,0.630249674407,0.549811028058,0.552365395713,0.59119331465,0.296310453387,0.619892778444,0.608356801794,0.484329499869,0.0,0.505662556079,0.616014041617,0.629183701276,0.637474671119,0.656620991145,0.670933913865,0.671058255276,0.671837600105,0.673035096668,0.668527856769,0.672223977586,0.661586540319,0.643436372124,0.671291786129,0.650088269418,0.66819724957,0.664579359745,0.643736542443,0.66344348342,0.343981693656,0.256162774013,0.667373981335,0.115288262989,0.672789717844,0.102054276433,0.145176480794
6120288920,0.672593754073,0.673792953601,0.664884874595,0.667500216386,0.672522101723,0.669963176961,0.662629112365,0.664185772756,0.66693452177,0.659612927795,0.669237539451,0.669981931072,0.669139192059,0.662762691543,0.668509231809,0.665736141841,0.661913344141,0.658214647095,0.674439960168,0.67448181887,0.671322215646,0.672970188828,0.669830728221,0.660238392174,0.671453935748,0.489870045033,0.669916569256,0.620638324434,0.0728763918057,0.505662556079,0.0,0.672025204022,0.673431632651,0.674121590322,0.674451713666,0.669963076675,0.665504744147,0.664397226334,0.666126454258,0.669205987538,0.6673687012,0.652780062652,0.665457008121,0.66991661376,0.672283728354,0.67448171155,0.672469695619,0.657766672486,0.649641994353,0.637061668294,0.337557988673,0.561749500364,0.578924696046,0.480146496979,0.549012167591,0.4720179332
6121052430,0.220354097887,0.389338623934,0.634548804681,0.593991311742,0.65905974205,0.595076948616,0.579848812459,0.674073332363,0.509270690876,0.674213817512,0.667428266767,0.594564886564,0.605866708523,0.61016403976,0.626397827542,0.624548361749,0.670475489389,0.664745963366,0.612988096995,0.630791625294,0.525850623288,0.517617518829,0.614381523676,0.664360217131,0.637283945722,0.653575074567,0.662165681266,0.63973603641,0.637243476394,0.616014041617,0.672025204022,0.0,0.0514305155079,0.287062475719,0.499750246781,0.448756878093,0.644699800744,0.658200168259,0.64174936903,0.627909093102,0.664011042454,0.615995792573,0.643321428442,0.582024403481,0.532613284579,0.580711497767,0.610510274065,0.664234880887,0.636963039383,0.652208389034,0.653614795823,0.65349296006,0.592919350955,0.66143639871,0.610990446541,0.66176738876
6121053320,0.257302751278,0.360006788469,0.667175158964,0.610592707695,0.674329209051,0.575353644882,0.605638574678,0.674481913698,0.561831721348,0.674147984595,0.665344461782,0.625855544766,0.618206565775,0.617680660714,0.619060922256,0.629194591515,0.671650459349,0.663637351225,0.624849525317,0.638972490083,0.514623295432,0.505900533038,0.629093267365,0.668236033671,0.647134406135,0.658692284676,0.657563434836,0.633077934952,0.643955371629,0.629183701276,0.673431632651,0.0514305155079,0.0,0.164590295382,0.421219363895,0.516537798603,0.654960785148,0.664492776012,0.647313275766,0.636984754174,0.664698497347,0.64696520286,0.638847669658,0.598607397943,0.558244112519,0.571057202734,0.599661113316,0.661296709804,0.63076974174,0.658476543929,0.659351251364,0.64784123814,0.611144991403,0.657870592423,0.623974658017,0.666199078572
6121053910,0.420698632893,0.378638595289,0.641607270682,0.641832150199,0.653708600979,0.536975534299,0.642624194944,0.670975264999,0.634182721823,0.671602671627,0.668135860619,0.6601799515,0.630397501474,0.627817431488,0.603702950413,0.633665234119,0.673396078571,0.662509652141,0.630925235496,0.641996364047,0.488295588041,0.478509275514,0.641753967834,0.671032898753,0.655726441278,0.662165304186,0.648641139847,0.619512541465,0.647783097505,0.637474671119,0.674121590322,0.287062475719,0.164590295382,0.0,0.122761717792,0.612518453916,0.669641447947,0.672391855186,0.655060470385,0.648057835653,0.666050347486,0.672357945014,0.627847842624,0.614478014511,0.580546691817,0.551752294391,0.576602043534,0.655622397837,0.618018044731,0.663078435146,0.663193879026,0.636934695499,0.62470257588,0.650976449555,0.633158911153,0.669016186007
6121054710,0.350641102868,0.382839251129,0.542037326578,0.654377752806,0.629576155128,0.565563561079,0.664010497383,0.668608311386,0.662189570874,0.67028470682,0.671627758613,0.6718921836,0.649762004722,0.64891387448,0.612311295396,0.647229705781,0.673851500341,0.66358320383,0.650574860403,0.65591722155,0.517888001076,0.509021154322,0.65974727732,0.673831670623,0.666754160395,0.668727891578,0.645955034167,0.620090644965,0.659214815279,0.656620991145,0.674451713666,0.499750246781,0.421219363895,0.122761717792,0.0,0.653095166706,0.673794885248,0.674181870825,0.666049320679,0.658769934088,0.670379968946,0.673761549459,0.633980616096,0.640909986256,0.622194643824,0.566834537476,0.583658518391,0.654835098462,0.620420463114,0.670070993671,0.669816156985,0.635369461357,0.650252411455,0.649816612104,0.65294235959,0.673141147536
6121061730,0.494686856132,0.481073374652,0.629999644613,0.527750660263,0.669155496273,0.288292857215,0.264748785244,0.622760241188,0.015152078561,0.492215393305,0.399866054451,0.674481959321,0.59367885418,0.499797755149,0.65932434519,0.572753403941,0.660939983833,0.667112302505,0.641515792761,0.653637967842,0.608745957409,0.601048164482,0.661504248774,0.674044484852,0.667968885668,0.673719687666,0.644333530224,0.620424772493,0.670601882268,0.670933913865,0.669963076675,0.448756878093,0.516537798603,0.612518453916,0.653095166706,0.0,0.673255658836,0.670105918442,0.262078964187,0.674241401158,0.539369964988,0.393854869585,0.673307466461,0.570937136155,0.546601731138,0.625184228978,0.630526976884,0.656416142376,0.625591006953,0.673899653852,0.674353361852,0.633588812164,0.665612025669,0.647268233675,0.667169002305,0.673846688043
6121062030,0.654015148524,0.667118949628,0.625516715582,0.665424326474,0.65095170245,0.603799412035,0.584503861856,0.113841973782,0.670524320752,0.654722459889,0.652506045643,0.460074399066,0.662652865903,0.53229438922,0.664642802846,0.578213654367,0.264601896443,0.430411082528,0.630688876211,0.645070830671,0.669381477875,0.667720741402,0.666078182552,0.674272910551,0.665742345387,0.672426665108,0.622625339157,0.60814754601,0.674196924882,0.671058255276,0.665504744147,0.644699800744,0.654960785148,0.669641447947,0.673794885248,0.673255658836,0.0,0.0983976955453,0.662656383621,0.380888570839,0.630053152717,0.602272270208,0.645690439565,0.660937307842,0.661110628652,0.669343701433,0.646481933646,0.660214712886,0.624970745719,0.670206272451,0.670770840529,0.617074542754,0.666152415246,0.635389694845,0.670245463072,0.667070586414
6121062900,0.65992362365,0.669706322236,0.641928207062,0.666001359968,0.657686735241,0.612446429276,0.626708807939,0.280716215102,0.667565173899,0.660507773866,0.656932726738,0.513139204975,0.6440537349,0.40191899836,0.637398534426,0.482084673363,0.0711516257473,0.250595900257,0.587899854046,0.624086117936,0.672517773037,0.671286262402,0.666791690805,0.67445632703,0.665999831864,0.672529426454,0.618503632259,0.604394238981,0.674252683079,0.671837600105,0.664397226334,0.658200168259,0.664492776012,0.672391855186,0.674181870825,0.670105918442,0.0983976955453,0.0,0.655484889326,0.394563206537,0.608705976395,0.512697207129,0.583144734188,0.639220722174,0.637364622189,0.67183013523,0.650177006586,0.662548610469,0.622321390652,0.670843257188,0.670864163458,0.611774913297,0.666750035152,0.631387472482,0.670431746694,0.667665040077
6121063070,0.656572427627,0.642013569809,0.663592882108,0.670112321016,0.674462310742,0.349035878673,0.349901648697,0.588626139021,0.202058558316,0.374404806041,0.288552629642,0.617059741276,0.641510596488,0.517729663834,0.666129697228,0.604309703108,0.650354364542,0.662606916633,0.670688216277,0.67221594904,0.645058354633,0.641059418758,0.674442608003,0.673002730405,0.674446144486,0.673648716914,0.649769744007,0.637125907512,0.674462592412,0.673035096668,0.666126454258,0.64174936903,0.647313275766,0.655060470385,0.666049320679,0.262078964187,0.662656383621,0.655484889326,0.0,0.663771828123,0.361626832436,0.453070673249,0.674464516374,0.63274975678,0.630042134245,0.648983305601,0.647146534062,0.659767480754,0.641470658663,0.672726000471,0.672312431237,0.644285140322,0.674001556408,0.654406806666,0.674373547394,0.668612252329
6121063260,0.644625745443,0.6571223326,0.656777798066,0.666996188032,0.668960104042,0.670970181594,0.673267224053,0.517757163191,0.674150108281,0.656152177587,0.661028790219,0.479196422568,0.674443664076,0.648373945842,0.671429218307,0.656655046053,0.491178351026,0.572443125525,0.669069253068,0.669354953832,0.674277700916,0.674053813126,0.663589944805,0.673157547784,0.665012536923,0.672005285846,0.651030154775,0.646677484423,0.673270407099,0.668527856769,0.669205987538,0.627909093102,0.636984754174,0.648057835653,0.658769934088,0.674241401158,0.380888570839,0.394563206537,0.663771828123,0.0,0.407005881705,0.607241429496,0.660149363525,0.6743398543,0.67403907747,0.674043033774,0.664440621974,0.666798351024,0.654384955031,0.669597198361,0.670748757832,0.649597288692,0.663367485313,0.65744193748,0.66823598596,0.668259406006
6121063280,0.669852990087,0.66329483391,0.669851414464,0.674319336934,0.674480964602,0.516948561291,0.459295227795,0.541180208281,0.532586569584,0.611109762177,0.599549777209,0.667128741983,0.648488167568,0.468638237476,0.670930705981,0.597388854058,0.609398393497,0.643243850631,0.670623593015,0.672628008286,0.659576352703,0.657133604782,0.674314737158,0.672831630135,0.674064794146,0.673217799351,0.655856657549,0.647541081148,0.674239818935,0.672223977586,0.6673687012,0.664011042454,0.664698497347,0.666050347486,0.670379968946,0.539369964988,0.630053152717,0.608705976395,0.361626832436,0.407005881705,0.0,0.351193163227,0.673308964547,0.641589633129,0.640032416858,0.660462404045,0.656858182572,0.663494765101,0.650889337442,0.672243473649,0.6718655716,0.652490316647,0.673064668649,0.659829145437,0.673832469047,0.668907329538
6121063370,0.647943443377,0.650537748496,0.614728448164,0.670158824772,0.658947108277,0.552891172644,0.273399742574,0.526482555275,0.405559251589,0.608071877816,0.619361383148,0.668406633922,0.599372829412,0.219792160069,0.673746254431,0.425938662423,0.43427857946,0.527475441635,0.663539890921,0.673115628245,0.665175426502,0.66141697491,0.67281831751,0.668617253549,0.672403323978,0.668345873242,0.642932373679,0.630483182877,0.671350203356,0.661586540319,0.652780062652,0.615995792573,0.64696520286,0.672357945014,0.673761549459,0.393854869585,0.602272270208,0.512697207129,0.453070673249,0.607241429496,0.351193163227,0.0,0.604611962414,0.583533356182,0.589449862137,0.658696996106,0.65590651977,0.657587620712,0.638032333178,0.665765307311,0.663696002409,0.637567243001,0.666115931623,0.649521257058,0.669213072246,0.654904431799
6121064240,0.657364158462,0.659012152897,0.673279325872,0.672263821371,0.672784671113,0.667727124207,0.673418627468,0.67293897234,0.674200431889,0.673606033398,0.674458993871,0.673239844644,0.672518007249,0.627428703588,0.628081437693,0.552435177963,0.429536845115,0.438709630734,0.670589134304,0.671762008045,0.656260972105,0.65946968415,0.644719093531,0.664660175107,0.652029284004,0.666848528538,0.65889404239,0.661264476215,0.667037675134,0.643436372124,0.665457008121,0.643321428442,0.638847669658,0.627847842624,0.633980616096,0.673307466461,0.645690439565,0.583144734188,0.674464516374,0.660149363525,0.673308964547,0.604611962414,0.0,0.671150573508,0.661890944893,0.669607027759,0.674049227169,0.669181465207,0.667068277764,0.657267532988,0.664287765958,0.659434683578,0.635460694842,0.663847362171,0.651449783161,0.65627368074
6121064340,0.640859986194,0.634486636089,0.65856774042,0.674210775992,0.674136540072,0.563555777586,0.577780252835,0.62156929818,0.593300690197,0.670463310607,0.663163650959,0.673352440159,0.0105984968212,0.504324359397,0.669317940158,0.589354728405,0.628651527058,0.605671767563,0.478871241887,0.615953469607,0.665326408831,0.66154333118,0.657996664147,0.67263784136,0.665183229644,0.674470913967,0.664687655536,0.655803118762,0.674170280917,0.671291786129,0.66991661376,0.582024403481,0.598607397943,0.614478014511,0.640909986256,0.570937136155,0.660937307842,0.639220722174,0.63274975678,0.6743398543,0.641589633129,0.583533356182,0.671150573508,0.0,0.101908751638,0.663249635184,0.66749808298,0.669222039272,0.657054375576,0.673962718129,0.674192684141,0.661460672634,0.66604649108,0.665781715442,0.67094794251,0.67385385685
6121064930,0.630613768286,0.619803731668,0.650756000062,0.674469405773,0.673962475924,0.535611226466,0.574158280394,0.614828224871,0.57941149714,0.672701866767,0.663092387906,0.672763403354,0.164750073748,0.485318105938,0.673002648249,0.572342647174,0.62854194303,0.613771177084,0.2558838943,0.457710495398,0.668734314933,0.663422394161,0.611341159788,0.650590785994,0.637045559228,0.673053149671,0.661250354207,0.645338765306,0.670156841156,0.650088269418,0.672283728354,0.532613284579,0.558244112519,0.580546691817,0.622194643824,0.546601731138,0.661110628652,0.637364622189,0.630042134245,0.67403907747,0.640032416858,0.589449862137,0.661890944893,0.101908751638,0.0,0.667542376733,0.66858301757,0.669107286744,0.648156001656,0.66597662545,0.673725486301,0.655863736794,0.634997102526,0.661890903135,0.656736752844,0.673366794028
6121069270,0.598051379647,0.61298722859,0.653008688074,0.651856648874,0.667581914577,0.613434631519,0.63897603705,0.652844088861,0.630731524445,0.659523972606,0.665342893291,0.672737421114,0.664148998592,0.652450421102,0.633138104247,0.655547631448,0.672880065314,0.670511779983,0.672365143539,0.66940362072,0.230915116557,0.144538604998,0.662058473534,0.3827612748,0.668887903985,0.674020343064,0.673642844575,0.665297059953,0.664595326602,0.66819724957,0.67448171155,0.580711497767,0.571057202734,0.551752294391,0.566834537476,0.625184228978,0.669343701433,0.67183013523,0.648983305601,0.674043033774,0.660462404045,0.658696996106,0.669607027759,0.663249635184,0.667542376733,0.0,0.130880807656,0.399955841266,0.5278286558,0.672084915318,0.67448049869,0.673302676121,0.653165754463,0.671289250303,0.638655247732,0.674125460968
6121070190,0.618633238217,0.628737892907,0.632734788657,0.656059200264,0.662052972756,0.610156606463,0.63848263842,0.631947734365,0.632433642497,0.651933143443,0.660591401701,0.660583985857,0.668291182465,0.655792331044,0.672978317583,0.664571199832,0.658234119686,0.667327427295,0.674132426559,0.674232312532,0.406624039353,0.315254944598,0.620661870776,0.339340114609,0.641561123493,0.668300984637,0.668830022121,0.648847252985,0.653608184745,0.664579359745,0.672469695619,0.610510274065,0.599661113316,0.576602043534,0.583658518391,0.630526976884,0.646481933646,0.650177006586,0.647146534062,0.664440621974,0.656858182572,0.65590651977,0.674049227169,0.66749808298,0.66858301757,0.130880807656,0.0,0.377967644577,0.492049469317,0.674473233664,0.670194975023,0.668424247379,0.664437408388,0.673275476538,0.63667684733,0.668328856928
