,6120237750,6120242080,6120246000,6120247190,6120251410,6120253690,6120254840,6120255080,6120255620,6120256260,6120257630,6120258410,6120260500,6120260650,6120260670,6120261060,6120261070,6120261080,6120265000,6120268960,6120270080,6120273300,6120276280,6120276530,6120277000,6120283710,6120284080,6120284960,6120286770,6120288420,6121052430,6121053320,6121053910,6121054710,6121061730,6121062030,6121062900,6121063070,6121063260,6121063280,6121063370,6121064240,6121064340,6121064930,6121069270,6121070190,6121071270,6121071800,6121072620,6121073530,6121073720,6121073920,6121073930,6121074190,6121075040
6120237750,0.0,1553.2890625,11048.8935547,2060.71289062,7382.52246094,3320.70605469,1928.75195312,6913.13183594,598.442382812,3180.22900391,453.306640625,8923.83105469,4635.0234375,3783.78125,16727.4638672,6159.84082031,10674.2509766,13034.7216797,9306.33300781,11916.1728516,24291.5380859,24291.5380859,5588.14550781,14549.7626953,5588.14550781,19455.8720703,32266.5693359,28278.5966797,16330.4912109,11527.5205078,534.008300781,1167.73828125,2985.84765625,3729.85351562,453.125488281,9195.21972656,10039.9716797,3029.453125,9092.76074219,4539.00585938,722.235839844,20838.8916016,4635.0234375,5347.55761719,23393.2373047,28437.3701172,15374.6669922,22961.9267578,13073.6669922,19455.8720703,33197.4482422,8233.11816406,33197.4482422,7824.765625,14827.3115234
6120242080,1553.2890625,0.0,9495.60449219,3614.00195312,5829.23339844,1767.41699219,375.462890625,5359.84277344,2151.73144531,4733.51806641,1099.98242188,7370.54199219,3081.734375,2230.4921875,15174.1748047,4606.55175781,9120.96191406,11481.4326172,7753.04394531,10362.8837891,22738.2490234,22738.2490234,4034.85644531,12996.4736328,4034.85644531,17902.5830078,30713.2802734,26725.3076172,14777.2021484,9974.23144531,2087.29736328,385.55078125,1432.55859375,2176.56445312,2006.41455078,7641.93066406,8486.68261719,1476.1640625,7539.47167969,2985.71679688,2275.52490234,19285.6025391,3081.734375,3794.26855469,21839.9482422,26884.0810547,13821.3779297,21408.6376953,11520.3779297,17902.5830078,31644.1591797,6679.82910156,31644.1591797,6271.4765625,13274.0224609
6120246000,11048.8935547,9495.60449219,0.0,13109.6064453,3666.37109375,7728.1875,9120.14160156,4135.76171875,11647.3359375,14229.1225586,10595.5869141,2125.0625,6413.87011719,7265.11230469,5678.5703125,4889.05273438,374.642578125,1985.828125,1742.56054688,867.279296875,13242.6445312,13242.6445312,5460.74804688,3500.86914062,5460.74804688,8406.97851562,21217.6757812,17229.703125,5281.59765625,478.626953125,11582.9018555,9881.15527344,8063.04589844,7319.04003906,11502.019043,1853.67382812,1008.921875,8019.44042969,1956.1328125,6509.88769531,11771.1293945,9789.99804688,6413.87011719,5701.3359375,12344.34375,17388.4765625,4325.7734375,11913.0332031,2024.7734375,8406.97851562,22148.5546875,2815.77539062,22148.5546875,3224.12792969,3778.41796875
6120247190,2060.71289062,3614.00195312,13109.6064453,0.0,9443.23535156,5381.41894531,3989.46484375,8973.84472656,1462.27050781,1119.51611328,2514.01953125,10984.5439453,6695.73632812,5844.49414062,18788.1767578,8220.55371094,12734.9638672,15095.4345703,11367.0458984,13976.8857422,26352.2509766,26352.2509766,7648.85839844,16610.4755859,7648.85839844,21516.5849609,34327.2822266,30339.3095703,18391.2041016,13588.2333984,1526.70458984,3228.45117188,5046.56054688,5790.56640625,1607.58740234,11255.9326172,12100.6845703,5090.16601562,11153.4736328,6599.71875,1338.47705078,22899.6044922,6695.73632812,7408.27050781,25453.9501953,30498.0830078,17435.3798828,25022.6396484,15134.3798828,21516.5849609,35258.1611328,10293.8310547,35258.1611328,9885.47851562,16888.0244141
6120251410,7382.52246094,5829.23339844,3666.37109375,9443.23535156,0.0,4061.81640625,5453.77050781,469.390625,7980.96484375,10562.7514648,6929.21582031,1541.30859375,2747.49902344,3598.74121094,9344.94140625,1222.68164062,3291.72851562,5652.19921875,1923.81054688,4533.65039062,16909.015625,16909.015625,1794.37695312,7167.24023438,1794.37695312,12073.3496094,24884.046875,20896.0742188,8947.96875,4144.99804688,7916.53076172,6214.78417969,4396.67480469,3652.66894531,7835.64794922,1812.69726562,2657.44921875,4353.06933594,1710.23828125,2843.51660156,8104.75830078,13456.3691406,2747.49902344,2034.96484375,16010.7148438,21054.8476562,7992.14453125,15579.4042969,5691.14453125,12073.3496094,25814.9257812,850.595703125,25814.9257812,442.243164062,7444.7890625
6120253690,3320.70605469,1767.41699219,7728.1875,5381.41894531,4061.81640625,0.0,1391.95410156,3592.42578125,3919.1484375,6500.93505859,2867.39941406,5603.125,1314.31738281,463.075195312,13406.7578125,2839.13476562,7353.54492188,9714.015625,5985.62695312,8595.46679688,20970.8320312,20970.8320312,2267.43945312,11229.0566406,2267.43945312,16135.1660156,28945.8632812,24957.890625,13009.7851562,8206.81445312,3854.71435547,2152.96777344,334.858398438,409.147460938,3773.83154297,5874.51367188,6719.265625,291.252929688,5772.0546875,1218.29980469,4042.94189453,17518.1855469,1314.31738281,2026.8515625,20072.53125,25116.6640625,12053.9609375,19641.2207031,9752.9609375,16135.1660156,29876.7421875,4912.41210938,29876.7421875,4504.05957031,11506.6054688
6120254840,1928.75195312,375.462890625,9120.14160156,3989.46484375,5453.77050781,1391.95410156,0.0,4984.37988281,2527.19433594,5108.98095703,1475.4453125,6995.07910156,2706.27148438,1855.02929688,14798.7119141,4231.08886719,8745.49902344,11105.9697266,7377.58105469,9987.42089844,22362.7861328,22362.7861328,3659.39355469,12621.0107422,3659.39355469,17527.1201172,30337.8173828,26349.8447266,14401.7392578,9598.76855469,2462.76025391,761.013671875,1057.09570312,1801.1015625,2381.87744141,7266.46777344,8111.21972656,1100.70117188,7164.00878906,2610.25390625,2650.98779297,18910.1396484,2706.27148438,3418.80566406,21464.4853516,26508.6181641,13445.9150391,21033.1748047,11144.9150391,17527.1201172,31268.6962891,6304.36621094,31268.6962891,5896.01367188,12898.5595703
6120255080,6913.13183594,5359.84277344,4135.76171875,8973.84472656,469.390625,3592.42578125,4984.37988281,0.0,7511.57421875,10093.3608398,6459.82519531,2010.69921875,2278.10839844,3129.35058594,9814.33203125,753.291015625,3761.11914062,6121.58984375,2393.20117188,5003.04101562,17378.40625,17378.40625,1324.98632812,7636.63085938,1324.98632812,12542.7402344,25353.4375,21365.4648438,9417.359375,4614.38867188,7447.14013672,5745.39355469,3927.28417969,3183.27832031,7366.25732422,2282.08789062,3126.83984375,3883.67871094,2179.62890625,2374.12597656,7635.36767578,13925.7597656,2278.10839844,1565.57421875,16480.1054688,21524.2382812,8461.53515625,16048.7949219,6160.53515625,12542.7402344,26284.3164062,1319.98632812,26284.3164062,911.633789062,7914.1796875
6120255620,598.442382812,2151.73144531,11647.3359375,1462.27050781,7980.96484375,3919.1484375,2527.19433594,7511.57421875,0.0,2581.78662109,1051.74902344,9522.2734375,5233.46582031,4382.22363281,17325.90625,6758.28320312,11272.6933594,13633.1640625,9904.77539062,12514.6152344,24889.9804688,24889.9804688,6186.58789062,15148.2050781,6186.58789062,20054.3144531,32865.0117188,28877.0390625,16928.9335938,12125.9628906,64.4340820312,1766.18066406,3584.29003906,4328.29589844,145.316894531,9793.66210938,10638.4140625,3627.89550781,9691.203125,5137.44824219,123.793457031,21437.3339844,5233.46582031,5946.0,23991.6796875,29035.8125,15973.109375,23560.3691406,13672.109375,20054.3144531,33795.890625,8831.56054688,33795.890625,8423.20800781,15425.7539062
6120256260,3180.22900391,4733.51806641,14229.1225586,1119.51611328,10562.7514648,6500.93505859,5108.98095703,10093.3608398,2581.78662109,0.0,3633.53564453,12104.0600586,7815.25244141,6964.01025391,19907.6928711,9340.06982422,13854.4799805,16214.9506836,12486.5620117,15096.4018555,27471.7670898,27471.7670898,8768.37451172,17729.9916992,8768.37451172,22636.1010742,35446.7983398,31458.8256836,19510.7202148,14707.7495117,2646.22070312,4347.96728516,6166.07666016,6910.08251953,2727.10351562,12375.4487305,13220.2006836,6209.68212891,12272.9897461,7719.23486328,2457.99316406,24019.1206055,7815.25244141,8527.78662109,26573.4663086,31617.5991211,18554.8959961,26142.1557617,16253.8959961,22636.1010742,36377.6772461,11413.347168,36377.6772461,11004.9946289,18007.5405273
6120257630,453.306640625,1099.98242188,10595.5869141,2514.01953125,6929.21582031,2867.39941406,1475.4453125,6459.82519531,1051.74902344,3633.53564453,0.0,8470.52441406,4181.71679688,3330.47460938,16274.1572266,5706.53417969,10220.9443359,12581.4150391,8853.02636719,11462.8662109,23838.2314453,23838.2314453,5134.83886719,14096.4560547,5134.83886719,19002.5654297,31813.2626953,27825.2900391,15877.1845703,11074.2138672,987.314941406,714.431640625,2532.54101562,3276.546875,906.432128906,8741.91308594,9586.66503906,2576.14648438,8639.45410156,4085.69921875,1175.54248047,20385.5849609,4181.71679688,4894.25097656,22939.9306641,27984.0634766,14921.3603516,22508.6201172,12620.3603516,19002.5654297,32744.1416016,7779.81152344,32744.1416016,7371.45898438,14374.0048828
6120258410,8923.83105469,7370.54199219,2125.0625,10984.5439453,1541.30859375,5603.125,6995.07910156,2010.69921875,9522.2734375,12104.0600586,8470.52441406,0.0,4288.80761719,5140.04980469,7803.6328125,2763.99023438,1750.41992188,4110.890625,382.501953125,2992.34179688,15367.7070312,15367.7070312,3335.68554688,5625.93164062,3335.68554688,10532.0410156,23342.7382812,19354.765625,7406.66015625,2603.68945312,9457.83935547,7756.09277344,5937.98339844,5193.97753906,9376.95654297,271.388671875,1116.140625,5894.37792969,168.9296875,4384.82519531,9646.06689453,11915.0605469,4288.80761719,3576.2734375,14469.40625,19513.5390625,6450.8359375,14038.0957031,4149.8359375,10532.0410156,24273.6171875,690.712890625,24273.6171875,1099.06542969,5903.48046875
6120260500,4635.0234375,3081.734375,6413.87011719,6695.73632812,2747.49902344,1314.31738281,2706.27148438,2278.10839844,5233.46582031,7815.25244141,4181.71679688,4288.80761719,0.0,851.2421875,12092.4404297,1524.81738281,6039.22753906,8399.69824219,4671.30957031,7281.14941406,19656.5146484,19656.5146484,953.122070312,9914.73925781,953.122070312,14820.8486328,27631.5458984,23643.5732422,11695.4677734,6892.49707031,5169.03173828,3467.28515625,1649.17578125,905.169921875,5088.14892578,4560.19628906,5404.94824219,1605.5703125,4457.73730469,96.017578125,5357.25927734,16203.8681641,0.0,712.534179688,18758.2138672,23802.3466797,10739.6435547,18326.9033203,8438.64355469,14820.8486328,28562.4248047,3598.09472656,28562.4248047,3189.7421875,10192.2880859
6120260650,3783.78125,2230.4921875,7265.11230469,5844.49414062,3598.74121094,463.075195312,1855.02929688,3129.35058594,4382.22363281,6964.01025391,3330.47460938,5140.04980469,851.2421875,0.0,12943.6826172,2376.05957031,6890.46972656,9250.94042969,5522.55175781,8132.39160156,20507.7568359,20507.7568359,1804.36425781,10765.9814453,1804.36425781,15672.0908203,28482.7880859,24494.8154297,12546.7099609,7743.73925781,4317.78955078,2616.04296875,797.93359375,53.927734375,4236.90673828,5411.43847656,6256.19042969,754.328125,5308.97949219,755.224609375,4506.01708984,17055.1103516,851.2421875,1563.77636719,19609.4560547,24653.5888672,11590.8857422,19178.1455078,9289.88574219,15672.0908203,29413.6669922,4449.33691406,29413.6669922,4040.984375,11043.5302734
6120260670,16727.4638672,15174.1748047,5678.5703125,18788.1767578,9344.94140625,13406.7578125,14798.7119141,9814.33203125,17325.90625,19907.6928711,16274.1572266,7803.6328125,12092.4404297,12943.6826172,0.0,10567.6230469,6053.21289062,3692.7421875,7421.13085938,4811.29101562,7564.07421875,7564.07421875,11139.3183594,2177.70117188,11139.3183594,2728.40820312,15539.1054688,11551.1328125,396.97265625,5199.94335938,17261.472168,15559.7255859,13741.6162109,12997.6103516,17180.5893555,7532.24414062,6687.4921875,13698.0107422,7634.703125,12188.4580078,17449.699707,4111.42773438,12092.4404297,11379.90625,6665.7734375,11709.90625,1352.796875,6234.46289062,3653.796875,2728.40820312,16469.984375,8494.34570312,16469.984375,8902.69824219,1900.15234375
6120261060,6159.84082031,4606.55175781,4889.05273438,8220.55371094,1222.68164062,2839.13476562,4231.08886719,753.291015625,6758.28320312,9340.06982422,5706.53417969,2763.99023438,1524.81738281,2376.05957031,10567.6230469,0.0,4514.41015625,6874.88085938,3146.4921875,5756.33203125,18131.6972656,18131.6972656,571.6953125,8389.921875,571.6953125,13296.03125,26106.7285156,22118.7558594,10170.6503906,5367.6796875,6693.84912109,4992.10253906,3173.99316406,2429.98730469,6612.96630859,3035.37890625,3880.13085938,3130.38769531,2932.91992188,1620.83496094,6882.07666016,14679.0507812,1524.81738281,812.283203125,17233.3964844,22277.5292969,9214.82617188,16802.0859375,6913.82617188,13296.03125,27037.6074219,2073.27734375,27037.6074219,1664.92480469,8667.47070312
6120261070,10674.2509766,9120.96191406,374.642578125,12734.9638672,3291.72851562,7353.54492188,8745.49902344,3761.11914062,11272.6933594,13854.4799805,10220.9443359,1750.41992188,6039.22753906,6890.46972656,6053.21289062,4514.41015625,0.0,2360.47070312,1367.91796875,1241.921875,13617.2871094,13617.2871094,5086.10546875,3875.51171875,5086.10546875,8781.62109375,21592.3183594,17604.3457031,5656.24023438,853.26953125,11208.2592773,9506.51269531,7688.40332031,6944.39746094,11127.3764648,1479.03125,634.279296875,7644.79785156,1581.49023438,6135.24511719,11396.4868164,10164.640625,6039.22753906,5326.69335938,12718.9863281,17763.1191406,4700.41601562,12287.6757812,2399.41601562,8781.62109375,22523.1972656,2441.1328125,22523.1972656,2849.48535156,4153.06054688
6120261080,13034.7216797,11481.4326172,1985.828125,15095.4345703,5652.19921875,9714.015625,11105.9697266,6121.58984375,13633.1640625,16214.9506836,12581.4150391,4110.890625,8399.69824219,9250.94042969,3692.7421875,6874.88085938,2360.47070312,0.0,3728.38867188,1118.54882812,11256.8164062,11256.8164062,7446.57617188,1515.04101562,7446.57617188,6421.15039062,19231.8476562,15243.875,3295.76953125,1507.20117188,13568.7299805,11866.9833984,10048.8740234,9304.86816406,13487.847168,3839.50195312,2994.75,10005.2685547,3941.9609375,8495.71582031,13756.9575195,7804.16992188,8399.69824219,7687.1640625,10358.515625,15402.6484375,2339.9453125,9927.20507812,38.9453125,6421.15039062,20162.7265625,4801.60351562,20162.7265625,5209.95605469,1792.58984375
6120265000,9306.33300781,7753.04394531,1742.56054688,11367.0458984,1923.81054688,5985.62695312,7377.58105469,2393.20117188,9904.77539062,12486.5620117,8853.02636719,382.501953125,4671.30957031,5522.55175781,7421.13085938,3146.4921875,1367.91796875,3728.38867188,0.0,2609.83984375,14985.2050781,14985.2050781,3718.1875,5243.4296875,3718.1875,10149.5390625,22960.2363281,18972.2636719,7024.15820312,2221.1875,9840.34130859,8138.59472656,6320.48535156,5576.47949219,9759.45849609,111.11328125,733.638671875,6276.87988281,213.572265625,4767.32714844,10028.5688477,11532.5585938,4671.30957031,3958.77539062,14086.9042969,19131.0371094,6068.33398438,13655.59375,3767.33398438,10149.5390625,23891.1152344,1073.21484375,23891.1152344,1481.56738281,5520.97851562
6120268960,11916.1728516,10362.8837891,867.279296875,13976.8857422,4533.65039062,8595.46679688,9987.42089844,5003.04101562,12514.6152344,15096.4018555,11462.8662109,2992.34179688,7281.14941406,8132.39160156,4811.29101562,5756.33203125,1241.921875,1118.54882812,2609.83984375,0.0,12375.3652344,12375.3652344,6328.02734375,2633.58984375,6328.02734375,7539.69921875,20350.3964844,16362.4238281,4414.31835938,388.65234375,12450.1811523,10748.4345703,8930.32519531,8186.31933594,12369.2983398,2720.953125,1876.20117188,8886.71972656,2823.41210938,7377.16699219,12638.4086914,8922.71875,7281.14941406,6568.61523438,11477.0644531,16521.1972656,3458.49414062,11045.7539062,1157.49414062,7539.69921875,21281.2753906,3683.0546875,21281.2753906,4091.40722656,2911.13867188
6120270080,24291.5380859,22738.2490234,13242.6445312,26352.2509766,16909.015625,20970.8320312,22362.7861328,17378.40625,24889.9804688,27471.7670898,23838.2314453,15367.7070312,19656.5146484,20507.7568359,7564.07421875,18131.6972656,13617.2871094,11256.8164062,14985.2050781,12375.3652344,0.0,0.0,18703.3925781,9741.77539062,18703.3925781,4835.66601562,7975.03125,3987.05859375,7961.046875,12764.0175781,24825.5463867,23123.7998047,21305.6904297,20561.6845703,24744.6635742,15096.3183594,14251.5664062,21262.0849609,15198.7773438,19752.5322266,25013.7739258,3452.64648438,19656.5146484,18943.9804688,898.30078125,4145.83203125,8916.87109375,1329.61132812,11217.8710938,4835.66601562,8905.91015625,16058.4199219,8905.91015625,16466.7724609,9464.2265625
6120273300,24291.5380859,22738.2490234,13242.6445312,26352.2509766,16909.015625,20970.8320312,22362.7861328,17378.40625,24889.9804688,27471.7670898,23838.2314453,15367.7070312,19656.5146484,20507.7568359,7564.07421875,18131.6972656,13617.2871094,11256.8164062,14985.2050781,12375.3652344,0.0,0.0,18703.3925781,9741.77539062,18703.3925781,4835.66601562,7975.03125,3987.05859375,7961.046875,12764.0175781,24825.5463867,23123.7998047,21305.6904297,20561.6845703,24744.6635742,15096.3183594,14251.5664062,21262.0849609,15198.7773438,19752.5322266,25013.7739258,3452.64648438,19656.5146484,18943.9804688,898.30078125,4145.83203125,8916.87109375,1329.61132812,11217.8710938,4835.66601562,8905.91015625,16058.4199219,8905.91015625,16466.7724609,9464.2265625
6120276280,5588.14550781,4034.85644531,5460.74804688,7648.85839844,1794.37695312,2267.43945312,3659.39355469,1324.98632812,6186.58789062,8768.37451172,5134.83886719,3335.68554688,953.122070312,1804.36425781,11139.3183594,571.6953125,5086.10546875,7446.57617188,3718.1875,6328.02734375,18703.3925781,18703.3925781,0.0,8961.6171875,0.0,13867.7265625,26678.4238281,22690.4511719,10742.3457031,5939.375,6122.15380859,4420.40722656,2602.29785156,1858.29199219,6041.27099609,3607.07421875,4451.82617188,2558.69238281,3504.61523438,1049.13964844,6310.38134766,15250.7460938,953.122070312,240.587890625,17805.0917969,22849.2246094,9786.52148438,17373.78125,7485.52148438,13867.7265625,27609.3027344,2644.97265625,27609.3027344,2236.62011719,9239.16601562
6120276530,14549.7626953,12996.4736328,3500.86914062,16610.4755859,7167.24023438,11229.0566406,12621.0107422,7636.63085938,15148.2050781,17729.9916992,14096.4560547,5625.93164062,9914.73925781,10765.9814453,2177.70117188,8389.921875,3875.51171875,1515.04101562,5243.4296875,2633.58984375,9741.77539062,9741.77539062,8961.6171875,0.0,8961.6171875,4906.109375,17716.8066406,13728.8339844,1780.72851562,3022.2421875,15083.7709961,13382.0244141,11563.9150391,10819.9091797,15002.8881836,5354.54296875,4509.79101562,11520.3095703,5457.00195312,10010.7568359,15271.9985352,6289.12890625,9914.73925781,9202.20507812,8843.47460938,13887.6074219,824.904296875,8412.1640625,1476.09570312,4906.109375,18647.6855469,6316.64453125,18647.6855469,6724.99707031,277.548828125
6120277000,5588.14550781,4034.85644531,5460.74804688,7648.85839844,1794.37695312,2267.43945312,3659.39355469,1324.98632812,6186.58789062,8768.37451172,5134.83886719,3335.68554688,953.122070312,1804.36425781,11139.3183594,571.6953125,5086.10546875,7446.57617188,3718.1875,6328.02734375,18703.3925781,18703.3925781,0.0,8961.6171875,0.0,13867.7265625,26678.4238281,22690.4511719,10742.3457031,5939.375,6122.15380859,4420.40722656,2602.29785156,1858.29199219,6041.27099609,3607.07421875,4451.82617188,2558.69238281,3504.61523438,1049.13964844,6310.38134766,15250.7460938,953.122070312,240.587890625,17805.0917969,22849.2246094,9786.52148438,17373.78125,7485.52148438,13867.7265625,27609.3027344,2644.97265625,27609.3027344,2236.62011719,9239.16601562
6120283710,19455.8720703,17902.5830078,8406.97851562,21516.5849609,12073.3496094,16135.1660156,17527.1201172,12542.7402344,20054.3144531,22636.1010742,19002.5654297,10532.0410156,14820.8486328,15672.0908203,2728.40820312,13296.03125,8781.62109375,6421.15039062,10149.5390625,7539.69921875,4835.66601562,4835.66601562,13867.7265625,4906.109375,13867.7265625,0.0,12810.6972656,8822.72460938,3125.38085938,7928.3515625,19989.8803711,18288.1337891,16470.0244141,15726.0185547,19908.9975586,10260.6523438,9415.90039062,16426.4189453,10363.1113281,14916.8662109,20178.1079102,1383.01953125,14820.8486328,14108.3144531,3937.36523438,8981.49804688,4081.20507812,3506.0546875,6382.20507812,0.0,13741.5761719,11222.7539062,13741.5761719,11631.1064453,4628.56054688
6120284080,32266.5693359,30713.2802734,21217.6757812,34327.2822266,24884.046875,28945.8632812,30337.8173828,25353.4375,32865.0117188,35446.7983398,31813.2626953,23342.7382812,27631.5458984,28482.7880859,15539.1054688,26106.7285156,21592.3183594,19231.8476562,22960.2363281,20350.3964844,7975.03125,7975.03125,26678.4238281,17716.8066406,26678.4238281,12810.6972656,0.0,3987.97265625,15936.078125,20739.0488281,32800.5776367,31098.8310547,29280.7216797,28536.7158203,32719.6948242,23071.3496094,22226.5976562,29237.1162109,23173.8085938,27727.5634766,32988.8051758,11427.6777344,27631.5458984,26919.0117188,8873.33203125,3829.19921875,16891.9023438,9304.64257812,19192.9023438,12810.6972656,930.87890625,24033.4511719,930.87890625,24441.8037109,17439.2578125
6120284960,28278.5966797,26725.3076172,17229.703125,30339.3095703,20896.0742188,24957.890625,26349.8447266,21365.4648438,28877.0390625,31458.8256836,27825.2900391,19354.765625,23643.5732422,24494.8154297,11551.1328125,22118.7558594,17604.3457031,15243.875,18972.2636719,16362.4238281,3987.05859375,3987.05859375,22690.4511719,13728.8339844,22690.4511719,8822.72460938,3987.97265625,0.0,11948.1054688,16751.0761719,28812.6049805,27110.8583984,25292.7490234,24548.7431641,28731.722168,19083.3769531,18238.625,25249.1435547,19185.8359375,23739.5908203,29000.8325195,7439.70507812,23643.5732422,22931.0390625,4885.359375,158.7734375,12903.9296875,5316.66992188,15204.9296875,8822.72460938,4918.8515625,20045.4785156,4918.8515625,20453.8310547,13451.2851562
6120286770,16330.4912109,14777.2021484,5281.59765625,18391.2041016,8947.96875,13009.7851562,14401.7392578,9417.359375,16928.9335938,19510.7202148,15877.1845703,7406.66015625,11695.4677734,12546.7099609,396.97265625,10170.6503906,5656.24023438,3295.76953125,7024.15820312,4414.31835938,7961.046875,7961.046875,10742.3457031,1780.72851562,10742.3457031,3125.38085938,15936.078125,11948.1054688,0.0,4802.97070312,16864.4995117,15162.7529297,13344.6435547,12600.6376953,16783.6166992,7135.27148438,6290.51953125,13301.0380859,7237.73046875,11791.4853516,17052.7270508,4508.40039062,11695.4677734,10982.9335938,7062.74609375,12106.8789062,955.82421875,6631.43554688,3256.82421875,3125.38085938,16866.9570312,8097.37304688,16866.9570312,8505.72558594,1503.1796875
6120288420,11527.5205078,9974.23144531,478.626953125,13588.2333984,4144.99804688,8206.81445312,9598.76855469,4614.38867188,12125.9628906,14707.7495117,11074.2138672,2603.68945312,6892.49707031,7743.73925781,5199.94335938,5367.6796875,853.26953125,1507.20117188,2221.1875,388.65234375,12764.0175781,12764.0175781,5939.375,3022.2421875,5939.375,7928.3515625,20739.0488281,16751.0761719,4802.97070312,0.0,12061.5288086,10359.7822266,8541.67285156,7797.66699219,11980.6459961,2332.30078125,1487.54882812,8498.06738281,2434.75976562,6988.51464844,12249.7563477,9311.37109375,6892.49707031,6179.96289062,11865.7167969,16909.8496094,3847.14648438,11434.40625,1546.14648438,7928.3515625,21669.9277344,3294.40234375,21669.9277344,3702.75488281,3299.79101562
6121052430,534.008300781,2087.29736328,11582.9018555,1526.70458984,7916.53076172,3854.71435547,2462.76025391,7447.14013672,64.4340820312,2646.22070312,987.314941406,9457.83935547,5169.03173828,4317.78955078,17261.472168,6693.84912109,11208.2592773,13568.7299805,9840.34130859,12450.1811523,24825.5463867,24825.5463867,6122.15380859,15083.7709961,6122.15380859,19989.8803711,32800.5776367,28812.6049805,16864.4995117,12061.5288086,0.0,1701.74658203,3519.85595703,4263.86181641,80.8828125,9729.22802734,10573.9799805,3563.46142578,9626.76904297,5073.01416016,188.227539062,21372.8999023,5169.03173828,5881.56591797,23927.2456055,28971.378418,15908.675293,23495.9350586,13607.675293,19989.8803711,33731.456543,8767.12646484,33731.456543,8358.77392578,15361.3198242
6121053320,1167.73828125,385.55078125,9881.15527344,3228.45117188,6214.78417969,2152.96777344,761.013671875,5745.39355469,1766.18066406,4347.96728516,714.431640625,7756.09277344,3467.28515625,2616.04296875,15559.7255859,4992.10253906,9506.51269531,11866.9833984,8138.59472656,10748.4345703,23123.7998047,23123.7998047,4420.40722656,13382.0244141,4420.40722656,18288.1337891,31098.8310547,27110.8583984,15162.7529297,10359.7822266,1701.74658203,0.0,1818.109375,2562.11523438,1620.86376953,8027.48144531,8872.23339844,1861.71484375,7925.02246094,3371.26757812,1889.97412109,19671.1533203,3467.28515625,4179.81933594,22225.4990234,27269.6318359,14206.9287109,21794.1884766,11905.9287109,18288.1337891,32029.7099609,7065.37988281,32029.7099609,6657.02734375,13659.5732422
6121053910,2985.84765625,1432.55859375,8063.04589844,5046.56054688,4396.67480469,334.858398438,1057.09570312,3927.28417969,3584.29003906,6166.07666016,2532.54101562,5937.98339844,1649.17578125,797.93359375,13741.6162109,3173.99316406,7688.40332031,10048.8740234,6320.48535156,8930.32519531,21305.6904297,21305.6904297,2602.29785156,11563.9150391,2602.29785156,16470.0244141,29280.7216797,25292.7490234,13344.6435547,8541.67285156,3519.85595703,1818.109375,0.0,744.005859375,3438.97314453,6209.37207031,7054.12402344,43.60546875,6106.91308594,1553.15820312,3708.08349609,17853.0439453,1649.17578125,2361.70996094,20407.3896484,25451.5224609,12388.8193359,19976.0791016,10087.8193359,16470.0244141,30211.6005859,5247.27050781,30211.6005859,4838.91796875,11841.4638672
6121054710,3729.85351562,2176.56445312,7319.04003906,5790.56640625,3652.66894531,409.147460938,1801.1015625,3183.27832031,4328.29589844,6910.08251953,3276.546875,5193.97753906,905.169921875,53.927734375,12997.6103516,2429.98730469,6944.39746094,9304.86816406,5576.47949219,8186.31933594,20561.6845703,20561.6845703,1858.29199219,10819.9091797,1858.29199219,15726.0185547,28536.7158203,24548.7431641,12600.6376953,7797.66699219,4263.86181641,2562.11523438,744.005859375,0.0,4182.97900391,5465.36621094,6310.11816406,700.400390625,5362.90722656,809.15234375,4452.08935547,17109.0380859,905.169921875,1617.70410156,19663.3837891,24707.5166016,11644.8134766,19232.0732422,9343.81347656,15726.0185547,29467.5947266,4503.26464844,29467.5947266,4094.91210938,11097.4580078
6121061730,453.125488281,2006.41455078,11502.019043,1607.58740234,7835.64794922,3773.83154297,2381.87744141,7366.25732422,145.316894531,2727.10351562,906.432128906,9376.95654297,5088.14892578,4236.90673828,17180.5893555,6612.96630859,11127.3764648,13487.847168,9759.45849609,12369.2983398,24744.6635742,24744.6635742,6041.27099609,15002.8881836,6041.27099609,19908.9975586,32719.6948242,28731.722168,16783.6166992,11980.6459961,80.8828125,1620.86376953,3438.97314453,4182.97900391,0.0,9648.34521484,10493.097168,3482.57861328,9545.88623047,4992.13134766,269.110351562,21292.0170898,5088.14892578,5800.68310547,23846.362793,28890.4956055,15827.7924805,23415.0522461,13526.7924805,19908.9975586,33650.5737305,8686.24365234,33650.5737305,8277.89111328,15280.4370117
6121062030,9195.21972656,7641.93066406,1853.67382812,11255.9326172,1812.69726562,5874.51367188,7266.46777344,2282.08789062,9793.66210938,12375.4487305,8741.91308594,271.388671875,4560.19628906,5411.43847656,7532.24414062,3035.37890625,1479.03125,3839.50195312,111.11328125,2720.953125,15096.3183594,15096.3183594,3607.07421875,5354.54296875,3607.07421875,10260.6523438,23071.3496094,19083.3769531,7135.27148438,2332.30078125,9729.22802734,8027.48144531,6209.37207031,5465.36621094,9648.34521484,0.0,844.751953125,6165.76660156,102.458984375,4656.21386719,9917.45556641,11643.671875,4560.19628906,3847.66210938,14198.0175781,19242.1503906,6179.44726562,13766.7070312,3878.44726562,10260.6523438,24002.2285156,962.1015625,24002.2285156,1370.45410156,5632.09179688
6121062900,10039.9716797,8486.68261719,1008.921875,12100.6845703,2657.44921875,6719.265625,8111.21972656,3126.83984375,10638.4140625,13220.2006836,9586.66503906,1116.140625,5404.94824219,6256.19042969,6687.4921875,3880.13085938,634.279296875,2994.75,733.638671875,1876.20117188,14251.5664062,14251.5664062,4451.82617188,4509.79101562,4451.82617188,9415.90039062,22226.5976562,18238.625,6290.51953125,1487.54882812,10573.9799805,8872.23339844,7054.12402344,6310.11816406,10493.097168,844.751953125,0.0,7010.51855469,947.2109375,5500.96582031,10762.2075195,10798.9199219,5404.94824219,4692.4140625,13353.265625,18397.3984375,5334.6953125,12921.9550781,3033.6953125,9415.90039062,23157.4765625,1806.85351562,23157.4765625,2215.20605469,4787.33984375
6121063070,3029.453125,1476.1640625,8019.44042969,5090.16601562,4353.06933594,291.252929688,1100.70117188,3883.67871094,3627.89550781,6209.68212891,2576.14648438,5894.37792969,1605.5703125,754.328125,13698.0107422,3130.38769531,7644.79785156,10005.2685547,6276.87988281,8886.71972656,21262.0849609,21262.0849609,2558.69238281,11520.3095703,2558.69238281,16426.4189453,29237.1162109,25249.1435547,13301.0380859,8498.06738281,3563.46142578,1861.71484375,43.60546875,700.400390625,3482.57861328,6165.76660156,7010.51855469,0.0,6063.30761719,1509.55273438,3751.68896484,17809.4384766,1605.5703125,2318.10449219,20363.7841797,25407.9169922,12345.2138672,19932.4736328,10044.2138672,16426.4189453,30167.9951172,5203.66503906,30167.9951172,4795.3125,11797.8583984
6121063260,9092.76074219,7539.47167969,1956.1328125,11153.4736328,1710.23828125,5772.0546875,7164.00878906,2179.62890625,9691.203125,12272.9897461,8639.45410156,168.9296875,4457.73730469,5308.97949219,7634.703125,2932.91992188,1581.49023438,3941.9609375,213.572265625,2823.41210938,15198.7773438,15198.7773438,3504.61523438,5457.00195312,3504.61523438,10363.1113281,23173.8085938,19185.8359375,7237.73046875,2434.75976562,9626.76904297,7925.02246094,6106.91308594,5362.90722656,9545.88623047,102.458984375,947.2109375,6063.30761719,0.0,4553.75488281,9814.99658203,11746.1308594,4457.73730469,3745.203125,14300.4765625,19344.609375,6281.90625,13869.1660156,3980.90625,10363.1113281,24104.6875,859.642578125,24104.6875,1267.99511719,5734.55078125
6121063280,4539.00585938,2985.71679688,6509.88769531,6599.71875,2843.51660156,1218.29980469,2610.25390625,2374.12597656,5137.44824219,7719.23486328,4085.69921875,4384.82519531,96.017578125,755.224609375,12188.4580078,1620.83496094,6135.24511719,8495.71582031,4767.32714844,7377.16699219,19752.5322266,19752.5322266,1049.13964844,10010.7568359,1049.13964844,14916.8662109,27727.5634766,23739.5908203,11791.4853516,6988.51464844,5073.01416016,3371.26757812,1553.15820312,809.15234375,4992.13134766,4656.21386719,5500.96582031,1509.55273438,4553.75488281,0.0,5261.24169922,16299.8857422,96.017578125,808.551757812,18854.2314453,23898.3642578,10835.6611328,18422.9208984,8534.66113281,14916.8662109,28658.4423828,3694.11230469,28658.4423828,3285.75976562,10288.3056641
6121063370,722.235839844,2275.52490234,11771.1293945,1338.47705078,8104.75830078,4042.94189453,2650.98779297,7635.36767578,123.793457031,2457.99316406,1175.54248047,9646.06689453,5357.25927734,4506.01708984,17449.699707,6882.07666016,11396.4868164,13756.9575195,10028.5688477,12638.4086914,25013.7739258,25013.7739258,6310.38134766,15271.9985352,6310.38134766,20178.1079102,32988.8051758,29000.8325195,17052.7270508,12249.7563477,188.227539062,1889.97412109,3708.08349609,4452.08935547,269.110351562,9917.45556641,10762.2075195,3751.68896484,9814.99658203,5261.24169922,0.0,21561.1274414,5357.25927734,6069.79345703,24115.4731445,29159.605957,16096.902832,23684.1625977,13795.902832,20178.1079102,33919.684082,8955.35400391,33919.684082,8547.00146484,15549.5473633
6121064240,20838.8916016,19285.6025391,9789.99804688,22899.6044922,13456.3691406,17518.1855469,18910.1396484,13925.7597656,21437.3339844,24019.1206055,20385.5849609,11915.0605469,16203.8681641,17055.1103516,4111.42773438,14679.0507812,10164.640625,7804.16992188,11532.5585938,8922.71875,3452.64648438,3452.64648438,15250.7460938,6289.12890625,15250.7460938,1383.01953125,11427.6777344,7439.70507812,4508.40039062,9311.37109375,21372.8999023,19671.1533203,17853.0439453,17109.0380859,21292.0170898,11643.671875,10798.9199219,17809.4384766,11746.1308594,16299.8857422,21561.1274414,0.0,16203.8681641,15491.3339844,2554.34570312,7598.47851562,5464.22460938,2123.03515625,7765.22460938,1383.01953125,12358.5566406,12605.7734375,12358.5566406,13014.1259766,6011.58007812
6121064340,4635.0234375,3081.734375,6413.87011719,6695.73632812,2747.49902344,1314.31738281,2706.27148438,2278.10839844,5233.46582031,7815.25244141,4181.71679688,4288.80761719,0.0,851.2421875,12092.4404297,1524.81738281,6039.22753906,8399.69824219,4671.30957031,7281.14941406,19656.5146484,19656.5146484,953.122070312,9914.73925781,953.122070312,14820.8486328,27631.5458984,23643.5732422,11695.4677734,6892.49707031,5169.03173828,3467.28515625,1649.17578125,905.169921875,5088.14892578,4560.19628906,5404.94824219,1605.5703125,4457.73730469,96.017578125,5357.25927734,16203.8681641,0.0,712.534179688,18758.2138672,23802.3466797,10739.6435547,18326.9033203,8438.64355469,14820.8486328,28562.4248047,3598.09472656,28562.4248047,3189.7421875,10192.2880859
6121064930,5347.55761719,3794.26855469,5701.3359375,7408.27050781,2034.96484375,2026.8515625,3418.80566406,1565.57421875,5946.0,8527.78662109,4894.25097656,3576.2734375,712.534179688,1563.77636719,11379.90625,812.283203125,5326.69335938,7687.1640625,3958.77539062,6568.61523438,18943.9804688,18943.9804688,240.587890625,9202.20507812,240.587890625,14108.3144531,26919.0117188,22931.0390625,10982.9335938,6179.96289062,5881.56591797,4179.81933594,2361.70996094,1617.70410156,5800.68310547,3847.66210938,4692.4140625,2318.10449219,3745.203125,808.551757812,6069.79345703,15491.3339844,712.534179688,0.0,18045.6796875,23089.8125,10027.109375,17614.3691406,7726.109375,14108.3144531,27849.890625,2885.56054688,27849.890625,2477.20800781,9479.75390625
6121069270,23393.2373047,21839.9482422,12344.34375,25453.9501953,16010.7148438,20072.53125,21464.4853516,16480.1054688,23991.6796875,26573.4663086,22939.9306641,14469.40625,18758.2138672,19609.4560547,6665.7734375,17233.3964844,12718.9863281,10358.515625,14086.9042969,11477.0644531,898.30078125,898.30078125,17805.0917969,8843.47460938,17805.0917969,3937.36523438,8873.33203125,4885.359375,7062.74609375,11865.7167969,23927.2456055,22225.4990234,20407.3896484,19663.3837891,23846.362793,14198.0175781,13353.265625,20363.7841797,14300.4765625,18854.2314453,24115.4731445,2554.34570312,18758.2138672,18045.6796875,0.0,5044.1328125,8018.5703125,431.310546875,10319.5703125,3937.36523438,9804.2109375,15160.1191406,9804.2109375,15568.4716797,8565.92578125
6121070190,28437.3701172,26884.0810547,17388.4765625,30498.0830078,21054.8476562,25116.6640625,26508.6181641,21524.2382812,29035.8125,31617.5991211,27984.0634766,19513.5390625,23802.3466797,24653.5888672,11709.90625,22277.5292969,17763.1191406,15402.6484375,19131.0371094,16521.1972656,4145.83203125,4145.83203125,22849.2246094,13887.6074219,22849.2246094,8981.49804688,3829.19921875,158.7734375,12106.8789062,16909.8496094,28971.378418,27269.6318359,25451.5224609,24707.5166016,28890.4956055,19242.1503906,18397.3984375,25407.9169922,19344.609375,23898.3642578,29159.605957,7598.47851562,23802.3466797,23089.8125,5044.1328125,0.0,13062.703125,5475.44335938,15363.703125,8981.49804688,4760.078125,20204.2519531,4760.078125,20612.6044922,13610.0585938
6121071270,15374.6669922,13821.3779297,4325.7734375,17435.3798828,7992.14453125,12053.9609375,13445.9150391,8461.53515625,15973.109375,18554.8959961,14921.3603516,6450.8359375,10739.6435547,11590.8857422,1352.796875,9214.82617188,4700.41601562,2339.9453125,6068.33398438,3458.49414062,8916.87109375,8916.87109375,9786.52148438,824.904296875,9786.52148438,4081.20507812,16891.9023438,12903.9296875,955.82421875,3847.14648438,15908.675293,14206.9287109,12388.8193359,11644.8134766,15827.7924805,6179.44726562,5334.6953125,12345.2138672,6281.90625,10835.6611328,16096.902832,5464.22460938,10739.6435547,10027.109375,8018.5703125,13062.703125,0.0,7587.25976562,2301.0,4081.20507812,17822.78125,7141.54882812,17822.78125,7549.90136719,547.35546875
6121071800,22961.9267578,21408.6376953,11913.0332031,25022.6396484,15579.4042969,19641.2207031,21033.1748047,16048.7949219,23560.3691406,26142.1557617,22508.6201172,14038.0957031,18326.9033203,19178.1455078,6234.46289062,16802.0859375,12287.6757812,9927.20507812,13655.59375,11045.7539062,1329.61132812,1329.61132812,17373.78125,8412.1640625,17373.78125,3506.0546875,9304.64257812,5316.66992188,6631.43554688,11434.40625,23495.9350586,21794.1884766,19976.0791016,19232.0732422,23415.0522461,13766.7070312,12921.9550781,19932.4736328,13869.1660156,18422.9208984,23684.1625977,2123.03515625,18326.9033203,17614.3691406,431.310546875,5475.44335938,7587.25976562,0.0,9888.25976562,3506.0546875,10235.5214844,14728.8085938,10235.5214844,15137.1611328,8134.61523438
6121072620,13073.6669922,11520.3779297,2024.7734375,15134.3798828,5691.14453125,9752.9609375,11144.9150391,6160.53515625,13672.109375,16253.8959961,12620.3603516,4149.8359375,8438.64355469,9289.88574219,3653.796875,6913.82617188,2399.41601562,38.9453125,3767.33398438,1157.49414062,11217.8710938,11217.8710938,7485.52148438,1476.09570312,7485.52148438,6382.20507812,19192.9023438,15204.9296875,3256.82421875,1546.14648438,13607.675293,11905.9287109,10087.8193359,9343.81347656,13526.7924805,3878.44726562,3033.6953125,10044.2138672,3980.90625,8534.66113281,13795.902832,7765.22460938,8438.64355469,7726.109375,10319.5703125,15363.703125,2301.0,9888.25976562,0.0,6382.20507812,20123.78125,4840.54882812,20123.78125,5248.90136719,1753.64453125
6121073530,19455.8720703,17902.5830078,8406.97851562,21516.5849609,12073.3496094,16135.1660156,17527.1201172,12542.7402344,20054.3144531,22636.1010742,19002.5654297,10532.0410156,14820.8486328,15672.0908203,2728.40820312,13296.03125,8781.62109375,6421.15039062,10149.5390625,7539.69921875,4835.66601562,4835.66601562,13867.7265625,4906.109375,13867.7265625,0.0,12810.6972656,8822.72460938,3125.38085938,7928.3515625,19989.8803711,18288.1337891,16470.0244141,15726.0185547,19908.9975586,10260.6523438,9415.90039062,16426.4189453,10363.1113281,14916.8662109,20178.1079102,1383.01953125,14820.8486328,14108.3144531,3937.36523438,8981.49804688,4081.20507812,3506.0546875,6382.20507812,0.0,13741.5761719,11222.7539062,13741.5761719,11631.1064453,4628.56054688
6121073720,33197.4482422,31644.1591797,22148.5546875,35258.1611328,25814.9257812,29876.7421875,31268.6962891,26284.3164062,33795.890625,36377.6772461,32744.1416016,24273.6171875,28562.4248047,29413.6669922,16469.984375,27037.6074219,22523.1972656,20162.7265625,23891.1152344,21281.2753906,8905.91015625,8905.91015625,27609.3027344,18647.6855469,27609.3027344,13741.5761719,930.87890625,4918.8515625,16866.9570312,21669.9277344,33731.456543,32029.7099609,30211.6005859,29467.5947266,33650.5737305,24002.2285156,23157.4765625,30167.9951172,24104.6875,28658.4423828,33919.684082,12358.5566406,28562.4248047,27849.890625,9804.2109375,4760.078125,17822.78125,10235.5214844,20123.78125,13741.5761719,0.0,24964.3300781,0.0,25372.6826172,18370.1367188
6121073920,8233.11816406,6679.82910156,2815.77539062,10293.8310547,850.595703125,4912.41210938,6304.36621094,1319.98632812,8831.56054688,11413.347168,7779.81152344,690.712890625,3598.09472656,4449.33691406,8494.34570312,2073.27734375,2441.1328125,4801.60351562,1073.21484375,3683.0546875,16058.4199219,16058.4199219,2644.97265625,6316.64453125,2644.97265625,11222.7539062,24033.4511719,20045.4785156,8097.37304688,3294.40234375,8767.12646484,7065.37988281,5247.27050781,4503.26464844,8686.24365234,962.1015625,1806.85351562,5203.66503906,859.642578125,3694.11230469,8955.35400391,12605.7734375,3598.09472656,2885.56054688,15160.1191406,20204.2519531,7141.54882812,14728.8085938,4840.54882812,11222.7539062,24964.3300781,0.0,24964.3300781,408.352539062,6594.19335938
