,6120237750,6120242080,6120246000,6120247190,6120251410,6120253690,6120254840,6120255080,6120255620,6120256260,6120257630,6120258410,6120260500,6120260650,6120260670,6120261060,6120261070,6120261080,6120265000,6120268960,6120270080,6120273300,6120276280,6120276530,6120277000,6120283710,6120284080,6120284960,6120286770,6120288420,6120288920,6121052430,6121053320,6121053910,6121054710,6121061730,6121062030,6121062900,6121063070,6121063260,6121063280,6121063370,6121064240,6121064340,6121064930,6121069270,6121070190,6121071270,6121071800,6121072620,6121073530,6121073720,6121073920,6121073930,6121074190,6121075040
6120237750,0.0,1553.28955078,11048.9194336,2060.70996094,7382.52001952,3320.72021482,1928.72021482,6913.11962892,598.4399414,3180.22998047,453.3100586,8923.81982422,4635.02001952,3783.81982422,16727.4194336,6159.81982422,10674.2202148,13034.7202148,9306.31982422,11916.2202148,24291.519043,24291.519043,5588.11962892,14549.7202148,5588.11962892,19455.9194336,32266.6206055,28278.6206055,16330.519043,11527.519043,21300.519043,534.0102539,1167.7397461,2985.81982422,3729.81982422,453.12011719,9195.22021482,10040.019043,3029.41943362,9092.72021482,4539.02001952,722.24023437,20838.9194336,4635.02001952,5347.52001952,23393.2202148,28437.4213867,15374.6206055,22961.9194336,13073.6206055,19455.9194336,33197.4213867,8233.11962892,33197.4213867,7824.72021482,14827.3198242
6120242080,1553.28955078,0.0,9495.62988284,3613.99951172,5829.23046874,1767.43066404,375.43066404,5359.83007814,2151.72949218,4733.51953125,1099.97949218,7370.53027344,3081.73046874,2230.53027344,15174.1298828,4606.53027344,9120.93066404,11481.430664,7753.03027344,10362.930664,22738.2294922,22738.2294922,4034.83007814,12996.430664,4034.83007814,17902.6298828,30713.3310547,26725.3310547,14777.2294922,9974.22949224,19747.2294922,2087.29980468,385.54980468,1432.53027344,2176.53027344,2006.40966797,7641.93066404,8486.72949224,1476.12988284,7539.43066404,2985.73046874,2275.52978515,19285.6298828,3081.73046874,3794.23046874,21839.930664,26884.1318359,13821.3310547,21408.6298828,11520.3310547,17902.6298828,31644.1318359,6679.83007814,31644.1318359,6271.43066404,13274.0302734
6120246000,11048.9194336,9495.62988284,0.0,13109.6293946,3666.3994141,7728.1992188,9120.1992188,4135.7998047,11647.359375,14229.1494141,10595.609375,2125.0996094,6413.8994141,7265.0996094,5678.5,4889.0996094,374.6992188,1985.8007812,1742.5996094,867.3007812,13242.5996094,13242.5996094,5460.7998047,3500.8007812,5460.7998047,8407.0,21217.7011719,17229.7011719,5281.5996094,478.5996094,10251.5996094,11582.9296875,9881.17968752,8063.0996094,7319.0996094,11502.0395508,1853.6992188,1008.9003906,8019.5,1956.1992188,6509.8994141,11771.159668,9790.0,6413.8994141,5701.3994141,12344.3007812,17388.5019531,4325.7011719,11913.0,2024.7011719,8407.0,22148.5019531,2815.7998047,22148.5019531,3224.1992188,3778.4003906
6120247190,2060.70996094,3613.99951172,13109.6293946,0.0,9443.22998046,5381.43017576,3989.43017576,8973.82958986,1462.27001954,1119.52001953,2514.02001954,10984.5297852,6695.72998046,5844.52978516,18788.1293946,8220.52978516,12734.9301758,15095.4301758,11367.0297852,13976.9301758,26352.229004,26352.229004,7648.82958986,16610.4301758,7648.82958986,21516.6293946,34327.3305665,30339.3305665,18391.229004,13588.229004,23361.229004,1526.69970704,3228.44970704,5046.52978516,5790.52978516,1607.58984375,11255.9301758,12100.729004,5090.12939456,11153.4301758,6599.72998046,1338.46972657,22899.6293946,6695.72998046,7408.22998046,25453.9301758,30498.1313477,17435.3305665,25022.6293946,15134.3305665,21516.6293946,35258.1313477,10293.8295899,35258.1313477,9885.43017576,16888.0297852
6120251410,7382.52001952,5829.23046874,3666.3994141,9443.22998046,0.0,4061.7998047,5453.7998047,469.4003906,7980.95996092,10562.75,6929.20996092,1541.2998047,2747.5,3598.7001953,9344.8994141,1222.7001953,3291.7001953,5652.2001953,1923.7998047,4533.7001953,16908.9990235,16908.9990235,1794.4003906,7167.2001953,1794.4003906,12073.3994141,24884.100586,20896.100586,8947.9990235,4144.9990235,13917.9990235,7916.53027342,6214.78027342,4396.7001953,3652.7001953,7835.64013671,1812.7001953,2657.4990235,4353.1005859,1710.2001953,2843.5,8104.76025389,13456.3994141,2747.5,2035.0,16010.7001953,21054.9013672,7992.100586,15579.3994141,5691.100586,12073.3994141,25814.9013672,850.5996094,25814.9013672,442.2001953,7444.7998047
6120253690,3320.72021482,1767.43066404,7728.1992188,5381.43017576,4061.7998047,0.0,1392.0,3592.3994141,3919.16015622,6500.95019529,2867.41015622,5603.0996094,1314.2998047,463.0996094,13406.6992188,2839.0996094,7353.5,9714.0,5985.5996094,8595.5,20970.7988282,20970.7988282,2267.3994141,11229.0,2267.3994141,16135.1992188,28945.9003907,24957.9003907,13009.7988282,8206.7988282,17979.7988282,3854.73046872,2152.98046872,334.9003906,409.0996094,3773.84033201,5874.5,6719.2988282,291.3007812,5772.0,1218.2998047,4042.96044919,17518.1992188,1314.2998047,2026.7998047,20072.5,25116.7011719,12053.9003907,19641.1992188,9752.9003907,16135.1992188,29876.7011719,4912.3994141,29876.7011719,4504.0,11506.5996094
6120254840,1928.72021482,375.43066404,9120.1992188,3989.43017576,5453.7998047,1392.0,0.0,4984.3994141,2527.16015622,5108.95019529,1475.41015622,6995.0996094,2706.2998047,1855.0996094,14798.6992188,4231.0996094,8745.5,11106.0,7377.5996094,9987.5,22362.7988282,22362.7988282,3659.3994141,12621.0,3659.3994141,17527.1992188,30337.9003907,26349.9003907,14401.7988282,9598.7988282,19371.7988282,2462.73046872,760.98046872,1057.0996094,1801.0996094,2381.84033201,7266.5,8111.2988282,1100.6992188,7164.0,2610.2998047,2650.96044919,18910.1992188,2706.2998047,3418.7998047,21464.5,26508.7011719,13445.9003907,21033.1992188,11144.9003907,17527.1992188,31268.7011719,6304.3994141,31268.7011719,5896.0,12898.5996094
6120255080,6913.11962892,5359.83007814,4135.7998047,8973.82958986,469.4003906,3592.3994141,4984.3994141,0.0,7511.55957032,10093.3496094,6459.80957032,2010.7001953,2278.0996094,3129.2998047,9814.2998047,753.2998047,3761.1005859,6121.6005859,2393.2001953,5003.1005859,17378.3994141,17378.3994141,1325.0,7636.6005859,1325.0,12542.7998047,25353.5009766,21365.5009766,9417.3994141,4614.3994141,14387.3994141,7447.12988282,5745.37988282,3927.2998047,3183.2998047,7366.23974611,2282.1005859,3126.8994141,3883.7001953,2179.6005859,2374.0996094,7635.35986329,13925.7998047,2278.0996094,1565.5996094,16480.1005859,21524.3017578,8461.5009766,16048.7998047,6160.5009766,12542.7998047,26284.3017578,1320.0,26284.3017578,911.6005859,7914.2001953
6120255620,598.4399414,2151.72949218,11647.359375,1462.27001954,7980.95996092,3919.16015622,2527.16015622,7511.55957032,0.0,2581.79003907,1051.75,9522.25976562,5233.45996092,4382.25976562,17325.859375,6758.25976562,11272.6601562,13633.1601562,9904.75976562,12514.6601562,24889.9589844,24889.9589844,6186.55957032,15148.1601562,6186.55957032,20054.359375,32865.0605469,28877.0605469,16928.9589844,12125.9589844,21898.9589844,64.4296875,1766.1796875,3584.25976562,4328.25976562,145.31982421,9793.66015622,10638.4589844,3627.85937502,9691.16015622,5137.45996092,123.80029297,21437.359375,5233.45996092,5945.95996092,23991.6601562,29035.8613281,15973.0605469,23560.359375,13672.0605469,20054.359375,33795.8613281,8831.55957032,33795.8613281,8423.16015622,15425.7597656
6120256260,3180.22998047,4733.51953125,14229.1494141,1119.52001953,10562.75,6500.95019529,5108.95019529,10093.3496094,2581.79003907,0.0,3633.54003907,12104.0498047,7815.24999999,6964.04980469,19907.6494141,9340.04980469,13854.4501953,16214.9501953,12486.5498047,15096.4501953,27471.7490235,27471.7490235,8768.34960939,17729.9501953,8768.34960939,22636.1494141,35446.850586,31458.850586,19510.7490235,14707.7490235,24480.7490235,2646.21972657,4347.96972657,6166.04980469,6910.04980469,2727.10986328,12375.4501953,13220.2490235,6209.64941409,12272.9501953,7719.24999999,2457.9897461,24019.1494141,7815.24999999,8527.74999999,26573.4501953,31617.6513672,18554.850586,26142.1494141,16253.850586,22636.1494141,36377.6513672,11413.3496094,36377.6513672,11004.9501953,18007.5498047
6120257630,453.3100586,1099.97949218,10595.609375,2514.02001954,6929.20996092,2867.41015622,1475.41015622,6459.80957032,1051.75,3633.54003907,0.0,8470.50976562,4181.70996092,3330.50976562,16274.109375,5706.50976562,10220.9101562,12581.4101562,8853.00976562,11462.9101562,23838.2089844,23838.2089844,5134.80957032,14096.4101562,5134.80957032,19002.609375,31813.3105469,27825.3105469,15877.2089844,11074.2089844,20847.2089844,987.3203125,714.4296875,2532.50976562,3276.50976562,906.43017579,8741.91015622,9586.70898442,2576.10937502,8639.41015622,4085.70996092,1175.55029297,20385.609375,4181.70996092,4894.20996092,22939.9101562,27984.1113281,14921.3105469,22508.609375,12620.3105469,19002.609375,32744.1113281,7779.80957032,32744.1113281,7371.41015622,14374.0097656
6120258410,8923.81982422,7370.53027344,2125.0996094,10984.5297852,1541.2998047,5603.0996094,6995.0996094,2010.7001953,9522.25976562,12104.0498047,8470.50976562,0.0,4288.7998047,5140.0,7803.5996094,2764.0,1750.4003906,4110.9003906,382.5,2992.4003906,15367.6992188,15367.6992188,3335.7001953,5625.9003906,3335.7001953,10532.0996094,23342.8007813,19354.8007813,7406.6992188,2603.6992188,12376.6992188,9457.83007812,7756.08007812,5938.0,5194.0,9376.93994141,271.4003906,1116.1992188,5894.4003906,168.9003906,4384.7998047,9646.06005859,11915.0996094,4288.7998047,3576.2998047,14469.4003906,19513.6015625,6450.8007813,14038.0996094,4149.8007813,10532.0996094,24273.6015625,690.7001953,24273.6015625,1099.0996094,5903.5
6120260500,4635.02001952,3081.73046874,6413.8994141,6695.72998046,2747.5,1314.2998047,2706.2998047,2278.0996094,5233.45996092,7815.24999999,4181.70996092,4288.7998047,0.0,851.2001953,12092.3994141,1524.7998047,6039.2001953,8399.7001953,4671.2998047,7281.2001953,19656.4990235,19656.4990235,953.0996094,9914.7001953,953.0996094,14820.8994141,27631.600586,23643.600586,11695.4990235,6892.4990235,16665.4990235,5169.03027342,3467.28027342,1649.2001953,905.2001953,5088.14013671,4560.2001953,5404.9990235,1605.6005859,4457.7001953,96.0,5357.26025389,16203.8994141,0.0,712.5,18758.2001953,23802.4013672,10739.600586,18326.8994141,8438.600586,14820.8994141,28562.4013672,3598.0996094,28562.4013672,3189.7001953,10192.2998047
6120260650,3783.81982422,2230.53027344,7265.0996094,5844.52978516,3598.7001953,463.0996094,1855.0996094,3129.2998047,4382.25976562,6964.04980469,3330.50976562,5140.0,851.2001953,0.0,12943.5996094,2376.0,6890.4003906,9250.9003906,5522.5,8132.4003906,20507.6992188,20507.6992188,1804.2998047,10765.9003906,1804.2998047,15672.0996094,28482.8007813,24494.8007813,12546.6992188,7743.6992188,17516.6992188,4317.83007812,2616.08007812,798.0,54.0,4236.93994141,5411.4003906,6256.1992188,754.4003906,5308.9003906,755.2001953,4506.06005859,17055.0996094,851.2001953,1563.7001953,19609.4003906,24653.6015625,11590.8007813,19178.0996094,9289.8007813,15672.0996094,29413.6015625,4449.2998047,29413.6015625,4040.9003906,11043.5
6120260670,16727.4194336,15174.1298828,5678.5,18788.1293946,9344.8994141,13406.6992188,14798.6992188,9814.2998047,17325.859375,19907.6494141,16274.109375,7803.5996094,12092.3994141,12943.5996094,0.0,10567.5996094,6053.1992188,3692.6992188,7421.0996094,4811.1992188,7564.0996094,7564.0996094,11139.2998047,2177.6992188,11139.2998047,2728.5,15539.2011719,11551.2011719,396.9003906,5199.9003906,4573.0996094,17261.4296875,15559.6796875,13741.5996094,12997.5996094,17180.5395508,7532.1992188,6687.4003906,13698.0,7634.6992188,12188.3994141,17449.659668,4111.5,12092.3994141,11379.8994141,6665.8007812,11710.0019531,1352.7988281,6234.5,3653.7988281,2728.5,16470.0019531,8494.2998047,16470.0019531,8902.6992188,1900.0996094
6120261060,6159.81982422,4606.53027344,4889.0996094,8220.52978516,1222.7001953,2839.0996094,4231.0996094,753.2998047,6758.25976562,9340.04980469,5706.50976562,2764.0,1524.7998047,2376.0,10567.5996094,0.0,4514.4003906,6874.9003906,3146.5,5756.4003906,18131.6992188,18131.6992188,571.7001953,8389.9003906,571.7001953,13296.0996094,26106.8007813,22118.8007813,10170.6992188,5367.6992188,15140.6992188,6693.83007812,4992.08007812,3174.0,2430.0,6612.93994141,3035.4003906,3880.1992188,3130.4003906,2932.9003906,1620.7998047,6882.06005859,14679.0996094,1524.7998047,812.2998047,17233.4003906,22277.6015625,9214.8007813,16802.0996094,6913.8007813,13296.0996094,27037.6015625,2073.2998047,27037.6015625,1664.9003906,8667.5
6120261070,10674.2202148,9120.93066404,374.6992188,12734.9301758,3291.7001953,7353.5,8745.5,3761.1005859,11272.6601562,13854.4501953,10220.9101562,1750.4003906,6039.2001953,6890.4003906,6053.1992188,4514.4003906,0.0,2360.5,1367.9003906,1242.0,13617.2988282,13617.2988282,5086.1005859,3875.5,5086.1005859,8781.6992188,21592.4003907,17604.4003907,5656.2988282,853.2988282,10626.2988282,11208.2304687,9506.48046872,7688.4003906,6944.4003906,11127.340332,1479.0,634.2011718,7644.8007812,1581.5,6135.2001953,11396.4604492,10164.6992188,6039.2001953,5326.7001953,12719.0,17763.2011719,4700.4003907,12287.6992188,2399.4003907,8781.6992188,22523.2011719,2441.1005859,22523.2011719,2849.5,4153.0996094
6120261080,13034.7202148,11481.430664,1985.8007812,15095.4301758,5652.2001953,9714.0,11106.0,6121.6005859,13633.1601562,16214.9501953,12581.4101562,4110.9003906,8399.7001953,9250.9003906,3692.6992188,6874.9003906,2360.5,0.0,3728.4003906,1118.5,11256.7988282,11256.7988282,7446.6005859,1515.0,7446.6005859,6421.1992188,19231.9003907,15243.9003907,3295.7988282,1507.2011718,8265.7988282,13568.7304687,11866.9804687,10048.9003906,9304.9003906,13487.840332,3839.5,2994.7011718,10005.3007812,3942.0,8495.7001953,13756.9604492,7804.1992188,8399.7001953,7687.2001953,10358.5,15402.7011719,2339.9003907,9927.1992188,38.9003907,6421.1992188,20162.7011719,4801.6005859,20162.7011719,5210.0,1792.5996094
6120265000,9306.31982422,7753.03027344,1742.5996094,11367.0297852,1923.7998047,5985.5996094,7377.5996094,2393.2001953,9904.75976562,12486.5498047,8853.00976562,382.5,4671.2998047,5522.5,7421.0996094,3146.5,1367.9003906,3728.4003906,0.0,2609.9003906,14985.1992188,14985.1992188,3718.2001953,5243.4003906,3718.2001953,10149.5996094,22960.3007813,18972.3007813,7024.1992188,2221.1992188,11994.1992188,9840.33007812,8138.58007812,6320.5,5576.5,9759.43994141,111.0996094,733.6992188,6276.9003906,213.5996094,4767.2998047,10028.5600586,11532.5996094,4671.2998047,3958.7998047,14086.9003906,19131.1015625,6068.3007813,13655.5996094,3767.3007813,10149.5996094,23891.1015625,1073.2001953,23891.1015625,1481.5996094,5521.0
6120268960,11916.2202148,10362.930664,867.3007812,13976.9301758,4533.7001953,8595.5,9987.5,5003.1005859,12514.6601562,15096.4501953,11462.9101562,2992.4003906,7281.2001953,8132.4003906,4811.1992188,5756.4003906,1242.0,1118.5,2609.9003906,0.0,12375.2988282,12375.2988282,6328.1005859,2633.5,6328.1005859,7539.6992188,20350.4003907,16362.4003907,4414.2988282,388.7011718,9384.2988282,12450.2304687,10748.4804687,8930.4003906,8186.4003906,12369.340332,2721.0,1876.2011718,8886.8007812,2823.5,7377.2001953,12638.4604492,8922.6992188,7281.2001953,6568.7001953,11477.0,16521.2011719,3458.4003907,11045.6992188,1157.4003907,7539.6992188,21281.2011719,3683.1005859,21281.2011719,4091.5,2911.0996094
6120270080,24291.519043,22738.2294922,13242.5996094,26352.229004,16908.9990235,20970.7988282,22362.7988282,17378.3994141,24889.9589844,27471.7490235,23838.2089844,15367.6992188,19656.4990235,20507.6992188,7564.0996094,18131.6992188,13617.2988282,11256.7988282,14985.1992188,12375.2988282,0.0,0.0,18703.3994141,9741.7988282,18703.3994141,4835.5996094,7975.1015625,3987.1015625,7961.0,12764.0,2991.0,24825.5292969,23123.7792969,21305.6992188,20561.6992188,24744.6391602,15096.2988282,14251.5,21262.0996094,15198.7988282,19752.4990235,25013.7592774,3452.5996094,19656.4990235,18943.9990235,898.2988282,4145.9023437,8916.8984375,1329.5996094,11217.8984375,4835.5996094,8905.9023437,16058.3994141,8905.9023437,16466.7988282,9464.1992188
6120273300,24291.519043,22738.2294922,13242.5996094,26352.229004,16908.9990235,20970.7988282,22362.7988282,17378.3994141,24889.9589844,27471.7490235,23838.2089844,15367.6992188,19656.4990235,20507.6992188,7564.0996094,18131.6992188,13617.2988282,11256.7988282,14985.1992188,12375.2988282,0.0,0.0,18703.3994141,9741.7988282,18703.3994141,4835.5996094,7975.1015625,3987.1015625,7961.0,12764.0,2991.0,24825.5292969,23123.7792969,21305.6992188,20561.6992188,24744.6391602,15096.2988282,14251.5,21262.0996094,15198.7988282,19752.4990235,25013.7592774,3452.5996094,19656.4990235,18943.9990235,898.2988282,4145.9023437,8916.8984375,1329.5996094,11217.8984375,4835.5996094,8905.9023437,16058.3994141,8905.9023437,16466.7988282,9464.1992188
6120276280,5588.11962892,4034.83007814,5460.7998047,7648.82958986,1794.4003906,2267.3994141,3659.3994141,1325.0,6186.55957032,8768.34960939,5134.80957032,3335.7001953,953.0996094,1804.2998047,11139.2998047,571.7001953,5086.1005859,7446.6005859,3718.2001953,6328.1005859,18703.3994141,18703.3994141,0.0,8961.6005859,0.0,13867.7998047,26678.5009766,22690.5009766,10742.3994141,5939.3994141,15712.3994141,6122.12988282,4420.37988282,2602.2998047,1858.2998047,6041.23974611,3607.1005859,4451.8994141,2558.7001953,3504.6005859,1049.0996094,6310.35986329,15250.7998047,953.0996094,240.5996094,17805.1005859,22849.3017578,9786.5009766,17373.7998047,7485.5009766,13867.7998047,27609.3017578,2645.0,27609.3017578,2236.6005859,9239.2001953
6120276530,14549.7202148,12996.430664,3500.8007812,16610.4301758,7167.2001953,11229.0,12621.0,7636.6005859,15148.1601562,17729.9501953,14096.4101562,5625.9003906,9914.7001953,10765.9003906,2177.6992188,8389.9003906,3875.5,1515.0,5243.4003906,2633.5,9741.7988282,9741.7988282,8961.6005859,0.0,8961.6005859,4906.1992188,17716.9003907,13728.9003907,1780.7988282,3022.2011718,6750.7988282,15083.7304687,13381.9804687,11563.9003906,10819.9003906,15002.840332,5354.5,4509.7011718,11520.3007812,5457.0,10010.7001953,15271.9604492,6289.1992188,9914.7001953,9202.2001953,8843.5,13887.7011719,824.9003907,8412.1992188,1476.0996093,4906.1992188,18647.7011719,6316.6005859,18647.7011719,6725.0,277.5996094
6120277000,5588.11962892,4034.83007814,5460.7998047,7648.82958986,1794.4003906,2267.3994141,3659.3994141,1325.0,6186.55957032,8768.34960939,5134.80957032,3335.7001953,953.0996094,1804.2998047,11139.2998047,571.7001953,5086.1005859,7446.6005859,3718.2001953,6328.1005859,18703.3994141,18703.3994141,0.0,8961.6005859,0.0,13867.7998047,26678.5009766,22690.5009766,10742.3994141,5939.3994141,15712.3994141,6122.12988282,4420.37988282,2602.2998047,1858.2998047,6041.23974611,3607.1005859,4451.8994141,2558.7001953,3504.6005859,1049.0996094,6310.35986329,15250.7998047,953.0996094,240.5996094,17805.1005859,22849.3017578,9786.5009766,17373.7998047,7485.5009766,13867.7998047,27609.3017578,2645.0,27609.3017578,2236.6005859,9239.2001953
6120283710,19455.9194336,17902.6298828,8407.0,21516.6293946,12073.3994141,16135.1992188,17527.1992188,12542.7998047,20054.359375,22636.1494141,19002.609375,10532.0996094,14820.8994141,15672.0996094,2728.5,13296.0996094,8781.6992188,6421.1992188,10149.5996094,7539.6992188,4835.5996094,4835.5996094,13867.7998047,4906.1992188,13867.7998047,0.0,12810.7011719,8822.7011719,3125.4003906,7928.4003906,1844.5996094,19989.9296875,18288.1796875,16470.0996094,15726.0996094,19909.0395508,10260.6992188,9415.9003906,16426.5,10363.1992188,14916.8994141,20178.159668,1383.0,14820.8994141,14108.3994141,3937.3007812,8981.5019531,4081.2988281,3506.0,6382.2988281,0.0,13741.5019531,11222.7998047,13741.5019531,11631.1992188,4628.5996094
6120284080,32266.6206055,30713.3310547,21217.7011719,34327.3305665,24884.100586,28945.9003907,30337.9003907,25353.5009766,32865.0605469,35446.850586,31813.3105469,23342.8007813,27631.600586,28482.8007813,15539.2011719,26106.8007813,21592.4003907,19231.9003907,22960.3007813,20350.4003907,7975.1015625,7975.1015625,26678.5009766,17716.9003907,26678.5009766,12810.7011719,0.0,3988.0,15936.1015625,20739.1015625,10966.1015625,32800.6308594,31098.8808594,29280.8007813,28536.8007813,32719.7407227,23071.4003907,22226.6015625,29237.2011719,23173.9003907,27727.600586,32988.8608399,11427.7011719,27631.600586,26919.100586,8873.4003907,3829.1992188,16892.0,9304.7011719,19193.0,12810.7011719,930.8007812,24033.5009766,930.8007812,24441.9003907,17439.3007813
6120284960,28278.6206055,26725.3310547,17229.7011719,30339.3305665,20896.100586,24957.9003907,26349.9003907,21365.5009766,28877.0605469,31458.850586,27825.3105469,19354.8007813,23643.600586,24494.8007813,11551.2011719,22118.8007813,17604.4003907,15243.9003907,18972.3007813,16362.4003907,3987.1015625,3987.1015625,22690.5009766,13728.9003907,22690.5009766,8822.7011719,3988.0,0.0,11948.1015625,16751.1015625,6978.1015625,28812.6308594,27110.8808594,25292.8007813,24548.8007813,28731.7407227,19083.4003907,18238.6015625,25249.2011719,19185.9003907,23739.600586,29000.8608399,7439.7011719,23643.600586,22931.100586,4885.4003907,158.8007812,12904.0,5316.7011719,15205.0,8822.7011719,4918.8007812,20045.5009766,4918.8007812,20453.9003907,13451.3007813
6120286770,16330.519043,14777.2294922,5281.5996094,18391.229004,8947.9990235,13009.7988282,14401.7988282,9417.3994141,16928.9589844,19510.7490235,15877.2089844,7406.6992188,11695.4990235,12546.6992188,396.9003906,10170.6992188,5656.2988282,3295.7988282,7024.1992188,4414.2988282,7961.0,7961.0,10742.3994141,1780.7988282,10742.3994141,3125.4003906,15936.1015625,11948.1015625,0.0,4803.0,4970.0,16864.5292969,15162.7792969,13344.6992188,12600.6992188,16783.6391602,7135.2988282,6290.5,13301.0996094,7237.7988282,11791.4990235,17052.7592774,4508.4003906,11695.4990235,10982.9990235,7062.7011718,12106.9023437,955.8984375,6631.4003906,3256.8984375,3125.4003906,16866.9023437,8097.3994141,16866.9023437,8505.7988282,1503.1992188
6120288420,11527.519043,9974.22949224,478.5996094,13588.229004,4144.9990235,8206.7988282,9598.7988282,4614.3994141,12125.9589844,14707.7490235,11074.2089844,2603.6992188,6892.4990235,7743.6992188,5199.9003906,5367.6992188,853.2988282,1507.2011718,2221.1992188,388.7011718,12764.0,12764.0,5939.3994141,3022.2011718,5939.3994141,7928.4003906,20739.1015625,16751.1015625,4803.0,0.0,9773.0,12061.5292969,10359.7792969,8541.6992188,7797.6992188,11980.6391602,2332.2988282,1487.5,8498.0996094,2434.7988282,6988.4990235,12249.7592774,9311.4003906,6892.4990235,6179.9990235,11865.7011718,16909.9023437,3847.1015625,11434.4003906,1546.1015625,7928.4003906,21669.9023437,3294.3994141,21669.9023437,3702.7988282,3299.8007812
6120288920,21300.519043,19747.2294922,10251.5996094,23361.229004,13917.9990235,17979.7988282,19371.7988282,14387.3994141,21898.9589844,24480.7490235,20847.2089844,12376.6992188,16665.4990235,17516.6992188,4573.0996094,15140.6992188,10626.2988282,8265.7988282,11994.1992188,9384.2988282,2991.0,2991.0,15712.3994141,6750.7988282,15712.3994141,1844.5996094,10966.1015625,6978.1015625,4970.0,9773.0,0.0,21834.5292969,20132.7792969,18314.6992188,17570.6992188,21753.6391602,12105.2988282,11260.5,18271.0996094,12207.7988282,16761.4990235,22022.7592774,461.5996094,16665.4990235,15952.9990235,2092.7011718,7136.9023437,5925.8984375,1661.4003906,8226.8984375,1844.5996094,11896.9023437,13067.3994141,11896.9023437,13475.7988282,6473.1992188
6121052430,534.0102539,2087.29980468,11582.9296875,1526.69970704,7916.53027342,3854.73046872,2462.73046872,7447.12988282,64.4296875,2646.21972657,987.3203125,9457.83007812,5169.03027342,4317.83007812,17261.4296875,6693.83007812,11208.2304687,13568.7304687,9840.33007812,12450.2304687,24825.5292969,24825.5292969,6122.12988282,15083.7304687,6122.12988282,19989.9296875,32800.6308594,28812.6308594,16864.5292969,12061.5292969,21834.5292969,0.0,1701.75,3519.83007812,4263.83007812,80.89013671,9729.23046872,10574.0292969,3563.42968752,9626.73046872,5073.03027342,188.22998047,21372.9296875,5169.03027342,5881.53027342,23927.2304687,28971.4316406,15908.6308594,23495.9296875,13607.6308594,19989.9296875,33731.4316406,8767.12988282,33731.4316406,8358.73046872,15361.3300781
6121053320,1167.7397461,385.54980468,9881.17968752,3228.44970704,6214.78027342,2152.98046872,760.98046872,5745.37988282,1766.1796875,4347.96972657,714.4296875,7756.08007812,3467.28027342,2616.08007812,15559.6796875,4992.08007812,9506.48046872,11866.9804687,8138.58007812,10748.4804687,23123.7792969,23123.7792969,4420.37988282,13381.9804687,4420.37988282,18288.1796875,31098.8808594,27110.8808594,15162.7792969,10359.7792969,20132.7792969,1701.75,0.0,1818.08007812,2562.08007812,1620.85986329,8027.48046872,8872.27929692,1861.67968752,7924.98046872,3371.28027342,1889.97998047,19671.1796875,3467.28027342,4179.78027342,22225.4804687,27269.6816406,14206.8808594,21794.1796875,11905.8808594,18288.1796875,32029.6816406,7065.37988282,32029.6816406,6656.98046872,13659.5800781
6121053910,2985.81982422,1432.53027344,8063.0996094,5046.52978516,4396.7001953,334.9003906,1057.0996094,3927.2998047,3584.25976562,6166.04980469,2532.50976562,5938.0,1649.2001953,798.0,13741.5996094,3174.0,7688.4003906,10048.9003906,6320.5,8930.4003906,21305.6992188,21305.6992188,2602.2998047,11563.9003906,2602.2998047,16470.0996094,29280.8007813,25292.8007813,13344.6992188,8541.6992188,18314.6992188,3519.83007812,1818.08007812,0.0,744.0,3438.93994141,6209.4003906,7054.1992188,43.5996094,6106.9003906,1553.2001953,3708.06005859,17853.0996094,1649.2001953,2361.7001953,20407.4003906,25451.6015625,12388.8007813,19976.0996094,10087.8007813,16470.0996094,30211.6015625,5247.2998047,30211.6015625,4838.9003906,11841.5
6121054710,3729.81982422,2176.53027344,7319.0996094,5790.52978516,3652.7001953,409.0996094,1801.0996094,3183.2998047,4328.25976562,6910.04980469,3276.50976562,5194.0,905.2001953,54.0,12997.5996094,2430.0,6944.4003906,9304.9003906,5576.5,8186.4003906,20561.6992188,20561.6992188,1858.2998047,10819.9003906,1858.2998047,15726.0996094,28536.8007813,24548.8007813,12600.6992188,7797.6992188,17570.6992188,4263.83007812,2562.08007812,744.0,0.0,4182.93994141,5465.4003906,6310.1992188,700.4003906,5362.9003906,809.2001953,4452.06005859,17109.0996094,905.2001953,1617.7001953,19663.4003906,24707.6015625,11644.8007813,19232.0996094,9343.8007813,15726.0996094,29467.6015625,4503.2998047,29467.6015625,4094.9003906,11097.5
6121061730,453.12011719,2006.40966797,11502.0395508,1607.58984375,7835.64013671,3773.84033201,2381.84033201,7366.23974611,145.31982421,2727.10986328,906.43017579,9376.93994141,5088.14013671,4236.93994141,17180.5395508,6612.93994141,11127.340332,13487.840332,9759.43994141,12369.340332,24744.6391602,24744.6391602,6041.23974611,15002.840332,6041.23974611,19909.0395508,32719.7407227,28731.7407227,16783.6391602,11980.6391602,21753.6391602,80.89013671,1620.85986329,3438.93994141,4182.93994141,0.0,9648.34033201,10493.1391602,3482.53955081,9545.84033201,4992.14013671,269.12011718,21292.0395508,5088.14013671,5800.64013671,23846.340332,28890.5415039,15827.7407227,23415.0395508,13526.7407227,19909.0395508,33650.5415039,8686.23974611,33650.5415039,8277.84033201,15280.4399414
6121062030,9195.22021482,7641.93066404,1853.6992188,11255.9301758,1812.7001953,5874.5,7266.5,2282.1005859,9793.66015622,12375.4501953,8741.91015622,271.4003906,4560.2001953,5411.4003906,7532.1992188,3035.4003906,1479.0,3839.5,111.0996094,2721.0,15096.2988282,15096.2988282,3607.1005859,5354.5,3607.1005859,10260.6992188,23071.4003907,19083.4003907,7135.2988282,2332.2988282,12105.2988282,9729.23046872,8027.48046872,6209.4003906,5465.4003906,9648.34033201,0.0,844.7988282,6165.8007812,102.5,4656.2001953,9917.46044919,11643.6992188,4560.2001953,3847.7001953,14198.0,19242.2011719,6179.4003907,13766.6992188,3878.4003907,10260.6992188,24002.2011719,962.1005859,24002.2011719,1370.5,5632.0996094
6121062900,10040.019043,8486.72949224,1008.9003906,12100.729004,2657.4990235,6719.2988282,8111.2988282,3126.8994141,10638.4589844,13220.2490235,9586.70898442,1116.1992188,5404.9990235,6256.1992188,6687.4003906,3880.1992188,634.2011718,2994.7011718,733.6992188,1876.2011718,14251.5,14251.5,4451.8994141,4509.7011718,4451.8994141,9415.9003906,22226.6015625,18238.6015625,6290.5,1487.5,11260.5,10574.0292969,8872.27929692,7054.1992188,6310.1992188,10493.1391602,844.7988282,0.0,7010.5996094,947.2988282,5500.9990235,10762.2592774,10798.9003906,5404.9990235,4692.4990235,13353.2011718,18397.4023437,5334.6015625,12921.9003906,3033.6015625,9415.9003906,23157.4023437,1806.8994141,23157.4023437,2215.2988282,4787.3007812
6121063070,3029.41943362,1476.12988284,8019.5,5090.12939456,4353.1005859,291.3007812,1100.6992188,3883.7001953,3627.85937502,6209.64941409,2576.10937502,5894.4003906,1605.6005859,754.4003906,13698.0,3130.4003906,7644.8007812,10005.3007812,6276.9003906,8886.8007812,21262.0996094,21262.0996094,2558.7001953,11520.3007812,2558.7001953,16426.5,29237.2011719,25249.2011719,13301.0996094,8498.0996094,18271.0996094,3563.42968752,1861.67968752,43.5996094,700.4003906,3482.53955081,6165.8007812,7010.5996094,0.0,6063.3007812,1509.6005859,3751.65966799,17809.5,1605.6005859,2318.1005859,20363.8007812,25408.0019531,12345.2011719,19932.5,10044.2011719,16426.5,30168.0019531,5203.7001953,30168.0019531,4795.3007812,11797.9003906
6121063260,9092.72021482,7539.43066404,1956.1992188,11153.4301758,1710.2001953,5772.0,7164.0,2179.6005859,9691.16015622,12272.9501953,8639.41015622,168.9003906,4457.7001953,5308.9003906,7634.6992188,2932.9003906,1581.5,3942.0,213.5996094,2823.5,15198.7988282,15198.7988282,3504.6005859,5457.0,3504.6005859,10363.1992188,23173.9003907,19185.9003907,7237.7988282,2434.7988282,12207.7988282,9626.73046872,7924.98046872,6106.9003906,5362.9003906,9545.84033201,102.5,947.2988282,6063.3007812,0.0,4553.7001953,9814.96044919,11746.1992188,4457.7001953,3745.2001953,14300.5,19344.7011719,6281.9003907,13869.1992188,3980.9003907,10363.1992188,24104.7011719,859.6005859,24104.7011719,1268.0,5734.5996094
6121063280,4539.02001952,2985.73046874,6509.8994141,6599.72998046,2843.5,1218.2998047,2610.2998047,2374.0996094,5137.45996092,7719.24999999,4085.70996092,4384.7998047,96.0,755.2001953,12188.3994141,1620.7998047,6135.2001953,8495.7001953,4767.2998047,7377.2001953,19752.4990235,19752.4990235,1049.0996094,10010.7001953,1049.0996094,14916.8994141,27727.600586,23739.600586,11791.4990235,6988.4990235,16761.4990235,5073.03027342,3371.28027342,1553.2001953,809.2001953,4992.14013671,4656.2001953,5500.9990235,1509.6005859,4553.7001953,0.0,5261.26025389,16299.8994141,96.0,808.5,18854.2001953,23898.4013672,10835.600586,18422.8994141,8534.600586,14916.8994141,28658.4013672,3694.0996094,28658.4013672,3285.7001953,10288.2998047
6121063370,722.24023437,2275.52978515,11771.159668,1338.46972657,8104.76025389,4042.96044919,2650.96044919,7635.35986329,123.80029297,2457.9897461,1175.55029297,9646.06005859,5357.26025389,4506.06005859,17449.659668,6882.06005859,11396.4604492,13756.9604492,10028.5600586,12638.4604492,25013.7592774,25013.7592774,6310.35986329,15271.9604492,6310.35986329,20178.159668,32988.8608399,29000.8608399,17052.7592774,12249.7592774,22022.7592774,188.22998047,1889.97998047,3708.06005859,4452.06005859,269.12011718,9917.46044919,10762.2592774,3751.65966799,9814.96044919,5261.26025389,0.0,21561.159668,5357.26025389,6069.76025389,24115.4604492,29159.6616211,16096.8608399,23684.159668,13795.8608399,20178.159668,33919.6616211,8955.35986329,33919.6616211,8546.96044919,15549.5600586
6121064240,20838.9194336,19285.6298828,9790.0,22899.6293946,13456.3994141,17518.1992188,18910.1992188,13925.7998047,21437.359375,24019.1494141,20385.609375,11915.0996094,16203.8994141,17055.0996094,4111.5,14679.0996094,10164.6992188,7804.1992188,11532.5996094,8922.6992188,3452.5996094,3452.5996094,15250.7998047,6289.1992188,15250.7998047,1383.0,11427.7011719,7439.7011719,4508.4003906,9311.4003906,461.5996094,21372.9296875,19671.1796875,17853.0996094,17109.0996094,21292.0395508,11643.6992188,10798.9003906,17809.5,11746.1992188,16299.8994141,21561.159668,0.0,16203.8994141,15491.3994141,2554.3007812,7598.5019531,5464.2988281,2123.0,7765.2988281,1383.0,12358.5019531,12605.7998047,12358.5019531,13014.1992188,6011.5996094
6121064340,4635.02001952,3081.73046874,6413.8994141,6695.72998046,2747.5,1314.2998047,2706.2998047,2278.0996094,5233.45996092,7815.24999999,4181.70996092,4288.7998047,0.0,851.2001953,12092.3994141,1524.7998047,6039.2001953,8399.7001953,4671.2998047,7281.2001953,19656.4990235,19656.4990235,953.0996094,9914.7001953,953.0996094,14820.8994141,27631.600586,23643.600586,11695.4990235,6892.4990235,16665.4990235,5169.03027342,3467.28027342,1649.2001953,905.2001953,5088.14013671,4560.2001953,5404.9990235,1605.6005859,4457.7001953,96.0,5357.26025389,16203.8994141,0.0,712.5,18758.2001953,23802.4013672,10739.600586,18326.8994141,8438.600586,14820.8994141,28562.4013672,3598.0996094,28562.4013672,3189.7001953,10192.2998047
6121064930,5347.52001952,3794.23046874,5701.3994141,7408.22998046,2035.0,2026.7998047,3418.7998047,1565.5996094,5945.95996092,8527.74999999,4894.20996092,3576.2998047,712.5,1563.7001953,11379.8994141,812.2998047,5326.7001953,7687.2001953,3958.7998047,6568.7001953,18943.9990235,18943.9990235,240.5996094,9202.2001953,240.5996094,14108.3994141,26919.100586,22931.100586,10982.9990235,6179.9990235,15952.9990235,5881.53027342,4179.78027342,2361.7001953,1617.7001953,5800.64013671,3847.7001953,4692.4990235,2318.1005859,3745.2001953,808.5,6069.76025389,15491.3994141,712.5,0.0,18045.7001953,23089.9013672,10027.100586,17614.3994141,7726.100586,14108.3994141,27849.9013672,2885.5996094,27849.9013672,2477.2001953,9479.7998047
6121069270,23393.2202148,21839.930664,12344.3007812,25453.9301758,16010.7001953,20072.5,21464.5,16480.1005859,23991.6601562,26573.4501953,22939.9101562,14469.4003906,18758.2001953,19609.4003906,6665.8007812,17233.4003906,12719.0,10358.5,14086.9003906,11477.0,898.2988282,898.2988282,17805.1005859,8843.5,17805.1005859,3937.3007812,8873.4003907,4885.4003907,7062.7011718,11865.7011718,2092.7011718,23927.2304687,22225.4804687,20407.4003906,19663.4003906,23846.340332,14198.0,13353.2011718,20363.8007812,14300.5,18854.2001953,24115.4604492,2554.3007812,18758.2001953,18045.7001953,0.0,5044.2011719,8018.5996093,431.3007812,10319.5996093,3937.3007812,9804.2011719,15160.1005859,9804.2011719,15568.5,8565.9003906
6121070190,28437.4213867,26884.1318359,17388.5019531,30498.1313477,21054.9013672,25116.7011719,26508.7011719,21524.3017578,29035.8613281,31617.6513672,27984.1113281,19513.6015625,23802.4013672,24653.6015625,11710.0019531,22277.6015625,17763.2011719,15402.7011719,19131.1015625,16521.2011719,4145.9023437,4145.9023437,22849.3017578,13887.7011719,22849.3017578,8981.5019531,3829.1992188,158.8007812,12106.9023437,16909.9023437,7136.9023437,28971.4316406,27269.6816406,25451.6015625,24707.6015625,28890.5415039,19242.2011719,18397.4023437,25408.0019531,19344.7011719,23898.4013672,29159.6616211,7598.5019531,23802.4013672,23089.9013672,5044.2011719,0.0,13062.8007812,5475.5019531,15363.8007812,8981.5019531,4760.0,20204.3017578,4760.0,20612.7011719,13610.1015625
6121071270,15374.6206055,13821.3310547,4325.7011719,17435.3305665,7992.100586,12053.9003907,13445.9003907,8461.5009766,15973.0605469,18554.850586,14921.3105469,6450.8007813,10739.600586,11590.8007813,1352.7988281,9214.8007813,4700.4003907,2339.9003907,6068.3007813,3458.4003907,8916.8984375,8916.8984375,9786.5009766,824.9003907,9786.5009766,4081.2988281,16892.0,12904.0,955.8984375,3847.1015625,5925.8984375,15908.6308594,14206.8808594,12388.8007813,11644.8007813,15827.7407227,6179.4003907,5334.6015625,12345.2011719,6281.9003907,10835.600586,16096.8608399,5464.2988281,10739.600586,10027.100586,8018.5996093,13062.8007812,0.0,7587.2988281,2301.0,4081.2988281,17822.8007812,7141.5009766,17822.8007812,7549.9003907,547.3007813
6121071800,22961.9194336,21408.6298828,11913.0,25022.6293946,15579.3994141,19641.1992188,21033.1992188,16048.7998047,23560.359375,26142.1494141,22508.609375,14038.0996094,18326.8994141,19178.0996094,6234.5,16802.0996094,12287.6992188,9927.1992188,13655.5996094,11045.6992188,1329.5996094,1329.5996094,17373.7998047,8412.1992188,17373.7998047,3506.0,9304.7011719,5316.7011719,6631.4003906,11434.4003906,1661.4003906,23495.9296875,21794.1796875,19976.0996094,19232.0996094,23415.0395508,13766.6992188,12921.9003906,19932.5,13869.1992188,18422.8994141,23684.159668,2123.0,18326.8994141,17614.3994141,431.3007812,5475.5019531,7587.2988281,0.0,9888.2988281,3506.0,10235.5019531,14728.7998047,10235.5019531,15137.1992188,8134.5996094
6121072620,13073.6206055,11520.3310547,2024.7011719,15134.3305665,5691.100586,9752.9003907,11144.9003907,6160.5009766,13672.0605469,16253.850586,12620.3105469,4149.8007813,8438.600586,9289.8007813,3653.7988281,6913.8007813,2399.4003907,38.9003907,3767.3007813,1157.4003907,11217.8984375,11217.8984375,7485.5009766,1476.0996093,7485.5009766,6382.2988281,19193.0,15205.0,3256.8984375,1546.1015625,8226.8984375,13607.6308594,11905.8808594,10087.8007813,9343.8007813,13526.7407227,3878.4003907,3033.6015625,10044.2011719,3980.9003907,8534.600586,13795.8608399,7765.2988281,8438.600586,7726.100586,10319.5996093,15363.8007812,2301.0,9888.2988281,0.0,6382.2988281,20123.8007812,4840.5009766,20123.8007812,5248.9003907,1753.6992187
6121073530,19455.9194336,17902.6298828,8407.0,21516.6293946,12073.3994141,16135.1992188,17527.1992188,12542.7998047,20054.359375,22636.1494141,19002.609375,10532.0996094,14820.8994141,15672.0996094,2728.5,13296.0996094,8781.6992188,6421.1992188,10149.5996094,7539.6992188,4835.5996094,4835.5996094,13867.7998047,4906.1992188,13867.7998047,0.0,12810.7011719,8822.7011719,3125.4003906,7928.4003906,1844.5996094,19989.9296875,18288.1796875,16470.0996094,15726.0996094,19909.0395508,10260.6992188,9415.9003906,16426.5,10363.1992188,14916.8994141,20178.159668,1383.0,14820.8994141,14108.3994141,3937.3007812,8981.5019531,4081.2988281,3506.0,6382.2988281,0.0,13741.5019531,11222.7998047,13741.5019531,11631.1992188,4628.5996094
6121073720,33197.4213867,31644.1318359,22148.5019531,35258.1313477,25814.9013672,29876.7011719,31268.7011719,26284.3017578,33795.8613281,36377.6513672,32744.1113281,24273.6015625,28562.4013672,29413.6015625,16470.0019531,27037.6015625,22523.2011719,20162.7011719,23891.1015625,21281.2011719,8905.9023437,8905.9023437,27609.3017578,18647.7011719,27609.3017578,13741.5019531,930.8007812,4918.8007812,16866.9023437,21669.9023437,11896.9023437,33731.4316406,32029.6816406,30211.6015625,29467.6015625,33650.5415039,24002.2011719,23157.4023437,30168.0019531,24104.7011719,28658.4013672,33919.6616211,12358.5019531,28562.4013672,27849.9013672,9804.2011719,4760.0,17822.8007812,10235.5019531,20123.8007812,13741.5019531,0.0,24964.3017578,0.0,25372.7011719,18370.1015625
6121073920,8233.11962892,6679.83007814,2815.7998047,10293.8295899,850.5996094,4912.3994141,6304.3994141,1320.0,8831.55957032,11413.3496094,7779.80957032,690.7001953,3598.0996094,4449.2998047,8494.2998047,2073.2998047,2441.1005859,4801.6005859,1073.2001953,3683.1005859,16058.3994141,16058.3994141,2645.0,6316.6005859,2645.0,11222.7998047,24033.5009766,20045.5009766,8097.3994141,3294.3994141,13067.3994141,8767.12988282,7065.37988282,5247.2998047,4503.2998047,8686.23974611,962.1005859,1806.8994141,5203.7001953,859.6005859,3694.0996094,8955.35986329,12605.7998047,3598.0996094,2885.5996094,15160.1005859,20204.3017578,7141.5009766,14728.7998047,4840.5009766,11222.7998047,24964.3017578,0.0,24964.3017578,408.3994141,6594.2001953
