,6120542150,6120544390,6120548940,6120550010,6120554140,6120554210,6120555240,6120555250,6121178000,6121178630,6121180510,6121182430,6121182440
6120542150,1.0,0.5582202352462842,0.527149009208897,0.5558868337225744,0.6261616288911468,0.6156074418420543,0.44906261143722426,-0.41761860057421346,0.9657966843351562,0.6577916911131556,0.5312070003791173,0.2904399395076032,-0.1578036694487126
6120544390,0.5582202352462842,1.0,0.6852220981712311,0.6080079533786832,0.3572787418998866,0.3535686599834125,0.2734959492302523,-0.2601226234500702,0.505589220856062,0.6775179664865705,0.50942510231346,0.2685408190076143,-0.14549212764080716
6120548940,0.527149009208897,0.6852220981712311,1.0,0.9799992202246897,0.753620813549511,0.7435794407559736,0.5661041485496782,-0.09931425050356099,0.6114429766605884,0.9459644340163639,0.9425029207077836,0.6710714080536789,0.35825443287777725
6120550010,0.5558868337225744,0.6080079533786832,0.9799992202246897,1.0,0.8039854921089351,0.7928377027890068,0.5987640288875645,-0.040438785033627675,0.5679429491744213,0.8914366550342488,0.9876714535055526,0.745623164501189,0.5194062749788942
6120554140,0.6261616288911468,0.3572787418998866,0.753620813549511,0.8039854921089351,1.0,0.9996239595357225,0.9325485488797914,-0.14291172340276517,0.6242940459829855,0.7758371999983971,0.8407182367787248,0.367118745655923,0.20224883348822212
6120554210,0.6156074418420543,0.3535686599834125,0.7435794407559736,0.7928377027890068,0.9996239595357225,1.0,0.9420568468363519,-0.13545230986163706,0.6130265871459102,0.7644650510005625,0.8294155511089543,0.35033502192754823,0.19606324328273625
6120555240,0.44906261143722426,0.2734959492302523,0.5661041485496782,0.5987640288875645,0.9325485488797914,0.9420568468363519,1.0,0.03046227414626158,0.4404633404316806,0.5738998708712241,0.6363483434792336,0.13935594896058495,0.15842228946709513
6120555250,-0.41761860057421346,-0.2601226234500702,-0.09931425050356099,-0.040438785033627675,-0.14291172340276517,-0.13545230986163706,0.03046227414626158,1.0,-0.48443946957809136,-0.30261086843145346,0.040921199890203645,0.38647698547593023,0.6416165315756015
6121178000,0.9657966843351562,0.505589220856062,0.6114429766605884,0.5679429491744213,0.6242940459829855,0.6130265871459102,0.4404633404316806,-0.48443946957809136,1.0,0.7854534580762281,0.514335537129978,0.27483089743325173,-0.22203208444465847
6121178630,0.6577916911131556,0.6775179664865705,0.9459644340163639,0.8914366550342488,0.7758371999983971,0.7644650510005625,0.5738998708712241,-0.30261086843145346,0.7854534580762281,1.0,0.8413983592219741,0.5610440831052113,0.11445938892353537
6121180510,0.5312070003791173,0.50942510231346,0.9425029207077836,0.9876714535055526,0.8407182367787248,0.8294155511089543,0.6363483434792336,0.040921199890203645,0.514335537129978,0.8413983592219741,1.0,0.7699206531715584,0.607558199588991
6121182430,0.2904399395076032,0.2685408190076143,0.6710714080536789,0.745623164501189,0.367118745655923,0.35033502192754823,0.13935594896058495,0.38647698547593023,0.27483089743325173,0.5610440831052113,0.7699206531715584,1.0,0.950837140260015
6121182440,-0.1578036694487126,-0.14549212764080716,0.35825443287777725,0.5194062749788942,0.20224883348822212,0.19606324328273625,0.15842228946709513,0.6416165315756015,-0.22203208444465847,0.11445938892353537,0.607558199588991,0.950837140260015,1.0
