,6120032280,6120293710,6120296100,6120303660,6120304340,6121079110,6121079960
6120032280,0.0,18.6717529297,89.1733398438,66.8491210938,568.346557617,461.054931641,6.78796386719
6120293710,18.6717529297,0.0,107.845092773,85.5208740234,587.018310547,442.383178711,11.8837890625
6120296100,89.1733398438,107.845092773,0.0,22.32421875,479.173217773,550.228271484,95.9613037109
6120303660,66.8491210938,85.5208740234,22.32421875,0.0,501.497436523,527.904052734,73.6370849609
6120304340,568.346557617,587.018310547,479.173217773,501.497436523,0.0,1029.40148926,575.134521484
6121079110,461.054931641,442.383178711,550.228271484,527.904052734,1029.40148926,0.0,454.266967773
6121079960,6.78796386719,11.8837890625,95.9613037109,73.6370849609,575.134521484,454.266967773,0.0
