,6120032280,6120293710,6120296100,6120303660,6120304340,6121079110,6121079960
6120032280,0.0,0.0624403201236,0.170745830297,0.288463412405,0.629209422472,0.658624010171,0.0636147821765
6120293710,0.0624403201236,0.0,0.0960570912236,0.438482773186,0.653211464023,0.655256767264,0.124434337007
6120296100,0.170745830297,0.0960570912236,0.0,0.561185392184,0.63718630592,0.669853065501,0.0635361206369
6120303660,0.288463412405,0.438482773186,0.561185392184,0.0,0.0998536368231,0.670734334983,0.424929783708
6120304340,0.629209422472,0.653211464023,0.63718630592,0.0998536368231,0.0,0.67448213594,0.539325778902
6121079110,0.658624010171,0.655256767264,0.669853065501,0.670734334983,0.67448213594,0.0,0.602515761466
6121079960,0.0636147821765,0.124434337007,0.0635361206369,0.424929783708,0.539325778902,0.602515761466,0.0
