,6120485490,6120486190,6120486530,6120489650,6120492690,6120496110,6120497880
6120485490,1.0,0.716655137964,0.753114893719,0.469968298178,0.456476811116,-0.687866181096,-0.130092233336
6120486190,0.716655137964,1.0,0.255947079772,0.824888325444,0.726144575228,-0.764380454287,-0.198679064719
6120486530,0.753114893719,0.255947079772,1.0,0.696035583564,0.591502635487,-0.81715056603,-0.0187453637966
6120489650,0.469968298178,0.824888325444,0.696035583564,1.0,0.922929992232,-0.905476127149,-0.126361990648
6120492690,0.456476811116,0.726144575228,0.591502635487,0.922929992232,1.0,-0.915172465836,0.749014994655
6120496110,-0.687866181096,-0.764380454287,-0.81715056603,-0.905476127149,-0.915172465836,1.0,0.425629773657
6120497880,-0.130092233336,-0.198679064719,-0.0187453637966,-0.126361990648,0.749014994655,0.425629773657,1.0
