,6120485490,6120486190,6120486530,6120489650,6120492690,6120496110,6120497880
6120485490,0.0,58.872665406,37.448379517,205.215164185,315.732559205,508.445877076,240.847824097
6120486190,58.872665406,0.0,21.424285889,146.342498779,256.859893799,449.57321167,181.975158691
6120486530,37.448379517,21.424285889,0.0,167.766784668,278.284179688,470.997497559,203.39944458
6120489650,205.215164185,146.342498779,167.766784668,0.0,110.51739502,303.230712891,35.632659912
6120492690,315.732559205,256.859893799,278.284179688,110.51739502,0.0,192.713317871,74.884735108
6120496110,508.445877076,449.57321167,470.997497559,303.230712891,192.713317871,0.0,267.598052979
6120497880,240.847824097,181.975158691,203.39944458,35.632659912,74.884735108,267.598052979,0.0
