,6120567450,6120567510,6120568330,6120568410,6120568770,6120568880,6120570650,6120571140,6120571570,6120571880,6120573210,6120573300,6120573940,6120574120,6120574370,6120574620,6120574640,6120575370,6120576400,6120576590,6120576880,6120577110,6120577210,6120577350,6120577660,6120578320,6120578330,6120578800,6120580600,6120580800,6120584080,6120592090,6120592510,6120593780,6120597290,6120597480,6121188510,6121188950,6121189430,6121193530,6121194080,6121194120,6121196080,6121196680,6121197960,6121198670
6120567450,1.0,0.885623673817,0.705725610511,0.730232272659,0.415971577481,0.362962512232,0.0597307053343,0.427773496399,0.182387391809,0.144734280153,-0.106809889658,0.0667416570192,0.414854733603,-0.224346871691,-0.0486903151183,-0.167710227635,-0.112341773326,0.27446521298,-0.31656827604,-0.225869918153,-0.0988292222369,-0.282375371199,-0.362589671726,-0.280988423182,-0.0735628128208,0.296780966502,0.295851626849,-0.0199391226151,-0.42389553147,0.244006506652,-0.376162477342,-0.400105689994,-0.408091722046,-0.289220662331,-0.225076704637,-0.31303587618,0.768759411107,0.504764701041,0.544305618226,0.294543933115,0.244633665133,0.0242975780365,-0.352523080691,-0.380294325053,-0.403094914459,-0.381479545772
6120567510,0.885623673817,1.0,0.858157420263,0.630793576276,0.73738775122,0.634431655633,0.0996931157153,0.612493941134,0.223096017485,0.163042785495,-0.141652637798,0.0851301455657,0.617973014332,-0.265694590786,-0.031968952982,-0.170614034938,-0.0953553332279,0.376091953559,-0.306874622375,-0.158964852516,-0.126872615076,-0.184760805052,-0.324333765583,-0.183226625124,-0.0976310916367,0.468892020467,0.443827941028,-0.0274601149402,-0.421571693644,0.394328838179,-0.356824598237,-0.324000283444,-0.329937840381,-0.268689047062,-0.203250896014,-0.275584766883,0.97507895946,0.525305663232,0.635197855512,0.424516320876,0.394961592042,0.0314330169734,-0.308758950438,-0.319562493872,-0.366667748391,-0.310913743419
6120568330,0.705725610511,0.858157420263,1.0,0.326855935898,0.891451953535,0.597542763809,0.0103165973733,0.472082372129,0.0418346377467,-0.02000865649,-0.105803578317,-0.0435814125038,0.479678708285,-0.169319921716,-0.0996420445309,-0.144794135749,-0.218077804348,0.288710622516,-0.260372797625,-0.2458147199,-0.10390697865,-0.32873463811,-0.32340664762,-0.327828185681,-0.0881731619106,0.336287650297,0.309837699816,-0.0430934977598,-0.367947982845,0.283838783859,-0.335442299872,-0.388501869309,-0.398014255765,-0.261654569695,-0.207137491963,-0.290206087443,0.878608798972,0.276902452744,0.26686978149,0.36558275878,0.28454943987,-0.00469185536846,-0.328293689499,-0.363303406182,-0.36975513664,-0.368039560954
6120568410,0.730232272659,0.630793576276,0.326855935898,1.0,0.645800987939,0.654384223718,0.189315177864,0.781636986645,0.178258011722,0.0743901380062,0.112576507995,0.053631848032,0.759976796551,-0.0812827386066,-0.0276138127541,-0.0625639770879,-0.153661179976,0.462593981092,-0.112998067783,-0.0679298621635,0.135580557823,-0.0859778473164,-0.0926973968507,-0.0844809146757,0.165721370694,0.573506834549,0.52117269921,0.238478321208,-0.172299876902,0.544484127855,-0.072605113012,0.0085202513431,0.0221985139606,-0.117367655001,-0.0619985795148,-0.0285384544618,0.666744136087,0.822818254644,0.639498082258,0.474346254485,0.542495398007,0.291297192927,0.00216632624283,0.0247977036325,-0.0709085354753,0.0010258705158
6120568770,0.415971577481,0.73738775122,0.891451953535,0.645800987939,1.0,0.860876977959,0.156266644255,0.810076250254,0.153144227589,0.0242816403181,0.0814218144484,0.00289219261454,0.815437838255,-0.078427305361,-0.0295546518849,-0.053233877297,-0.119707585965,0.508550298244,-0.0472949650785,-0.0126880069108,0.104930372973,-0.00316300568179,-0.00409772528695,-0.00211049978572,0.134277879352,0.659190080528,0.581812016836,0.214985694875,-0.0666603171133,0.65337326818,0.0230333193435,0.124712085546,0.143641071696,-0.0400480406577,-0.00165207215351,0.0630999769764,0.859300588128,0.584094538833,0.509866410144,0.568881621183,0.651190366585,0.275275834753,0.0955166599511,0.131330683332,0.0407144618933,0.110671170642
6120568880,0.362962512232,0.634431655633,0.597542763809,0.654384223718,0.860876977959,1.0,0.207606414493,0.93850023321,0.0270696820237,-0.198955631699,0.398524605258,-0.153344004964,0.872420415649,0.11640596059,-0.111996925886,0.0101921849061,-0.34275762949,0.67789573849,0.0728230295085,-0.157893597943,0.426271839085,-0.245670266174,0.117053059117,-0.244940391867,0.46468332046,0.707501060355,0.605314355796,0.566100234931,0.161465455244,0.848909754323,0.284580632068,0.299620614448,0.348163098014,0.0263166374563,0.073706073491,0.244263050656,0.748025544497,0.736819737575,0.256875380551,0.684997595806,0.843152451351,0.627116137146,0.341439429849,0.378194947273,0.267363524075,0.272149908123
6120570650,0.0597307053343,0.0996931157153,0.0103165973733,0.189315177864,0.156266644255,0.207606414493,1.0,0.327973584734,0.761798519685,0.267470038175,0.416447801444,0.169368008862,0.340245963936,0.166559852477,0.00663227873622,0.0789713368957,-0.00274732107909,0.195361111295,-0.000899118119354,-0.0849805730363,0.408147668528,-0.152161527865,-0.0201253961083,-0.150443431166,0.411925347548,0.266766816072,0.235122384979,0.400807500592,-0.0793087389765,0.262146034247,-0.0023950964777,0.0194676361136,0.0301140593281,-0.109851145086,-0.0567406494151,-0.0226200113805,0.111644171347,0.403323630541,0.153765547739,0.175140675702,0.259834173741,0.390077988646,0.0555576117201,0.0621789515711,-0.0385997255613,0.0130464255702
6120571140,0.427773496399,0.612493941134,0.472082372129,0.781636986645,0.810076250254,0.93850023321,0.327973584734,1.0,0.109365694797,-0.104732012088,0.435023812485,-0.0960397346909,0.977961588128,0.147788054271,-0.116716571013,0.0496356269642,-0.331014847463,0.652669367733,0.0814935066728,-0.184363425837,0.461134899854,-0.273379033275,0.101387023588,-0.271973288903,0.491661695024,0.833567964164,0.747417101426,0.579104253133,0.0571399371297,0.852247979068,0.202765501589,0.24913122403,0.290182089271,-0.047699051307,0.0208849960299,0.163732262083,0.692496053214,0.877050932011,0.406293628702,0.685604844192,0.848074359776,0.631470495339,0.291096014056,0.325451831727,0.160182749016,0.22358041968
6120571570,0.182387391809,0.223096017485,0.0418346377467,0.178258011722,0.153144227589,0.0270696820237,0.761798519685,0.109365694797,1.0,0.523087415248,0.0882338854369,0.351285552226,0.13479420366,-0.0357217052997,0.15045262262,-0.0212211729908,0.235043368073,0.0272313630848,-0.138272209928,0.0200958854234,0.0833180560062,0.02778626614,-0.178623829846,0.0304818054796,0.0936197565966,0.0929213497489,0.0893042018845,0.0742913730966,-0.269834422652,0.0448464235775,-0.231931102172,-0.201783571513,-0.212359169203,-0.187387570196,-0.139301130599,-0.197730420261,0.207459808771,0.098729631494,0.590060134606,0.00770599754521,0.0448255691876,0.0718328775235,-0.188727939499,-0.197979905895,-0.248352146947,-0.192798373596
6120571880,0.144734280153,0.163042785495,-0.02000865649,0.0743901380062,0.0242816403181,-0.198955631699,0.267470038175,-0.104732012088,0.523087415248,1.0,-0.171023636053,0.924877333344,-0.0585885644448,-0.0848680126504,0.580207952186,0.201495500002,0.772736044322,-0.205790667392,-0.11046328595,0.234955795001,-0.166282104386,0.277911574138,-0.18657829019,0.283474848922,-0.138909624472,-0.114035719818,-0.0968369237091,-0.192936861502,-0.370138136181,-0.215313719394,-0.372464961937,-0.327127669486,-0.360808293978,-0.264689392346,-0.21174607294,-0.341934345221,0.128838884499,0.0376645993568,0.538426775842,-0.249221236737,-0.213887197507,-0.196282265252,-0.320837287621,-0.345253110559,-0.398889796035,-0.308306037326
6120573210,-0.106809889658,-0.141652637798,-0.105803578317,0.112576507995,0.0814218144484,0.398524605258,0.416447801444,0.435023812485,0.0882338854369,-0.171023636053,1.0,-0.155042091404,0.39197424364,0.849569247546,0.0148148533563,0.410902159741,-0.24384924364,0.402304937925,0.391051530247,-0.151328063958,0.995639413881,-0.356057299379,0.301854483505,-0.35296569136,0.980079403023,0.348853201175,0.285504360686,0.959500599076,0.421448015059,0.513538154356,0.524246696282,0.358360993908,0.413960867311,0.0181987552212,0.0756344032821,0.293699337892,-0.114558690236,0.392183325672,-0.0573724948664,0.364275227158,0.506869406265,0.929184874375,0.540897268512,0.539315595501,0.391583962918,0.32824968051
6120573300,0.0667416570192,0.0851301455657,-0.0435814125038,0.053631848032,0.00289219261454,-0.153344004964,0.169368008862,-0.0960397346909,0.351285552226,0.924877333344,-0.155042091404,1.0,-0.0699972541275,-0.00628183823707,0.596104301966,0.264207503211,0.723044708349,-0.181869979488,-0.0388012276422,0.225647136846,-0.156005158013,0.265565966606,-0.111543409784,0.270536986868,-0.138772679071,-0.114652255522,-0.102729961847,-0.172609644619,-0.257217947241,-0.18309841316,-0.266379525638,-0.223020698869,-0.248065239688,-0.18568273188,-0.149078476424,-0.24349573382,0.0648457100282,0.020644715677,0.378975909898,-0.215360544199,-0.182150818349,-0.174421548661,-0.224430004718,-0.239539514314,-0.2814671529,-0.21023865409
6120573940,0.414854733603,0.617973014332,0.479678708285,0.759976796551,0.815437838255,0.872420415649,0.340245963936,0.977961588128,0.13479420366,-0.0585885644448,0.39197424364,-0.0699972541275,1.0,0.128492460395,-0.116859119372,0.050150347112,-0.306673639418,0.690009239074,0.0622661361149,-0.184912820579,0.416780367941,-0.263539891545,0.066698285116,-0.261968285206,0.443223728913,0.892025457823,0.841246531621,0.525564407282,-0.015283737083,0.839498617797,0.130373835223,0.182643260762,0.217388687448,-0.0918179560827,-0.0164242060659,0.0993914303497,0.700038135107,0.850238790525,0.44861214609,0.713251285835,0.836761837873,0.578081715388,0.223860766789,0.253095832407,0.0822877819413,0.161032862349
6120574120,-0.224346871691,-0.265694590786,-0.169319921716,-0.0812827386066,-0.078427305361,0.11640596059,0.166559852477,0.147788054271,-0.0357217052997,-0.0848680126504,0.849569247546,-0.00628183823707,0.128492460395,1.0,0.22787948447,0.597232614803,-0.0475255838597,0.177556834238,0.315386470918,-0.0844340491531,0.83559764035,-0.234066875812,0.232894463254,-0.231693247615,0.808729946166,0.142386274832,0.109872743435,0.743877988023,0.339074441691,0.249702342728,0.399939600968,0.273710157353,0.311780254394,0.0312623227444,0.06607537577,0.221945436428,-0.245838531887,0.0929127816363,-0.178001651448,0.156306268729,0.245263239534,0.690866699965,0.407482353511,0.404896668092,0.298508570441,0.252153178725
6120574370,-0.0486903151183,-0.031968952982,-0.0996420445309,-0.0276138127541,-0.0295546518849,-0.111996925886,0.00663227873622,-0.116716571013,0.15045262262,0.580207952186,0.0148148533563,0.596104301966,-0.116859119372,0.22787948447,1.0,0.742228816544,0.669074433022,-0.130719286365,-0.026511927003,0.158854395723,0.0199911910378,0.168653902352,-0.0886595786542,0.172938317499,0.0287891001453,-0.107713607065,-0.100214101055,-0.00394661869143,-0.0995608500923,-0.115109373737,-0.104427168619,-0.137516357662,-0.146261907515,-0.114570814952,-0.087764039367,-0.126219152934,-0.0325624233946,-0.0982552423581,0.14864450733,-0.152055230981,-0.115072778915,-0.016254106267,-0.0965408636734,-0.116671588661,-0.141872815989,-0.129810955873
6120574620,-0.167710227635,-0.170614034938,-0.144794135749,-0.0625639770879,-0.053233877297,0.0101921849061,0.0789713368957,0.0496356269642,-0.0212211729908,0.201495500002,0.410902159741,0.264207503211,0.050150347112,0.597232614803,0.742228816544,1.0,0.259970968698,0.0262242144775,0.261097922248,-0.00783768127945,0.423244468074,-0.0933142894111,0.16608805531,-0.0911104649456,0.425618934127,0.0518384527482,0.0339249925961,0.384042193385,0.164122452255,0.0853145553925,0.206515977563,0.157967676313,0.172800026444,-0.0186204347047,0.0148603200906,0.0907296421036,-0.151834113118,0.0288621395692,-0.0865076671981,0.00791681634706,0.0830101371033,0.355814497345,0.236319063776,0.233714701321,0.130498624738,0.145671166282
6120574640,-0.112341773326,-0.0953553332279,-0.218077804348,-0.153661179976,-0.119707585965,-0.34275762949,-0.00274732107909,-0.331014847463,0.235043368073,0.772736044322,-0.24384924364,0.723044708349,-0.306673639418,-0.0475255838597,0.669074433022,0.259970968698,1.0,-0.357752793323,0.10555861043,0.690659185639,-0.227758164429,0.591149655792,-0.0207934438444,0.602670498198,-0.216936517132,-0.293185002667,-0.26381574949,-0.267567929239,-0.102023231032,-0.355658473417,-0.143494524447,-0.241987172599,-0.283797477332,-0.212965841201,-0.168738952778,-0.270835305867,-0.102264715244,-0.246153126478,0.217077655614,-0.414106854372,-0.354148228923,-0.279389533295,-0.138132545572,-0.204325008437,-0.269439929662,-0.22153515006
6120575370,0.27446521298,0.376091953559,0.288710622516,0.462593981092,0.508550298244,0.67789573849,0.195361111295,0.652669367733,0.0272313630848,-0.205790667392,0.402304937925,-0.181869979488,0.690009239074,0.177556834238,-0.130719286365,0.0262242144775,-0.357752793323,1.0,0.0458747263891,-0.226696250047,0.417992847418,-0.35472642322,0.00652356558572,-0.353338055317,0.447719378756,0.566697959042,0.823625864293,0.531682314124,0.076876631084,0.753555063139,0.175938594903,0.0587221419307,0.102333954413,-0.0792190166426,-0.0175126962544,0.102084668289,0.420836740886,0.538455602154,0.209838008154,0.796164083862,0.750312262965,0.586185593693,0.18403726872,0.177263600386,0.109937949033,0.0460640030539
6120576400,-0.31656827604,-0.306874622375,-0.260372797625,-0.112998067783,-0.0472949650785,0.0728230295085,-0.000899118119354,0.0814935066728,-0.138272209928,-0.11046328595,0.391051530247,-0.0388012276422,0.0622661361149,0.315386470918,-0.026511927003,0.261097922248,0.10555861043,0.0458747263891,1.0,0.292777504244,0.422819756377,-0.0500861193668,0.704575839348,-0.042558759158,0.444228457027,0.08404917057,0.0530296695127,0.44621108888,0.657116916162,0.159075222695,0.695424610044,0.464301015676,0.490470179603,0.0593166866221,0.106618291853,0.290892882975,-0.25040045299,-0.00475552079539,-0.240648939561,0.0232097904194,0.155460715407,0.441058454412,0.704773230659,0.661331547588,0.431509445838,0.435776590551
6120576590,-0.225869918153,-0.158964852516,-0.2458147199,-0.0679298621635,-0.0126880069108,-0.157893597943,-0.0849805730363,-0.184363425837,0.0200958854234,0.234955795001,-0.151328063958,0.225647136846,-0.184912820579,-0.0844340491531,0.158854395723,-0.00783768127945,0.690659185639,-0.226696250047,0.292777504244,1.0,-0.139591556373,0.792254847406,0.0817980454923,0.806196041088,-0.137649174374,-0.169607979648,-0.159529653575,-0.157811992321,0.102942199707,-0.187631543942,0.075888765642,-0.0277291804599,-0.0567309104376,-0.0849950389579,-0.0583974140106,-0.0900560697393,-0.115050577966,-0.164746992044,0.0358776751254,-0.265111997016,-0.187124599713,-0.165493458373,0.0755526555904,0.0210774422002,-0.0607079174379,-0.0192944149632
6120576880,-0.0988292222369,-0.126872615076,-0.10390697865,0.135580557823,0.104930372973,0.426271839085,0.408147668528,0.461134899854,0.0833180560062,-0.166282104386,0.995639413881,-0.156005158013,0.416780367941,0.83559764035,0.0199911910378,0.423244468074,-0.227758164429,0.417992847418,0.422819756377,-0.139591556373,1.0,-0.351099157046,0.322699872191,-0.347603230549,0.992577503063,0.365899558968,0.298953950312,0.968724854691,0.436216544851,0.53508822727,0.543571955478,0.368629165746,0.425627319303,0.0115448459496,0.0733010921515,0.298106028397,-0.0961365292935,0.413761152006,-0.0422675695137,0.375025012482,0.528194397077,0.94350766312,0.561471109398,0.558371593347,0.401931079291,0.337497437844
6120577110,-0.282375371199,-0.184760805052,-0.32873463811,-0.0859778473164,-0.00316300568179,-0.245670266174,-0.152161527865,-0.273379033275,0.02778626614,0.277911574138,-0.356057299379,0.265565966606,-0.263539891545,-0.234066875812,0.168653902352,-0.0933142894111,0.591149655792,-0.35472642322,-0.0500861193668,0.792254847406,-0.351099157046,1.0,0.19803723623,0.999695547413,-0.362856653327,-0.263675101358,-0.243310970682,-0.392348882413,0.130327560362,-0.320181516368,0.0720076157074,-0.0136207632678,-0.0813678991129,-0.0938136569413,-0.0725114518173,-0.154432417849,-0.126182050171,-0.244573730253,0.061155168548,-0.41220042217,-0.318431590383,-0.406119141707,0.0890508286014,0.00660681641139,-0.109499803279,0.00294410783356
6120577210,-0.362589671726,-0.324333765583,-0.32340664762,-0.0926973968507,-0.00409772528695,0.117053059117,-0.0201253961083,0.101387023588,-0.178623829846,-0.18657829019,0.301854483505,-0.111543409784,0.066698285116,0.232894463254,-0.0886595786542,0.16608805531,-0.0207934438444,0.00652356558572,0.704575839348,0.0817980454923,0.322699872191,0.19803723623,1.0,0.188995837012,0.327684298514,0.0706730071375,0.0352432753781,0.331565506623,0.898125735815,0.146617855509,0.870565561574,0.58698553928,0.581720406876,0.0461903387212,0.110806455056,0.283318419714,-0.249764246352,0.00685791665368,-0.283421627656,-0.0402645462513,0.142999395721,0.31956401226,0.911335089398,0.813067962594,0.443285071685,0.558450150172
6120577350,-0.280988423182,-0.183226625124,-0.327828185681,-0.0844809146757,-0.00211049978572,-0.244940391867,-0.150443431166,-0.271973288903,0.0304818054796,0.283474848922,-0.35296569136,0.270536986868,-0.261968285206,-0.231693247615,0.172938317499,-0.0911104649456,0.602670498198,-0.353338055317,-0.042558759158,0.806196041088,-0.347603230549,0.999695547413,0.188995837012,1.0,-0.358884544182,-0.261899633574,-0.241738695644,-0.388376009081,0.123961874015,-0.318405987548,0.0680390262955,-0.0157178858884,-0.0827376879449,-0.0950793089439,-0.0732815739649,-0.154855258206,-0.124783069884,-0.242996361626,0.0646500599506,-0.41057040779,-0.316671755339,-0.401928107485,0.0857497666392,0.00453398059624,-0.110981235792,0.000750740264879
6120577660,-0.0735628128208,-0.0976310916367,-0.0881731619106,0.165721370694,0.134277879352,0.46468332046,0.411925347548,0.491661695024,0.0936197565966,-0.138909624472,0.980079403023,-0.138772679071,0.443223728913,0.808729946166,0.0287891001453,0.425618934127,-0.216936517132,0.447719378756,0.444228457027,-0.137649174374,0.992577503063,-0.362856653327,0.327684298514,-0.358884544182,1.0,0.379274176851,0.315714611484,0.986947942915,0.457298110692,0.557617507762,0.556383047596,0.364590185093,0.422591157163,0.00467205600325,0.0644745407782,0.296015300175,-0.0656608866867,0.443663176894,-0.0176490926139,0.409884175773,0.55033048289,0.966493024936,0.570651246349,0.564614644767,0.407826289015,0.333651023237
6120578320,0.296780966502,0.468892020467,0.336287650297,0.573506834549,0.659190080528,0.707501060355,0.266766816072,0.833567964164,0.0929213497489,-0.114035719818,0.348853201175,-0.114652255522,0.892025457823,0.142386274832,-0.107713607065,0.0518384527482,-0.293185002667,0.566697959042,0.08404917057,-0.169607979648,0.365899558968,-0.263675101358,0.0706730071375,-0.261899633574,0.379274176851,1.0,0.899664518169,0.442917827204,-0.00514150376285,0.864696810392,0.125386900324,0.146049046728,0.177393360751,-0.0997849399712,-0.0273214318612,0.0725992979398,0.540408843274,0.666912596599,0.337015876032,0.788800789784,0.86749956522,0.473989721536,0.20210236387,0.220579500099,0.0586094280428,0.127278467381
6120578330,0.295851626849,0.443827941028,0.309837699816,0.52117269921,0.581812016836,0.605314355796,0.235122384979,0.747417101426,0.0893042018845,-0.0968369237091,0.285504360686,-0.102729961847,0.841246531621,0.109872743435,-0.100214101055,0.0339249925961,-0.26381574949,0.823625864293,0.0530296695127,-0.159529653575,0.298953950312,-0.243310970682,0.0352432753781,-0.241738695644,0.315714611484,0.899664518169,1.0,0.376061350477,-0.0257512415413,0.645993759369,0.0763544287631,0.091519054282,0.116722085098,-0.102641974444,-0.040669013027,0.0352785981098,0.49988223216,0.593498022169,0.324190333722,0.564092947457,0.645926722112,0.412615263977,0.141391670413,0.154714605803,0.0176657977899,0.077283009998
6120578800,-0.0199391226151,-0.0274601149402,-0.0430934977598,0.238478321208,0.214985694875,0.566100234931,0.400807500592,0.579104253133,0.0742913730966,-0.192936861502,0.959500599076,-0.172609644619,0.525564407282,0.743877988023,-0.00394661869143,0.384042193385,-0.267567929239,0.531682314124,0.44621108888,-0.157811992321,0.968724854691,-0.392348882413,0.331565506623,-0.388376009081,0.986947942915,0.442917827204,0.376061350477,1.0,0.473031266718,0.637107080907,0.578297384768,0.374683667748,0.436696005852,0.00386224808108,0.0659817345058,0.310945129963,0.0114103165684,0.511976170497,0.00366530169755,0.494273725462,0.629300205308,0.994225625938,0.589958907761,0.583969589349,0.427456285934,0.342518868369
6120580600,-0.42389553147,-0.421571693644,-0.367947982845,-0.172299876902,-0.0666603171133,0.161465455244,-0.0793087389765,0.0571399371297,-0.269834422652,-0.370138136181,0.421448015059,-0.257217947241,-0.015283737083,0.339074441691,-0.0995608500923,0.164122452255,-0.102023231032,0.076876631084,0.657116916162,0.102942199707,0.436216544851,0.130327560362,0.898125735815,0.123961874015,0.457298110692,-0.00514150376285,-0.0257512415413,0.473031266718,1.0,0.175486230715,0.95754730388,0.445082552979,0.458842022142,0.0732163801674,0.083018436321,0.319732611242,-0.347263566667,-0.0637714771718,-0.44897695744,0.031562553196,0.170211444757,0.470628668841,0.874597193021,0.740823485427,0.61927628531,0.424792484358
6120580800,0.244006506652,0.394328838179,0.283838783859,0.544484127855,0.65337326818,0.848909754323,0.262146034247,0.852247979068,0.0448464235775,-0.215313719394,0.513538154356,-0.18309841316,0.839498617797,0.249702342728,-0.115109373737,0.0853145553925,-0.355658473417,0.753555063139,0.159075222695,-0.187631543942,0.53508822727,-0.320181516368,0.146617855509,-0.318405987548,0.557617507762,0.864696810392,0.645993759369,0.637107080907,0.175486230715,1.0,0.314243020463,0.247067808108,0.299483825154,-0.0383271564088,0.0340741288329,0.207131111835,0.474228064857,0.677709366658,0.232009469562,0.826702000089,0.999887088806,0.673672278468,0.358517707192,0.372337293605,0.243520987649,0.22098155254
6120584080,-0.376162477342,-0.356824598237,-0.335442299872,-0.072605113012,0.0230333193435,0.284580632068,-0.0023950964777,0.202765501589,-0.231931102172,-0.372464961937,0.524246696282,-0.266379525638,0.130373835223,0.399939600968,-0.104427168619,0.206515977563,-0.143494524447,0.175938594903,0.695424610044,0.075888765642,0.543571955478,0.0720076157074,0.870565561574,0.0680390262955,0.556383047596,0.125386900324,0.0763544287631,0.578297384768,0.95754730388,0.314243020463,1.0,0.503409470257,0.530741556085,0.0330197618028,0.106425943996,0.368175157907,-0.274981368594,0.0712818369588,-0.378271813237,0.115043168371,0.308504906625,0.572143130977,0.961961657207,0.810601190603,0.676603337459,0.473180999423
6120592090,-0.400105689994,-0.324000283444,-0.388501869309,0.0085202513431,0.124712085546,0.299620614448,0.0194676361136,0.24913122403,-0.201783571513,-0.327127669486,0.358360993908,-0.223020698869,0.182643260762,0.273710157353,-0.137516357662,0.157967676313,-0.241987172599,0.0587221419307,0.464301015676,-0.0277291804599,0.368629165746,-0.0136207632678,0.58698553928,-0.0157178858884,0.364590185093,0.146049046728,0.091519054282,0.374683667748,0.445082552979,0.247067808108,0.503409470257,1.0,0.925529428981,0.346368767947,0.447612908438,0.58465361655,-0.214931973328,0.129669558503,-0.295627342211,-0.000593189497279,0.242636872427,0.362063809065,0.649657548679,0.866857641968,0.490281258639,0.989657800098
6120592510,-0.408091722046,-0.329937840381,-0.398014255765,0.0221985139606,0.143641071696,0.348163098014,0.0301140593281,0.290182089271,-0.212359169203,-0.360808293978,0.413960867311,-0.248065239688,0.217388687448,0.311780254394,-0.146261907515,0.172800026444,-0.283797477332,0.102333954413,0.490470179603,-0.0567309104376,0.425627319303,-0.0813678991129,0.581720406876,-0.0827376879449,0.422591157163,0.177393360751,0.116722085098,0.436696005852,0.458842022142,0.299483825154,0.530741556085,0.925529428981,1.0,0.50830543632,0.63991739082,0.797407787996,-0.215424145027,0.157888289294,-0.311273326444,0.0378084944012,0.294501934552,0.425439752324,0.668796609107,0.81248347787,0.470653544937,0.864033220967
6120593780,-0.289220662331,-0.268689047062,-0.261654569695,-0.117367655001,-0.0400480406577,0.0263166374563,-0.109851145086,-0.047699051307,-0.187387570196,-0.264689392346,0.0181987552212,-0.18568273188,-0.0918179560827,0.0312623227444,-0.114570814952,-0.0186204347047,-0.212965841201,-0.0792190166426,0.0593166866221,-0.0849950389579,0.0115448459496,-0.0938136569413,0.0461903387212,-0.0950793089439,0.00467205600325,-0.0997849399712,-0.102641974444,0.00386224808108,0.0732163801674,-0.0383271564088,0.0330197618028,0.346368767947,0.50830543632,1.0,0.710605789394,0.401570414335,-0.214299733184,-0.103904281746,-0.279911698711,-0.11852815696,-0.0396711679411,-0.00600022262695,0.0566887503246,0.122230502513,0.121388458077,0.278032180135
6120597290,-0.225076704637,-0.203250896014,-0.207137491963,-0.0619985795148,-0.00165207215351,0.073706073491,-0.0567406494151,0.0208849960299,-0.139301130599,-0.21174607294,0.0756344032821,-0.149078476424,-0.0164242060659,0.06607537577,-0.087764039367,0.0148603200906,-0.168738952778,-0.0175126962544,0.106618291853,-0.0583974140106,0.0733010921515,-0.0725114518173,0.110806455056,-0.0732815739649,0.0644745407782,-0.0273214318612,-0.040669013027,0.0659817345058,0.083018436321,0.0340741288329,0.106425943996,0.447612908438,0.63991739082,0.710605789394,1.0,0.935422924569,-0.155414450571,-0.0315793823044,-0.207478556313,-0.0621775017133,0.0324534608053,0.0580272047568,0.155067828124,0.226035639348,0.190468794727,0.370016071984
6120597480,-0.31303587618,-0.275584766883,-0.290206087443,-0.0285384544618,0.0630999769764,0.244263050656,-0.0226200113805,0.163732262083,-0.197730420261,-0.341934345221,0.293699337892,-0.24349573382,0.0993914303497,0.221945436428,-0.126219152934,0.0907296421036,-0.270835305867,0.102084668289,0.290892882975,-0.0900560697393,0.298106028397,-0.154432417849,0.283318419714,-0.154855258206,0.296015300175,0.0725992979398,0.0352785981098,0.310945129963,0.319732611242,0.207131111835,0.368175157907,0.58465361655,0.797407787996,0.401570414335,0.935422924569,1.0,-0.196860881302,0.0616842516579,-0.2966206712,0.0414983013171,0.203282180666,0.305588548611,0.384374690521,0.446493382319,0.466000043825,0.49348563111
6121188510,0.768759411107,0.97507895946,0.878608798972,0.666744136087,0.859300588128,0.748025544497,0.111644171347,0.692496053214,0.207459808771,0.128838884499,-0.114558690236,0.0648457100282,0.700038135107,-0.245838531887,-0.0325624233946,-0.151834113118,-0.102264715244,0.420836740886,-0.25040045299,-0.115050577966,-0.0961365292935,-0.126182050171,-0.249764246352,-0.124783069884,-0.0656608866867,0.540408843274,0.49988223216,0.0114103165684,-0.347263566667,0.474228064857,-0.274981368594,-0.214931973328,-0.215424145027,-0.214299733184,-0.155414450571,-0.196860881302,1.0,0.550360082506,0.621964437724,0.478481077987,0.474326739371,0.0743227141042,-0.217430021159,-0.21474340476,-0.274070214608,-0.208565640197
6121188950,0.504764701041,0.525305663232,0.276902452744,0.822818254644,0.584094538833,0.736819737575,0.403323630541,0.877050932011,0.098729631494,0.0376645993568,0.392183325672,0.020644715677,0.850238790525,0.0929127816363,-0.0982552423581,0.0288621395692,-0.246153126478,0.538455602154,-0.00475552079539,-0.164746992044,0.413761152006,-0.244573730253,0.00685791665368,-0.242996361626,0.443663176894,0.666912596599,0.593498022169,0.511976170497,-0.0637714771718,0.677709366658,0.0712818369588,0.129669558503,0.157888289294,-0.103904281746,-0.0315793823044,0.0616842516579,0.550360082506,1.0,0.571884370566,0.539737510165,0.673762010804,0.553680166127,0.161413700601,0.18793994741,0.0389220561032,0.11265847631
6121189430,0.544305618226,0.635197855512,0.26686978149,0.639498082258,0.509866410144,0.256875380551,0.153765547739,0.406293628702,0.590060134606,0.538426775842,-0.0573724948664,0.378975909898,0.44861214609,-0.178001651448,0.14864450733,-0.0865076671981,0.217077655614,0.209838008154,-0.240648939561,0.0358776751254,-0.0422675695137,0.061155168548,-0.283421627656,0.0646500599506,-0.0176490926139,0.337015876032,0.324190333722,0.00366530169755,-0.44897695744,0.232009469562,-0.378271813237,-0.295627342211,-0.311273326444,-0.279911698711,-0.207478556313,-0.2966206712,0.621964437724,0.571884370566,1.0,0.204340607222,0.232688124865,0.0371851246741,-0.302221971228,-0.306791964652,-0.385586356998,-0.283238296805
6121193530,0.294543933115,0.424516320876,0.36558275878,0.474346254485,0.568881621183,0.684997595806,0.175140675702,0.685604844192,0.00770599754521,-0.249221236737,0.364275227158,-0.215360544199,0.713251285835,0.156306268729,-0.152055230981,0.00791681634706,-0.414106854372,0.796164083862,0.0232097904194,-0.265111997016,0.375025012482,-0.41220042217,-0.0402645462513,-0.41057040779,0.409884175773,0.788800789784,0.564092947457,0.494273725462,0.031562553196,0.826702000089,0.115043168371,-0.000593189497279,0.0378084944012,-0.11852815696,-0.0621775017133,0.0414983013171,0.478481077987,0.539737510165,0.204340607222,1.0,0.832664562949,0.555187850597,0.122972323658,0.114706689453,0.0452709243332,-0.0100484874162
6121194080,0.244633665133,0.394961592042,0.28454943987,0.542495398007,0.651190366585,0.843152451351,0.259834173741,0.848074359776,0.0448255691876,-0.213887197507,0.506869406265,-0.182150818349,0.836761837873,0.245263239534,-0.115072778915,0.0830101371033,-0.354148228923,0.750312262965,0.155460715407,-0.187124599713,0.528194397077,-0.318431590383,0.142999395721,-0.316671755339,0.55033048289,0.86749956522,0.645926722112,0.629300205308,0.170211444757,0.999887088806,0.308504906625,0.242636872427,0.294501934552,-0.0396711679411,0.0324534608053,0.203282180666,0.474326739371,0.673762010804,0.232688124865,0.832664562949,1.0,0.665415367568,0.352754395175,0.366489064092,0.238676378658,0.216879246979
6121194120,0.0242975780365,0.0314330169734,-0.00469185536846,0.291297192927,0.275275834753,0.627116137146,0.390077988646,0.631470495339,0.0718328775235,-0.196282265252,0.929184874375,-0.174421548661,0.578081715388,0.690866699965,-0.016254106267,0.355814497345,-0.279389533295,0.586185593693,0.441058454412,-0.165493458373,0.94350766312,-0.406119141707,0.31956401226,-0.401928107485,0.966493024936,0.473989721536,0.412615263977,0.994225625938,0.470628668841,0.673672278468,0.572143130977,0.362063809065,0.425439752324,-0.00600022262695,0.0580272047568,0.305588548611,0.0743227141042,0.553680166127,0.0371851246741,0.555187850597,0.665415367568,1.0,0.581594726019,0.575105947703,0.422657836995,0.330263595361
6121196080,-0.352523080691,-0.308758950438,-0.328293689499,0.00216632624283,0.0955166599511,0.341439429849,0.0555576117201,0.291096014056,-0.188727939499,-0.320837287621,0.540897268512,-0.224430004718,0.223860766789,0.407482353511,-0.0965408636734,0.236319063776,-0.138132545572,0.18403726872,0.704773230659,0.0755526555904,0.561471109398,0.0890508286014,0.911335089398,0.0857497666392,0.570651246349,0.20210236387,0.141391670413,0.589958907761,0.874597193021,0.358517707192,0.961961657207,0.649657548679,0.668796609107,0.0566887503246,0.155067828124,0.384374690521,-0.217430021159,0.161413700601,-0.302221971228,0.122972323658,0.352754395175,0.581594726019,1.0,0.908790707011,0.559776347366,0.616982137842
6121196680,-0.380294325053,-0.319562493872,-0.363303406182,0.0247977036325,0.131330683332,0.378194947273,0.0621789515711,0.325451831727,-0.197979905895,-0.345253110559,0.539315595501,-0.239539514314,0.253095832407,0.404896668092,-0.116671588661,0.233714701321,-0.204325008437,0.177263600386,0.661331547588,0.0210774422002,0.558371593347,0.00660681641139,0.813067962594,0.00453398059624,0.564614644767,0.220579500099,0.154714605803,0.583969589349,0.740823485427,0.372337293605,0.810601190603,0.866857641968,0.81248347787,0.122230502513,0.226035639348,0.446493382319,-0.21474340476,0.18793994741,-0.306791964652,0.114706689453,0.366489064092,0.575105947703,0.908790707011,1.0,0.661438305991,0.864740240084
6121197960,-0.403094914459,-0.366667748391,-0.36975513664,-0.0709085354753,0.0407144618933,0.267363524075,-0.0385997255613,0.160182749016,-0.248352146947,-0.398889796035,0.391583962918,-0.2814671529,0.0822877819413,0.298508570441,-0.141872815989,0.130498624738,-0.269439929662,0.109937949033,0.431509445838,-0.0607079174379,0.401931079291,-0.109499803279,0.443285071685,-0.110981235792,0.407826289015,0.0586094280428,0.0176657977899,0.427456285934,0.61927628531,0.243520987649,0.676603337459,0.490281258639,0.470653544937,0.121388458077,0.190468794727,0.466000043825,-0.274070214608,0.0389220561032,-0.385586356998,0.0452709243332,0.238676378658,0.422657836995,0.559776347366,0.661438305991,1.0,0.564628117924
6121198670,-0.381479545772,-0.310913743419,-0.368039560954,0.0010258705158,0.110671170642,0.272149908123,0.0130464255702,0.22358041968,-0.192798373596,-0.308306037326,0.32824968051,-0.21023865409,0.161032862349,0.252153178725,-0.129810955873,0.145671166282,-0.22153515006,0.0460640030539,0.435776590551,-0.0192944149632,0.337497437844,0.00294410783356,0.558450150172,0.000750740264879,0.333651023237,0.127278467381,0.077283009998,0.342518868369,0.424792484358,0.22098155254,0.473180999423,0.989657800098,0.864033220967,0.278032180135,0.370016071984,0.49348563111,-0.208565640197,0.11265847631,-0.283238296805,-0.0100484874162,0.216879246979,0.330263595361,0.616982137842,0.864740240084,0.564628117924,1.0
