,6120567450,6120567510,6120568330,6120568410,6120568770,6120568880,6120570650,6120571140,6120571570,6120571880,6120573210,6120573300,6120573940,6120574120,6120574370,6120574620,6120574640,6120575370,6120576400,6120576590,6120576880,6120577110,6120577210,6120577350,6120577660,6120578320,6120578330,6120578800,6120580600,6120580800,6120584080,6120592090,6120592510,6120593780,6120597290,6120597480,6121188510,6121188950,6121189430,6121193530,6121194080,6121194120,6121196080,6121196680,6121197960,6121198670
6120567450,0.0,0.145466066278,0.338557288288,0.314821896997,0.55777500531,0.585624760822,0.672075868676,0.5510586385,0.652045496898,0.660353195254,0.666787526211,0.671477810909,0.558400859609,0.640534541126,0.672883230935,0.65551128367,0.665969836865,0.623672731346,0.60688869884,0.640072047908,0.667894444243,0.620701841286,0.585807218554,0.621228852246,0.670832305321,0.615074573882,0.615446049685,0.674214104605,0.5532862798,0.634324140216,0.579044225887,0.566508060012,0.562154755627,0.618062766728,0.640313308159,0.608388756567,0.275869291995,0.50263267452,0.474654339332,0.615966788146,0.634117441872,0.674084061939,0.590662646103,0.576936088217,0.564888663928,0.576327118303
6120567510,0.145466066278,0.0,0.177770484165,0.406105405853,0.30773880564,0.403000770902,0.667778769083,0.421451029192,0.640912039282,0.656552529516,0.660948454213,0.669594189095,0.416903792219,0.626868116377,0.6737929273,0.654848653101,0.668349433512,0.579080008404,0.610964891582,0.657438209413,0.663625345696,0.651457756841,0.603531855882,0.651838541822,0.668053207326,0.526190772658,0.541620556324,0.673973658896,0.554611454462,0.569603482039,0.588604617621,0.603677684224,0.601058807993,0.625788817667,0.646618770455,0.623257378021,0.0331987065903,0.488361549669,0.402344641322,0.552931040051,0.56926662768,0.673815845802,0.61018245465,0.605604002977,0.583801330128,0.609281841174
6120568330,0.338557288288,0.177770484165,0.0,0.602424078577,0.138480255349,0.433653406977,0.674410470961,0.524165950469,0.673301821282,0.67421223108,0.666931835294,0.673201186775,0.519289513146,0.655145366633,0.667785635503,0.660341506547,0.642405278431,0.618261582491,0.628756411629,0.633726750451,0.667200101825,0.601593346123,0.603936903908,0.601994759495,0.669238490896,0.598205474725,0.609732365388,0.673229710607,0.583166992805,0.62014296194,0.598588477585,0.572680153202,0.567633916165,0.628305101994,0.645542961916,0.617677649723,0.153813371012,0.622766351837,0.626445981742,0.58433719562,0.619870519328,0.67446740986,0.601788754242,0.585457772736,0.58226781151,0.583121532466
6120568410,0.314821896997,0.406105405853,0.602424078577,0.0,0.393183418357,0.385656333802,0.650308653906,0.262403019862,0.653049964169,0.670749745183,0.66593422682,0.672542193593,0.284925093717,0.670026031816,0.673967949578,0.671842164574,0.658556545582,0.530147646776,0.665870088164,0.671369882017,0.662083865596,0.669496356425,0.668686561457,0.669668460883,0.65595856506,0.452638238025,0.491278724163,0.636123163542,0.65445873581,0.474523247329,0.670926722716,0.674433293754,0.674149890245,0.66519115222,0.671889666583,0.673932929968,0.374642692275,0.21783761555,0.398647479261,0.522720802714,0.475981281445,0.617249703263,0.674479092255,0.674067500832,0.671090947027,0.674481547747
6120568770,0.55777500531,0.30773880564,0.138480255349,0.393183418357,0.0,0.174617270689,0.658011897196,0.231871128761,0.658663521023,0.674084584151,0.670010769448,0.674476615685,0.2259927887,0.670333623629,0.673893112538,0.672570878939,0.664816990137,0.500045358943,0.672973566411,0.674373675703,0.667055949481,0.674475509651,0.67447093211,0.674479253294,0.662320972263,0.381398428472,0.446166490612,0.643308463963,0.671485129651,0.386548056461,0.674124421944,0.663991964692,0.660565828736,0.673400492205,0.674480416686,0.671796734238,0.176446244278,0.444371553464,0.499141316413,0.456202060872,0.388468802545,0.623372160426,0.668328664346,0.662848957311,0.673364190324,0.666221126037
6120568880,0.585624760822,0.403000770902,0.433653406977,0.385656333802,0.174617270689,0.0,0.645411786743,0.0804099619186,0.673988018777,0.647783994771,0.567359730222,0.658622222869,0.161122087727,0.665342788498,0.666022016583,0.674412191935,0.595242198418,0.364528905517,0.67090534757,0.657667153016,0.551923650816,0.633774636558,0.665240893797,0.634016157939,0.528840906893,0.336864936039,0.427348269435,0.458331281929,0.656897767755,0.188418122087,0.619858545637,0.613932290611,0.592723175641,0.6740151345,0.670818075202,0.634239652797,0.297080961047,0.308303596827,0.629976572028,0.358000541836,0.194988735853,0.409225484157,0.595850519576,0.578010103765,0.626268071039,0.624526343037
6120570650,0.672075868676,0.667778769083,0.674410470961,0.650308653906,0.658011897196,0.645411786743,0.0,0.601930445617,0.283055258054,0.626229647595,0.557507628365,0.655134381654,0.596399256947,0.655770646377,0.674452589047,0.670275867831,0.67447716674,0.648739992149,0.674481712319,0.669611350548,0.562123954907,0.658865881808,0.674209070973,0.659216548223,0.560034427336,0.626483041922,0.637195167948,0.566128940708,0.670239847762,0.628131470412,0.674478388421,0.67422663632,0.673870598913,0.666343095317,0.672310761077,0.674137148673,0.666075226767,0.564764261821,0.658534904522,0.65379301595,0.628945398792,0.571852472572,0.67240036812,0.671874559424,0.673477320285,0.67436745448
6120571140,0.5510586385,0.421451029192,0.524165950469,0.262403019862,0.231871128761,0.0804099619186,0.601930445617,0.0,0.666414872963,0.667084000399,0.546839378851,0.668261082363,0.0294014452209,0.659750682187,0.665293949043,0.672820538701,0.600578677308,0.387168124185,0.670002891656,0.651556691448,0.531056710914,0.624074086938,0.667549032851,0.624591162545,0.511438836999,0.205828006575,0.297694666865,0.448286716778,0.672280091614,0.184587840648,0.646751696135,0.632619594389,0.617687044084,0.672947675887,0.674188059845,0.656400566138,0.351033762354,0.155658136838,0.563142427569,0.35743917287,0.189374302719,0.405529094075,0.617328729117,0.603041842312,0.65717604575,0.64076610085
6120571570,0.652045496898,0.640912039282,0.673301821282,0.653049964169,0.658663521023,0.673988018777,0.283055258054,0.666414872963,0.0,0.489930122797,0.669231265803,0.591250108829,0.662227267484,0.673621591085,0.659214682827,0.674178512465,0.637220225668,0.673982097193,0.661586693677,0.674209871555,0.669800070237,0.673961505621,0.652961907916,0.673855568821,0.668570650708,0.668658523326,0.66910309938,0.670759649629,0.625372789161,0.673125737711,0.638200483594,0.647019626726,0.644065524605,0.650798419151,0.661394060904,0.64811180953,0.645452829719,0.667907714703,0.439647120802,0.674442205205,0.67312699903,0.671001954563,0.650458389926,0.648045221915,0.632881008802,0.649410934012
6120571880,0.660353195254,0.656552529516,0.67421223108,0.670749745183,0.674084584151,0.647783994771,0.626229647595,0.667084000399,0.489930122797,0.0,0.654754269311,0.0975314282831,0.672167016371,0.66962424545,0.447423695293,0.647097983496,0.271734741367,0.645918069687,0.666252132302,0.637247986866,0.655832999711,0.622388726282,0.651002546548,0.620282219089,0.661467526332,0.665711192236,0.668157374541,0.649374903396,0.582076677548,0.643213261629,0.580911234249,0.6023042168,0.58667638677,0.627227710625,0.644240901687,0.595622401457,0.663286217566,0.67352542218,0.478947562627,0.632589338428,0.643626223173,0.648496663335,0.605053370744,0.594084167839,0.567163315333,0.610370956809
6120573210,0.666787526211,0.660948454213,0.666931835294,0.66593422682,0.670010769448,0.567359730222,0.557507628365,0.546839378851,0.669231265803,0.654754269311,0.0,0.658269019276,0.570852235314,0.187662610639,0.674334222295,0.560602278719,0.634375887618,0.565317801231,0.57133955439,0.65903649049,0.00586945085425,0.588973555009,0.613026045047,0.590452034392,0.0266045235243,0.592398740805,0.619503360703,0.0535259679376,0.554681778332,0.496606828068,0.48911119708,0.587863491089,0.558900550011,0.674258872636,0.67062383936,0.616301889451,0.665630559154,0.570741651751,0.672262129644,0.584980862399,0.501196572569,0.0921447101087,0.477149081223,0.478301463522,0.571058497157,0.601808242604
6120573300,0.671477810909,0.669594189095,0.673201186775,0.672542193593,0.674476615685,0.658622222869,0.655134381654,0.668261082363,0.591250108829,0.0975314282831,0.658269019276,0.0,0.671177553798,0.674455641503,0.434811503641,0.627399615694,0.321867216096,0.652172617413,0.673466800754,0.640139893781,0.658066971897,0.626914205742,0.666090395016,0.62511672493,0.661493175081,0.665616094081,0.667364146129,0.654386672888,0.629857788115,0.651870220401,0.626622310689,0.640934702488,0.632977072444,0.651227406423,0.6594922994,0.634492088255,0.671646082545,0.674194790351,0.577611267473,0.643199659859,0.652103664292,0.653962567063,0.640509377421,0.635781019445,0.621047238321,0.644669945066
6120573940,0.558400859609,0.416903792219,0.519289513146,0.284925093717,0.2259927887,0.161122087727,0.596399256947,0.0294014452209,0.662227267484,0.672167016371,0.570852235314,0.671177553798,0.0,0.663346344813,0.665271491596,0.672785896043,0.61104806384,0.353352655092,0.671867241502,0.651419853547,0.557320726786,0.627637256242,0.671481714505,0.62819430573,0.541982056803,0.137790373351,0.197154045977,0.488178153642,0.674324703502,0.199135538389,0.663017855407,0.651982500248,0.642607682003,0.668796009911,0.674300312925,0.667819279091,0.34394994035,0.186894986066,0.538740775828,0.331354654531,0.202229763492,0.449084808925,0.640681494576,0.631276610107,0.669915149995,0.656991865099
6120574120,0.640534541126,0.626868116377,0.655145366633,0.670026031816,0.670333623629,0.665342788498,0.655770646377,0.659750682187,0.673621591085,0.66962424545,0.187662610639,0.674455641503,0.663346344813,0.0,0.639457028333,0.43390334204,0.672958817238,0.653218240315,0.607392434131,0.669673800278,0.203542951284,0.637529194202,0.637898453906,0.638274862236,0.233341099036,0.660807904611,0.666339894445,0.301254491439,0.59693603621,0.632427438996,0.566597684367,0.623951901507,0.608917909984,0.67382306393,0.671537498204,0.641257412148,0.633718854124,0.668659597269,0.65311156519,0.658003543371,0.633909413636,0.352554036322,0.562489963313,0.563906751464,0.61438091977,0.631597849037
6120574370,0.672883230935,0.6737929273,0.667785635503,0.673967949578,0.673893112538,0.666022016583,0.674452589047,0.665293949043,0.659214682827,0.447423695293,0.674334222295,0.434811503641,0.665271491596,0.639457028333,0.0,0.302907542878,0.372543127537,0.662957020536,0.674008175957,0.657461887312,0.674212702284,0.655297190641,0.669180475706,0.654310070425,0.673923238397,0.666656765267,0.667708522613,0.674471751979,0.667796544692,0.665545254406,0.667127005935,0.661727293155,0.660053365135,0.665628685355,0.669287040045,0.663736895543,0.673767096341,0.667970743373,0.659579444244,0.658887692739,0.66555093589,0.674304062085,0.668195989618,0.665301029993,0.660906348901,0.663116635118
6120574620,0.65551128367,0.654848653101,0.660341506547,0.671842164574,0.672570878939,0.674412191935,0.670275867831,0.672820538701,0.674178512465,0.647097983496,0.560602278719,0.627399615694,0.672785896043,0.43390334204,0.302907542878,0.0,0.62889743857,0.674018409774,0.628501368804,0.674440824642,0.553658284989,0.66860916514,0.655876501201,0.668883301565,0.55229880035,0.672669771871,0.673705992494,0.575003944331,0.656314282532,0.669572988986,0.64571636563,0.657651371151,0.654342319121,0.674248400694,0.674333312261,0.668930008696,0.658933014818,0.673920398278,0.669434718018,0.674439983742,0.669834614246,0.589090135167,0.63681464935,0.637640308908,0.662995898212,0.660169684257
6120574640,0.665969836865,0.668349433512,0.642405278431,0.658556545582,0.664816990137,0.595242198418,0.67447716674,0.600578677308,0.637220225668,0.271734741367,0.634375887618,0.321867216096,0.61104806384,0.672958817238,0.372543127537,0.62889743857,0.0,0.588157255647,0.666966757927,0.352747401222,0.639494312348,0.438779093775,0.674190633502,0.429502390356,0.642740142876,0.616505485488,0.627539135771,0.626194321293,0.667461747348,0.589165007289,0.660594210228,0.634986066033,0.620158776582,0.643891486077,0.655277836099,0.625007794938,0.667428473578,0.633614459167,0.642698826722,0.558819013757,0.589888039902,0.621833176644,0.661612731317,0.646323494033,0.625516278484,0.64138013692
6120575370,0.623672731346,0.579080008404,0.618261582491,0.530147646776,0.500045358943,0.364528905517,0.648739992149,0.387168124185,0.673982097193,0.645918069687,0.565317801231,0.652172617413,0.353352655092,0.653218240315,0.662957020536,0.674018409774,0.588157255647,0.0,0.673062816062,0.639819811873,0.556638052678,0.589611591692,0.6744535537,0.590274644171,0.539280506989,0.457874589458,0.216940767178,0.483815510029,0.670496056371,0.291480722747,0.653604071286,0.672156447187,0.667418918699,0.670249441247,0.67427539756,0.667453289456,0.555029046933,0.47892662498,0.644783461784,0.246943300029,0.294769998179,0.44272101447,0.651637734881,0.653288417066,0.666330227167,0.673051078818
6120576400,0.60688869884,0.610964891582,0.628756411629,0.665870088164,0.672973566411,0.67090534757,0.674481712319,0.670002891656,0.661586693677,0.666252132302,0.57133955439,0.673466800754,0.671867241502,0.607392434131,0.674008175957,0.628501368804,0.666966757927,0.673062816062,0.0,0.61666653755,0.553900648973,0.672790238335,0.339650977415,0.673260602952,0.541380655938,0.669717537473,0.672585515099,0.540189915649,0.383239037108,0.657414533642,0.348292258709,0.529080452744,0.512228133183,0.672109112455,0.666815107389,0.617408466433,0.6321919591,0.674467004178,0.635421700358,0.674118917784,0.658181347422,0.543273497197,0.339463340996,0.379491091413,0.548893390179,0.546397242617
6120576590,0.640072047908,0.657438209413,0.633726750451,0.671369882017,0.674373675703,0.657667153016,0.669611350548,0.651556691448,0.674209871555,0.637247986866,0.65903649049,0.640139893781,0.651419853547,0.669673800278,0.657461887312,0.674440824642,0.352747401222,0.639819811873,0.61666653755,0.0,0.661339429444,0.25113150111,0.669969350586,0.236101127081,0.661702643134,0.655079516344,0.657316879474,0.657684529939,0.667334704022,0.65073670752,0.670597843606,0.673963643147,0.672311506445,0.669609692095,0.67218209909,0.669012141925,0.665554381791,0.656175749236,0.67361405891,0.627076696381,0.650864845972,0.656009480337,0.670632175416,0.674182613056,0.671996486107,0.674231165069
6120576880,0.667894444243,0.663625345696,0.667200101825,0.662083865596,0.667055949481,0.551923650816,0.562123954907,0.531056710914,0.669800070237,0.655832999711,0.00586945085425,0.658066971897,0.557320726786,0.203542951284,0.674212702284,0.553658284989,0.639494312348,0.556638052678,0.553900648973,0.661339429444,0.0,0.591338412805,0.604244907723,0.592985911389,0.00997552541977,0.584180895327,0.614201441538,0.0415293267186,0.546138486179,0.481364894884,0.475192667398,0.582828575542,0.552293985996,0.674392360245,0.670858230611,0.614542905088,0.668248535897,0.559012047833,0.673277263034,0.579620536829,0.486308910441,0.0740536258594,0.461851856263,0.464192964235,0.565520598201,0.597655679409
6120577110,0.620701841286,0.651457756841,0.601593346123,0.669496356425,0.674475509651,0.633774636558,0.658865881808,0.624074086938,0.673961505621,0.622388726282,0.588973555009,0.626914205742,0.627637256242,0.637529194202,0.655297190641,0.66860916514,0.438779093775,0.589611591692,0.672790238335,0.25113150111,0.591338412805,0.0,0.648029908608,0.000410633218109,0.585676584277,0.627589176017,0.634552753842,0.570654046896,0.663025992308,0.605336897256,0.670985001838,0.674357124129,0.670016689286,0.668546137727,0.670935890138,0.658396279525,0.663743211922,0.634137218088,0.671959724531,0.559881524849,0.606090648492,0.563238039114,0.669133579502,0.674452816413,0.666395075748,0.674476411322
6120577210,0.585807218554,0.603531855882,0.603936903908,0.668686561457,0.67447093211,0.665240893797,0.674209070973,0.667549032851,0.652961907916,0.651002546548,0.613026045047,0.666090395016,0.671481714505,0.637898453906,0.669180475706,0.655876501201,0.674190633502,0.6744535537,0.339650977415,0.669969350586,0.604244907723,0.648029908608,0.0,0.650390138217,0.602058376549,0.671113438626,0.673644490951,0.600332588449,0.130424743863,0.659983050384,0.163302678508,0.442088031035,0.446238384457,0.673043217718,0.666200916882,0.620342020725,0.63240658482,0.67445053599,0.620302568858,0.673388764224,0.660689886461,0.605603348431,0.114303398555,0.228595856023,0.541945377846,0.464133789229
6120577350,0.621228852246,0.651838541822,0.601994759495,0.669668460883,0.674479253294,0.634016157939,0.659216548223,0.624591162545,0.673855568821,0.620282219089,0.590452034392,0.62511672493,0.62819430573,0.638274862236,0.654310070425,0.668883301565,0.429502390356,0.590274644171,0.673260602952,0.236101127081,0.592985911389,0.000410633218109,0.650390138217,0.0,0.587610213492,0.628218563072,0.635067135246,0.572746102746,0.664117794801,0.606101645823,0.671359870727,0.674315625431,0.669865072419,0.668384887392,0.670860160323,0.6583080712,0.663980019443,0.634655947396,0.671663171131,0.560786092082,0.606844501883,0.565522209481,0.669522774378,0.674468392261,0.666174771106,0.674481877434
6120577660,0.670832305321,0.668053207326,0.669238490896,0.65595856506,0.662320972263,0.528840906893,0.560034427336,0.511438836999,0.668570650708,0.661467526332,0.0266045235243,0.661493175081,0.541982056803,0.233341099036,0.673923238397,0.55229880035,0.642740142876,0.539280506989,0.541380655938,0.661702643134,0.00997552541977,0.585676584277,0.602058376549,0.587610213492,0.0,0.57745872593,0.60725275569,0.0174918596276,0.533433474305,0.464760575652,0.465688116443,0.58482602694,0.554030999597,0.674467534908,0.671678457492,0.615380710681,0.671574327122,0.541719183643,0.674272162784,0.561165840568,0.470206105665,0.0444424674203,0.454841936347,0.459464262996,0.562300829322,0.599396865639
6120578320,0.615074573882,0.526190772658,0.598205474725,0.452638238025,0.381398428472,0.336864936039,0.626483041922,0.205828006575,0.668658523326,0.665711192236,0.592398740805,0.665616094081,0.137790373351,0.660807904611,0.666656765267,0.672669771871,0.616505485488,0.457874589458,0.669717537473,0.655079516344,0.584180895327,0.627589176017,0.671113438626,0.628218563072,0.57745872593,0.0,0.128558850805,0.542164890204,0.6744644276,0.1701714865,0.663878131989,0.660095332459,0.653257377111,0.667766414643,0.673978783123,0.670927292231,0.47750530039,0.374491157361,0.597874764638,0.25481488735,0.166896927915,0.522948853948,0.646932783258,0.641665110292,0.672165367146,0.663555774333
6120578330,0.615446049685,0.541620556324,0.609732365388,0.491278724163,0.446166490612,0.427348269435,0.637195167948,0.297694666865,0.66910309938,0.668157374541,0.619503360703,0.667364146129,0.197154045977,0.666339894445,0.667708522613,0.673705992494,0.627539135771,0.216940767178,0.672585515099,0.657316879474,0.614201441538,0.634552753842,0.673644490951,0.635067135246,0.60725275569,0.128558850805,0.0,0.579095533777,0.674034990561,0.393015458029,0.670550026833,0.668832971379,0.66529308085,0.66737633412,0.67336668509,0.673642810799,0.505941116149,0.436902693054,0.60359459556,0.459861427634,0.393073872782,0.559650738584,0.660998275069,0.658337439335,0.674271764879,0.670453801928
6120578800,0.674214104605,0.673973658896,0.673229710607,0.636123163542,0.643308463963,0.458331281929,0.566128940708,0.448286716778,0.670759649629,0.649374903396,0.0535259679376,0.654386672888,0.488178153642,0.301254491439,0.674471751979,0.575003944331,0.626194321293,0.483815510029,0.540189915649,0.657684529939,0.0415293267186,0.570654046896,0.600332588449,0.572746102746,0.0174918596276,0.542164890204,0.579095533777,0.0,0.523561065865,0.400706245075,0.448916596042,0.579793142983,0.545856196789,0.674472196354,0.671545838848,0.609268676628,0.674394443143,0.497687238584,0.67447319629,0.509701847341,0.407374638114,0.00776693617743,0.439727687441,0.444469993482,0.551241617334,0.595352555441
6120580600,0.5532862798,0.554611454462,0.583166992805,0.65445873581,0.671485129651,0.656897767755,0.670239847762,0.672280091614,0.625372789161,0.582076677548,0.554681778332,0.629857788115,0.674324703502,0.59693603621,0.667796544692,0.656314282532,0.667461747348,0.670496056371,0.383239037108,0.667334704022,0.546138486179,0.663025992308,0.130424743863,0.664117794801,0.533433474305,0.6744644276,0.674034990561,0.523561065865,0.0,0.653711295083,0.0560516075298,0.540868348263,0.532479460132,0.67086660214,0.669833684872,0.605530649523,0.59314510347,0.671739272257,0.538519916146,0.673810341886,0.65494120083,0.525090275888,0.158557120465,0.304313285005,0.415816209067,0.552772841535
6120580800,0.634324140216,0.569603482039,0.62014296194,0.474523247329,0.386548056461,0.188418122087,0.628131470412,0.184587840648,0.673125737711,0.643213261629,0.496606828068,0.651870220401,0.199135538389,0.632427438996,0.665545254406,0.669572988986,0.589165007289,0.291480722747,0.657414533642,0.65073670752,0.481364894884,0.605336897256,0.659983050384,0.606101645823,0.464760575652,0.1701714865,0.393015458029,0.400706245075,0.653711295083,0.0,0.607878027719,0.633310173155,0.613987565156,0.673491462758,0.67369915248,0.645544744631,0.52279642003,0.364699311171,0.638175960895,0.213516668549,0.000152304595149,0.368379048195,0.587787716774,0.58097536919,0.634483792772,0.641545368986
6120584080,0.579044225887,0.588604617621,0.598588477585,0.670926722716,0.674124421944,0.619858545637,0.674478388421,0.646751696135,0.638200483594,0.580911234249,0.48911119708,0.626622310689,0.663017855407,0.566597684367,0.667127005935,0.64571636563,0.660594210228,0.653604071286,0.348292258709,0.670597843606,0.475192667398,0.670985001838,0.163302678508,0.671359870727,0.465688116443,0.663878131989,0.670550026833,0.448916596042,0.0560516075298,0.607878027719,0.0,0.503554225478,0.484489644117,0.673746866425,0.66684274673,0.583054199933,0.62348144822,0.671055145591,0.577970884951,0.665555531717,0.610288221605,0.453691999833,0.0503364557949,0.231297306924,0.365709624481,0.523465505946
6120592090,0.566508060012,0.603677684224,0.572680153202,0.674433293754,0.663991964692,0.613932290611,0.67422663632,0.632619594389,0.647019626726,0.6023042168,0.587863491089,0.640934702488,0.651982500248,0.623951901507,0.661727293155,0.657651371151,0.634986066033,0.672156447187,0.529080452744,0.673963643147,0.582828575542,0.674357124129,0.442088031035,0.674315625431,0.58482602694,0.660095332459,0.668832971379,0.579793142983,0.540868348263,0.633310173155,0.503554225478,0.0,0.0967175695431,0.593563728522,0.539344802896,0.443930832559,0.643324041698,0.66314138178,0.615535526263,0.674482020247,0.634773698443,0.586064242299,0.389813695196,0.167647845348,0.512353104296,0.0138791173136
6120592510,0.562154755627,0.601058807993,0.567633916165,0.674149890245,0.660565828736,0.592723175641,0.673870598913,0.617687044084,0.644065524605,0.58667638677,0.558900550011,0.632977072444,0.642607682003,0.608917909984,0.660053365135,0.654342319121,0.620158776582,0.667418918699,0.512228133183,0.672311506445,0.552293985996,0.670016689286,0.446238384457,0.669865072419,0.554030999597,0.653257377111,0.66529308085,0.545856196789,0.532479460132,0.613987565156,0.484489644117,0.0967175695431,0.0,0.500213297776,0.398285639858,0.24560652211,0.643181180217,0.657668283701,0.609130940669,0.673518097165,0.615983474217,0.552401655002,0.372793827581,0.229236688351,0.525074482598,0.170945230267
6120593780,0.618062766728,0.625788817667,0.628305101994,0.66519115222,0.673400492205,0.6740151345,0.666343095317,0.672947675887,0.650798419151,0.627227710625,0.674258872636,0.651227406423,0.668796009911,0.67382306393,0.665628685355,0.674248400694,0.643891486077,0.670249441247,0.672109112455,0.669609692095,0.674392360245,0.668546137727,0.673043217718,0.668384887392,0.674467534908,0.667766414643,0.66737633412,0.674472196354,0.67086660214,0.673491462758,0.673746866425,0.593563728522,0.500213297776,0.0,0.33389530025,0.565716059673,0.643507081018,0.667200479837,0.621636195612,0.665006507609,0.673420756346,0.674457974416,0.672314731675,0.664405293177,0.664543655112,0.622343502145
6120597290,0.640313308159,0.646618770455,0.645542961916,0.671889666583,0.674480416686,0.670818075202,0.672310761077,0.674188059845,0.661394060904,0.644240901687,0.67062383936,0.6594922994,0.674300312925,0.671537498204,0.669287040045,0.674333312261,0.655277836099,0.67427539756,0.666815107389,0.67218209909,0.670858230611,0.670935890138,0.666200916882,0.670860160323,0.671678457492,0.673978783123,0.67336668509,0.671545838848,0.669833684872,0.67369915248,0.66684274673,0.539344802896,0.398285639858,0.33389530025,0.0,0.0842994582346,0.658191048223,0.673809625166,0.645447582872,0.671874681033,0.673771874575,0.672211170267,0.65826363609,0.64002153571,0.650013146235,0.582137614544
6120597480,0.608388756567,0.623257378021,0.617677649723,0.673932929968,0.671796734238,0.634239652797,0.674137148673,0.656400566138,0.64811180953,0.595622401457,0.616301889451,0.634492088255,0.667819279091,0.641257412148,0.663736895543,0.668930008696,0.625007794938,0.667453289456,0.617408466433,0.669012141925,0.614542905088,0.658396279525,0.620342020725,0.6583080712,0.615380710681,0.670927292231,0.673642810799,0.609268676628,0.605530649523,0.645544744631,0.583054199933,0.443930832559,0.24560652211,0.565716059673,0.0842994582346,0.0,0.64834323283,0.671915888403,0.615138730293,0.673320725605,0.646610192224,0.611496162921,0.574831616534,0.540019943007,0.528014360903,0.510226896415
6121188510,0.275869291995,0.0331987065903,0.153813371012,0.374642692275,0.176446244278,0.297080961047,0.666075226767,0.351033762354,0.645452829719,0.663286217566,0.665630559154,0.671646082545,0.34394994035,0.633718854124,0.673767096341,0.658933014818,0.667428473578,0.555029046933,0.6321919591,0.665554381791,0.668248535897,0.663743211922,0.63240658482,0.663980019443,0.671574327122,0.47750530039,0.505941116149,0.674394443143,0.59314510347,0.52279642003,0.62348144822,0.643324041698,0.643181180217,0.643507081018,0.658191048223,0.64834323283,0.0,0.470184131021,0.413565701724,0.520063495829,0.522733289716,0.670756508083,0.642595559756,0.643378690457,0.623818871822,0.645142531449
6121188950,0.50263267452,0.488361549669,0.622766351837,0.21783761555,0.444371553464,0.308303596827,0.564764261821,0.155658136838,0.667907714703,0.67352542218,0.570741651751,0.674194790351,0.186894986066,0.668659597269,0.667970743373,0.673920398278,0.633614459167,0.47892662498,0.674467004178,0.656175749236,0.559012047833,0.634137218088,0.67445053599,0.634655947396,0.541719183643,0.374491157361,0.436902693054,0.497687238584,0.671739272257,0.364699311171,0.671055145591,0.66314138178,0.657668283701,0.667200479837,0.673809625166,0.671915888403,0.470184131021,0.0,0.453891666159,0.477994393113,0.368297497606,0.467711812295,0.656909038688,0.650658583892,0.673460466567,0.665921774439
6121189430,0.474654339332,0.402344641322,0.626445981742,0.398647479261,0.499141316413,0.629976572028,0.658534904522,0.563142427569,0.439647120802,0.478947562627,0.672262129644,0.577611267473,0.538740775828,0.65311156519,0.659579444244,0.669434718018,0.642698826722,0.644783461784,0.635421700358,0.67361405891,0.673277263034,0.671959724531,0.620302568858,0.671663171131,0.674272162784,0.597874764638,0.60359459556,0.67447319629,0.538519916146,0.638175960895,0.577970884951,0.615535526263,0.609130940669,0.621636195612,0.645447582872,0.615138730293,0.413565701724,0.453891666159,0.0,0.64631919442,0.637963249772,0.673549628369,0.612876316271,0.610999104211,0.574202367761,0.620372638288
6121193530,0.615966788146,0.552931040051,0.58433719562,0.522720802714,0.456202060872,0.358000541836,0.65379301595,0.35743917287,0.674442205205,0.632589338428,0.584980862399,0.643199659859,0.331354654531,0.658003543371,0.658887692739,0.674439983742,0.558819013757,0.246943300029,0.674118917784,0.627076696381,0.579620536829,0.559881524849,0.673388764224,0.560786092082,0.561165840568,0.25481488735,0.459861427634,0.509701847341,0.673810341886,0.213516668549,0.665555531717,0.674482020247,0.673518097165,0.665006507609,0.671874681033,0.673320725605,0.520063495829,0.477994393113,0.64631919442,0.0,0.20684328886,0.466584197285,0.66428260712,0.665607673231,0.673099935472,0.67441415369
6121194080,0.634117441872,0.56926662768,0.619870519328,0.475981281445,0.388468802545,0.194988735853,0.628945398792,0.189374302719,0.67312699903,0.643626223173,0.501196572569,0.652103664292,0.202229763492,0.633909413636,0.66555093589,0.669834614246,0.589888039902,0.294769998179,0.658181347422,0.650864845972,0.486308910441,0.606090648492,0.660689886461,0.606844501883,0.470206105665,0.166896927915,0.393073872782,0.407374638114,0.65494120083,0.000152304595149,0.610288221605,0.634773698443,0.615983474217,0.673420756346,0.673771874575,0.646610192224,0.522733289716,0.368297497606,0.637963249772,0.20684328886,0.0,0.37583661464,0.590552610463,0.583889689739,0.636059422241,0.642756900182
6121194120,0.674084061939,0.673815845802,0.67446740986,0.617249703263,0.623372160426,0.409225484157,0.571852472572,0.405529094075,0.671001954563,0.648496663335,0.0921447101087,0.653962567063,0.449084808925,0.352554036322,0.674304062085,0.589090135167,0.621833176644,0.44272101447,0.543273497197,0.656009480337,0.0740536258594,0.563238039114,0.605603348431,0.565522209481,0.0444424674203,0.522948853948,0.559650738584,0.00776693617743,0.525090275888,0.368379048195,0.453691999833,0.586064242299,0.552401655002,0.674457974416,0.672211170267,0.611496162921,0.670756508083,0.467711812295,0.673549628369,0.466584197285,0.37583661464,0.0,0.446336998109,0.451399374773,0.553992985061,0.600913751204
6121196080,0.590662646103,0.61018245465,0.601788754242,0.674479092255,0.668328664346,0.595850519576,0.67240036812,0.617328729117,0.650458389926,0.605053370744,0.477149081223,0.640509377421,0.640681494576,0.562489963313,0.668195989618,0.63681464935,0.661612731317,0.651637734881,0.339463340996,0.670632175416,0.461851856263,0.669133579502,0.114303398555,0.669522774378,0.454841936347,0.646932783258,0.660998275069,0.439727687441,0.158557120465,0.587787716774,0.0503364557949,0.389813695196,0.372793827581,0.672314731675,0.65826363609,0.574831616534,0.642595559756,0.656909038688,0.612876316271,0.66428260712,0.590552610463,0.446336998109,0.0,0.117426990653,0.463133539566,0.417729148081
6121196680,0.576936088217,0.605604002977,0.585457772736,0.674067500832,0.662848957311,0.578010103765,0.671874559424,0.603041842312,0.648045221915,0.594084167839,0.478301463522,0.635781019445,0.631276610107,0.563906751464,0.665301029993,0.637640308908,0.646323494033,0.653288417066,0.379491091413,0.674182613056,0.464192964235,0.674452816413,0.228595856023,0.674468392261,0.459464262996,0.641665110292,0.658337439335,0.444469993482,0.304313285005,0.58097536919,0.231297306924,0.167647845348,0.229236688351,0.664405293177,0.64002153571,0.540019943007,0.643378690457,0.650658583892,0.610999104211,0.665607673231,0.583889689739,0.451399374773,0.117426990653,0.0,0.37939584319,0.170120826868
6121197960,0.564888663928,0.583801330128,0.58226781151,0.671090947027,0.673364190324,0.626268071039,0.673477320285,0.65717604575,0.632881008802,0.567163315333,0.571058497157,0.621047238321,0.669915149995,0.61438091977,0.660906348901,0.662995898212,0.625516278484,0.666330227167,0.548893390179,0.671996486107,0.565520598201,0.666395075748,0.541945377846,0.666174771106,0.562300829322,0.672165367146,0.674271764879,0.551241617334,0.415816209067,0.634483792772,0.365709624481,0.512353104296,0.525074482598,0.664543655112,0.650013146235,0.528014360903,0.623818871822,0.673460466567,0.574202367761,0.673099935472,0.636059422241,0.553992985061,0.463133539566,0.37939584319,0.0,0.45945400111
6121198670,0.576327118303,0.609281841174,0.583121532466,0.674481547747,0.666221126037,0.624526343037,0.67436745448,0.64076610085,0.649410934012,0.610370956809,0.601808242604,0.644669945066,0.656991865099,0.631597849037,0.663116635118,0.660169684257,0.64138013692,0.673051078818,0.546397242617,0.674231165069,0.597655679409,0.674476411322,0.464133789229,0.674481877434,0.599396865639,0.663555774333,0.670453801928,0.595352555441,0.552772841535,0.641545368986,0.523465505946,0.0138791173136,0.170945230267,0.622343502145,0.582137614544,0.510226896415,0.645142531449,0.665921774439,0.620372638288,0.67441415369,0.642756900182,0.600913751204,0.417729148081,0.170120826868,0.45945400111,0.0
