,6120621180,6120622260,6121212580,6121213160,6121214210,6121215430
6120621180,1.0,-0.343989633083,0.150422046104,-0.543067037102,-0.708459722658,-0.471700948186
6120622260,-0.343989633083,1.0,-0.658073070303,0.145013169585,-0.103310309573,0.135988895754
6121212580,0.150422046104,-0.658073070303,1.0,0.545169435815,0.572392405274,0.222036658395
6121213160,-0.543067037102,0.145013169585,0.545169435815,1.0,0.996238057807,0.948247802797
6121214210,-0.708459722658,-0.103310309573,0.572392405274,0.996238057807,1.0,0.612177222416
6121215430,-0.471700948186,0.135988895754,0.222036658395,0.948247802797,0.612177222416,1.0
