,6120621180,6120622260,6121212580,6121213160,6121214210,6121215430
6120621180,0.0,66.143890381,16.628326416,80.143707276,197.232940674,125.707855225
6120622260,66.143890381,0.0,82.772216797,13.999816895,131.089050293,59.563964844
6121212580,16.628326416,82.772216797,0.0,96.772033692,213.86126709,142.336181641
6121213160,80.143707276,13.999816895,96.772033692,0.0,117.089233398,45.564147949
6121214210,197.232940674,131.089050293,213.86126709,117.089233398,0.0,71.525085449
6121215430,125.707855225,59.563964844,142.336181641,45.564147949,71.525085449,0.0
