,6120621180,6120622260,6121212580,6121213160,6121214210,6121215430
6120621180,0.0,0.594671535778,0.65922088786,0.475562731529,0.335949374784,0.524408751642
6120622260,0.594671535778,0.0,0.382390859243,0.660298692028,0.667283494912,0.662009070836
6121212580,0.65922088786,0.382390859243,0.0,0.474019578877,0.453499567826,0.641230094996
6121213160,0.475562731529,0.660298692028,0.474019578877,0.0,0.0050651811121,0.0680054185802
6121214210,0.335949374784,0.667283494912,0.453499567826,0.0050651811121,0.0,0.421712644861
6121215430,0.524408751642,0.662009070836,0.641230094996,0.0680054185802,0.421712644861,0.0
