,6120464680,6120464920,6120466590,6120466790,6120468040,6120469170,6120469440,6120471610,6120475080,6120475090,6120479600,6120479810,6120480910,6120482550,6120484260,6120484610,6120484990,6120485110,6120486220,6120486320,6120486440,6120488760,6120489070,6120489090,6120490080,6120490240,6120491440,6120492700,6120492820,6120492940,6120493110,6120493250,6120493770,6120494570,6120494640,6120494940,6120495310,6120496310,6120496370,6120498840,6120500320,6120500440,6120500930,6120500940,6120503260,6120503330,6120504230,6121149010,6121149810,6121150090,6121150100,6121150820,6121151880,6121152260,6121154220,6121154410,6121154470,6121154800,6121154990,6121155000,6121155380,6121155520,6121155580,6121156300,6121156360,6121156650,6121156960,6121157150,6121157370,6121157460,6121158450,6121158540,6121159170,6121159200,6121159320,6121159780,6121160600
6120464680,0.0,3522.015075684,7505.764831544,225.597000122,123.90899658199999,3787.384948734,265.942993164,5877.775085454001,4524.974792483999,96.899993897,418.73101806600005,3118.285095214,246.52600097599998,2193.874938964,144.05297851500006,2091.715026854,259.345993042,721.164978024,340.75059127829996,155.92401123000002,1994.4249877940001,209.02299499499998,176.80603027300003,963.095031734,35.10299682599998,321.5344924929,201.835998535,3068.574890134,266.76299285899995,175.382019043,175.382019043,106.600982666,3542.775085454,49.86700439499998,1130.1749877940001,319.4347915652,181.678985596,118.57400512699996,1242.0650024440001,855.904968264,291.3379898073,1113.005065914,91.51901245100004,123.52600097600003,315.49449157739997,331.9783935549,34.61502075200002,5115.844909664,5115.844909664,1022.024963374,159.52699279799998,204.37298583999998,254.04099273699998,343.16969299339996,152.848999024,263.588012695,56.55499267599998,156.674987793,126.51300048799999,995.725036624,243.690994263,175.382019043,313.8191909792,3542.775085454,310.9677963259,80.44299316399997,233.60798644999997,211.886993408,329.9891929629,350.3222923281,283.96578979509997,1028.4249877940001,339.8760910036,1113.005065914,211.45098876999998,68.28399658199999,41.454986571999996
6120464920,3522.015075684,0.0,3983.74975586,3747.6120758059997,3645.9240722659997,265.36987305,3787.958068848,2355.7600097700006,1002.9597168,3618.915069581,3103.2840576179997,403.72998046999965,3275.489074708,1328.1401367199996,3377.9620971689997,1430.30004883,3781.3610687259998,2800.85009766,3862.7656669622997,3366.091064454,1527.5900878899997,3731.0380706789997,3345.209045411,2558.92004395,3557.11807251,3843.5495681769,3723.8510742189997,453.44018555,3788.778068543,3346.6330566409997,3346.6330566409997,3628.61605835,20.760009770000124,3571.882080079,2391.8400878899997,3841.4498672492,3703.69406128,3640.589080811,2279.9500732399997,2666.1101074199996,3813.3530654912997,2409.0100097699997,3430.496063233,3398.489074708,3837.5095672613998,3853.9934692388997,3487.400054932,1593.8298339800003,1593.8298339800003,2499.99011231,3681.5420684819996,3726.388061524,3776.056068421,3865.1847686774,3674.864074708,3258.4270629889998,3578.57006836,3365.3400878909997,3395.502075196,2526.29003906,3765.706069947,3346.6330566409997,3835.8342666631997,20.760009770000124,3832.9828720099,3602.458068848,3755.6230621339996,3733.9020690919997,3852.0042686468996,3872.3373680121,3805.9808654791,2493.5900878899997,3861.8911666875997,2409.0100097699997,3733.466064454,3590.2990722659997,3563.470062256
6120466590,7505.764831544,3983.74975586,0.0,7731.3618316659995,7629.6738281259995,3718.37988281,7771.707824708,1627.9897460899992,2980.79003906,7602.664825440999,7087.0338134779995,4387.4797363299995,7259.238830568,5311.8898925799995,7361.711853029,5414.049804689999,7765.110824586,6784.59985352,7846.5154228223,7349.840820314,5511.33984375,7714.787826539,7328.958801270999,6542.66979981,7540.867828369999,7827.2993240369,7707.600830079,4437.18994141,7772.527824403,7330.3828125009995,7330.3828125009995,7612.365814209999,3962.9897460899997,7555.631835939,6375.58984375,7825.1996231092,7687.44381714,7624.338836671,6263.6998291,6649.859863279999,7797.1028213513,6392.7597656299995,7414.245819092999,7382.238830568,7821.2593231214,7837.7432250988995,7471.149810792,2389.9199218799995,2389.9199218799995,6483.73986817,7665.291824342,7710.137817383999,7759.805824280999,7848.9345245374,7658.613830568,7242.176818849,7562.31982422,7349.0898437509995,7379.251831056,6510.03979492,7749.455825806999,7330.3828125009995,7819.5840225232,3962.9897460899997,7816.732627869899,7586.207824708,7739.372817994,7717.6518249519995,7835.754024506899,7856.087123872099,7789.730621339099,6477.33984375,7845.6409225476,6392.7597656299995,7717.215820314,7574.0488281259995,7547.219818115999
6120466790,225.597000122,3747.6120758059997,7731.3618316659995,0.0,101.68800354000001,4012.9819488559997,40.34599304199999,6103.372085576,4750.571792606,128.697006225,644.328018188,3343.882095336,472.123001098,2419.471939086,369.64997863700006,2317.3120269759997,33.74899291999999,946.761978146,115.1535911563,381.521011352,2220.021987916,16.57400512700002,402.40303039500003,1188.692031856,190.49400329600002,95.93749237089999,23.76100158700001,3294.1718902559996,41.16599273699998,400.979019165,400.979019165,118.996017456,3768.372085576,175.72999572700002,1355.7719879160002,93.83779144319999,43.91801452600001,107.02299499500003,1467.6620025660002,1081.501968386,65.74098968529998,1338.602066036,317.11601257300003,349.12300109800003,89.89749145539999,106.38139343289998,260.212020874,5341.441909786,5341.441909786,1247.621963496,66.07000732400002,21.224014282000013,28.443992614999985,117.5726928714,72.748001098,489.185012817,169.042007446,382.271987915,352.11000061,1221.322036746,18.093994140999996,400.979019165,88.22219085719999,3768.372085576,85.37079620389999,145.15400695800002,8.010986327999973,13.710006714000002,104.39219284089998,124.7252922061,58.36878967309998,1254.0219879160002,114.27909088159998,1338.602066036,14.146011352000016,157.31300354,184.14201355
6120468040,123.90899658199999,3645.9240722659997,7629.6738281259995,101.68800354000001,0.0,3911.2939453159997,142.033996582,6001.684082036,4648.883789066,27.009002684999984,542.640014648,3242.194091796,370.43499755799996,2317.783935546,267.96197509700005,2215.624023436,135.43699646,845.073974606,216.8415946963,279.833007812,2118.333984376,85.11399841299999,300.715026855,1087.0040283160001,88.805999756,197.62549591089999,77.927001953,3192.4838867159997,142.853996277,299.291015625,299.291015625,17.308013915999993,3666.684082036,74.041992187,1254.083984376,195.5257949832,57.769989014000004,5.334991455000022,1365.973999026,979.813964846,167.4289932253,1236.914062496,215.42800903300002,247.43499755800002,191.58549499539998,208.0693969729,158.524017334,5239.753906246,5239.753906246,1145.9339599559999,35.617996215999995,80.463989258,130.131996155,219.2606964114,28.940002442000008,387.49700927699996,67.354003906,280.583984375,250.42199706999997,1119.634033206,119.78199768100001,299.291015625,189.9101943972,3666.684082036,187.0587997439,43.466003418000014,109.69898986799998,87.97799682600001,206.0801963809,226.4132957461,160.05679321309998,1152.333984376,215.9670944216,1236.914062496,87.541992188,55.625,82.45401000999999
6120469170,3787.384948734,265.36987305,3718.37988281,4012.9819488559997,3911.2939453159997,0.0,4053.327941898,2090.3901367200006,737.58984375,3884.284942631,3368.6539306679997,669.0998535199997,3540.858947758,1593.5100097699997,3643.3319702189997,1695.66992188,4046.730941776,3066.21997071,4128.1355400123,3631.460937504,1792.9599609399997,3996.4079437289997,3610.578918461,2824.289917,3822.48794556,4108.9194412269,3989.2209472689997,718.8100586,4054.147941593,3612.0029296909997,3612.0029296909997,3893.9859314,244.6098632799999,3837.251953129,2657.2099609399997,4106.8197402992,3969.06393433,3905.958953861,2545.3199462899997,2931.4799804699996,4078.7229385412998,2674.3798828199997,3695.865936283,3663.858947758,4102.8794403114,4119.3633422889,3752.769927982,1328.4599609300003,1328.4599609300003,2765.35998536,3946.9119415319997,3991.757934574,4041.425941471,4130.5546417274,3940.233947758,3523.796936039,3843.93994141,3630.7099609409997,3660.871948246,2791.65991211,4031.075942997,3612.0029296909997,4101.2041397132,244.6098632799999,4098.3527450598995,3867.827941898,4020.9929351839996,3999.2719421419997,4117.3741416969,4137.7072410620995,4071.3507385291,2758.9599609399997,4127.2610397376,2674.3798828199997,3998.835937504,3855.6689453159997,3828.839935306
6120469440,265.942993164,3787.958068848,7771.707824708,40.34599304199999,142.033996582,4053.327941898,0.0,6143.718078618001,4790.917785648,169.04299926699997,684.67401123,3384.2280883780004,512.46899414,2459.8179321280004,409.99597167900004,2357.658020018,6.597000121999997,987.107971188,74.80759811429999,421.867004394,2260.3679809580003,56.91999816900001,442.749023437,1229.038024898,230.839996338,55.5914993289,64.106994629,3334.517883298,0.8199996949999928,441.325012207,441.325012207,159.34201049799998,3808.718078618,216.075988769,1396.117980958,53.4917984012,84.264007568,147.368988037,1508.007995608,1121.847961428,25.39499664329999,1378.948059078,357.462005615,389.46899414,49.5514984134,66.0354003909,300.558013916,5381.787902828,5381.787902828,1287.967956538,106.416000366,61.570007324,11.902000427000004,77.22669982939999,113.09399413999999,529.531005859,209.388000488,422.617980957,392.45599365199996,1261.668029788,22.251998900999993,441.325012207,47.8761978152,3808.718078618,45.024803161899996,185.5,32.335006714000016,54.05599975599999,64.0461997989,84.37929916409999,18.022796631099993,1294.367980958,73.9330978396,1378.948059078,54.492004394000006,197.658996582,224.48800659199998
6120471610,5877.775085454001,2355.7600097700006,1627.9897460899992,6103.372085576,6001.684082036,2090.3901367200006,6143.718078618001,0.0,1352.8002929700006,5974.675079351,5459.044067388,2759.48999024,5631.249084478,3683.90014649,5733.722106939001,3786.0600586000005,6137.121078496,5156.61010743,6218.525676732301,5721.8510742240005,3883.3500976600003,6086.798080449001,5700.969055181,4914.680053720001,5912.87808228,6199.3095779469,6079.611083989001,2809.2001953200006,6144.538078313,5702.393066411,5702.393066411,5984.37606812,2335.0000000000005,5927.6420898490005,4747.600097660001,6197.209877019201,6059.4540710500005,5996.349090581,4635.710083010001,5021.87011719,6169.113075261301,4764.77001954,5786.256073003,5754.249084478,6193.2695770314,6209.7534790089,5843.160064702,761.9301757900002,761.9301757900002,4855.75012208,6037.302078252001,6082.148071294,6131.816078191,6220.9447784474005,6030.624084478,5614.187072759,5934.33007813,5721.100097661,5751.262084966001,4882.05004883,6121.466079717,5702.393066411,6191.5942764332,2335.0000000000005,6188.7428817799,5958.218078618001,6111.383071904001,6089.662078862,6207.7642784169,6228.0973777821,6161.7408752491,4849.350097660001,6217.651176457601,4764.77001954,6089.2260742240005,5946.059082036,5919.230072026
6120475080,4524.974792483999,1002.9597168,2980.79003906,4750.571792606,4648.883789066,737.58984375,4790.917785648,1352.8002929700006,0.0,4621.8747863809995,4106.243774418,1406.6896972699997,4278.448791508,2331.0998535199997,4380.921813969,2433.25976563,4784.320785526,3803.80981446,4865.7253837623,4369.050781254,2530.5498046899997,4733.997787479,4348.168762211,3561.87976075,4560.07778931,4846.5092849769,4726.810791019,1456.39990235,4791.737785343,4349.592773441,4349.592773441,4631.57577515,982.1997070299999,4574.841796879,3394.7998046899997,4844.4095840492,4706.65377808,4643.548797611,3282.9097900399997,3669.0698242199996,4816.3127822913,3411.9697265699997,4433.455780032999,4401.448791508,4840.4692840614,4856.9531860389,4490.359771732,590.8701171800003,590.8701171800003,3502.94982911,4684.501785282,4729.347778324,4779.0157852209995,4868.1444854774,4677.823791508,4261.386779789,4581.52978516,4368.299804691,4398.461791996,3529.24975586,4768.665786747,4349.592773441,4838.7939834632,982.1997070299999,4835.9425888098995,4605.417785648,4758.582778934,4736.861785892,4854.9639854469,4875.2970848120995,4808.9405822790995,3496.5498046899997,4864.8508834876,3411.9697265699997,4736.425781254,4593.258789066,4566.4297790559995
6120475090,96.899993897,3618.915069581,7602.664825440999,128.697006225,27.009002684999984,3884.284942631,169.04299926699997,5974.675079351,4621.8747863809995,0.0,515.631011963,3215.1850891110003,343.425994873,2290.7749328610003,240.95297241200007,2188.615020751,162.44599914499997,818.064971921,243.8505973813,252.82400512700002,2091.324981691,112.12300109799997,273.70602417000003,1059.995025631,61.79699707100002,224.63449859589997,104.93600463799999,3165.474884031,169.86299896199998,272.28201294,272.28201294,9.700988768999991,3639.675079351,47.03298950200002,1227.0749816910002,222.53479766819999,84.77899169899999,21.674011229999962,1338.9649963410002,952.804962161,194.43799591029997,1209.905059811,188.41900634800004,220.42599487300004,218.59449768039997,235.07839965789998,131.51501464900002,5212.744903561,5212.744903561,1118.924957271,62.62699890099998,107.47299194299998,157.14099883999998,246.2696990964,55.94900512699999,360.488006592,40.34500122100002,253.57498169000002,223.412994385,1092.625030521,146.791000366,272.28201294,216.9191970822,3639.675079351,214.0678024289,16.45700073300003,136.70799255299997,114.986999511,233.08919906589998,253.4222984311,187.06579589809996,1125.3249816910002,242.97609710659998,1209.905059811,114.55099487299998,28.615997315000016,55.445007325000006
6120479600,418.73101806600005,3103.2840576179997,7087.0338134779995,644.328018188,542.640014648,3368.6539306679997,684.67401123,5459.044067388,4106.243774418,515.631011963,0.0,2699.554077148,172.20501709000007,1775.143920898,274.678039551,1672.9840087879998,678.0770111080001,302.43395995799995,759.4816093443001,262.807006836,1575.693969728,627.754013061,241.924987793,544.364013668,453.834014892,740.2655105589,620.567016601,2649.8438720679997,685.494010925,243.34899902300003,243.34899902300003,525.3320007320001,3124.044067388,468.598022461,711.4439697280001,738.1658096312001,600.410003662,537.305023193,823.3339843780001,437.17395019799994,710.0690078733,694.2740478479999,327.212005615,295.20501709,734.2255096434001,750.7094116209,384.115997314,4697.113891598,4697.113891598,603.2939453079999,578.258010864,623.104003906,672.7720108030001,761.9007110594,571.5800170900001,155.14300537100007,475.28601074200003,262.05603027300003,292.21801757800006,576.994018558,662.422012329,243.34899902300003,732.5502090452001,3124.044067388,729.6988143919,499.17401123,652.339004516,630.618011474,748.7202110289,769.0533103941,702.6968078611001,609.6939697280001,758.6071090696,694.2740478479999,630.182006836,487.01501464800003,460.18600463800004
6120479810,3118.285095214,403.72998046999965,4387.4797363299995,3343.882095336,3242.194091796,669.0998535199997,3384.2280883780004,2759.48999024,1406.6896972699997,3215.1850891110003,2699.554077148,0.0,2871.759094238,924.41015625,2974.232116699,1026.5700683600003,3377.631088256,2397.12011719,3459.0356864923,2962.3610839840003,1123.86010742,3327.308090209,2941.479064941,2155.1900634800004,3153.38809204,3439.8195877069,3320.121093749,49.71020508000038,3385.048088073,2942.903076171,2942.903076171,3224.8860778800004,424.48999023999977,3168.1520996090003,1988.11010742,3437.7198867792004,3299.9640808100003,3236.859100341,1876.22009277,2262.38012695,3409.6230850213,2005.2800293000003,3026.766082763,2994.759094238,3433.7795867914,3450.2634887689,3083.6700744620002,1997.55981445,1997.55981445,2096.26013184,3277.812088012,3322.6580810540004,3372.3260879510003,3461.4547882074003,3271.134094238,2854.697082519,3174.84008789,2961.610107421,2991.7720947260004,2122.56005859,3361.976089477,2942.903076171,3432.1042861932,424.48999023999977,3429.2528915399002,3198.7280883780004,3351.893081664,3330.172088622,3448.2742881769,3468.6073875421002,3402.2508850091003,2089.86010742,3458.1611862176,2005.2800293000003,3329.7360839840003,3186.569091796,3159.7400817860002
6120480910,246.52600097599998,3275.489074708,7259.238830568,472.123001098,370.43499755799996,3540.858947758,512.46899414,5631.249084478,4278.448791508,343.425994873,172.20501709000007,2871.759094238,0.0,1947.3489379880002,102.47302246099991,1845.189025878,505.87199401799995,474.638977048,587.2765922543,90.60198974599996,1747.8989868180001,455.54899597099995,69.71997070299994,716.569030758,281.62899780199996,568.0604934689,448.36199951099996,2822.048889158,513.2889938349999,71.14398193299996,71.14398193299996,353.12698364199997,3296.249084478,296.39300537099996,883.6489868180001,565.9607925411999,428.20498657199994,365.10000610299994,995.5390014680002,609.378967288,537.8639907833,866.479064938,155.00698852499994,122.99999999999994,562.0204925534,578.5043945309,211.91098022399996,4869.318908688,4869.318908688,775.498962398,406.05299377399996,450.89898681599993,500.566993713,589.6956939693999,399.375,17.062011718999997,303.08099365199996,89.85101318299996,120.01300048799999,749.1990356480001,490.21699523899997,71.14398193299996,560.3451919552,3296.249084478,557.4937973018999,326.96899413999995,480.133987426,458.41299438399994,576.5151939389,596.8482933040999,530.4917907711,781.8989868180001,586.4020919796,866.479064938,457.97698974599996,314.80999755799996,287.980987548
6120482550,2193.874938964,1328.1401367199996,5311.8898925799995,2419.471939086,2317.783935546,1593.5100097699997,2459.8179321280004,3683.90014649,2331.0998535199997,2290.7749328610003,1775.143920898,924.41015625,1947.3489379880002,0.0,2049.821960449,102.15991211000028,2453.220932006,1472.7099609400002,2534.6255302423,2037.9509277340003,199.44995117000008,2402.897933959,2017.0689086910002,1230.7799072300002,2228.97793579,2515.4094314569,2395.710937499,874.6999511699996,2460.637931823,2018.492919921,2018.492919921,2300.4759216300004,1348.9001464899998,2243.7419433590003,1063.69995117,2513.3097305292004,2375.5539245600003,2312.448944091,951.8099365200001,1337.9699707000002,2485.2129287713,1080.8698730500003,2102.355926513,2070.348937988,2509.3694305414,2525.8533325189,2159.2599182120002,2921.9699707,2921.9699707,1171.8499755900002,2353.401931762,2398.2479248040004,2447.9159317010003,2537.0446319574003,2346.723937988,1930.286926269,2250.42993164,2037.199951171,2067.3619384760004,1198.1499023400002,2437.565933227,2018.492919921,2507.6941299432,1348.9001464899998,2504.8427352899002,2274.3179321280004,2427.482925414,2405.761932372,2523.8641319269,2544.1972312921002,2477.8407287591003,1165.44995117,2533.7510299676,1080.8698730500003,2405.3259277340003,2262.158935546,2235.3299255360002
6120484260,144.05297851500006,3377.9620971689997,7361.711853029,369.64997863700006,267.96197509700005,3643.3319702189997,409.99597167900004,5733.722106939001,4380.921813969,240.95297241200007,274.678039551,2974.232116699,102.47302246099991,2049.821960449,0.0,1947.6620483389997,403.39897155700004,577.1119995089999,484.8035697933,11.871032714999956,1850.372009279,353.07597351000004,32.75305175799997,819.042053219,179.15597534100004,465.58747100790004,345.88897705000005,2924.5219116189996,410.815971374,31.32904052799995,31.32904052799995,250.65396118100006,3398.722106939,193.91998291000004,986.122009279,463.48777008020005,325.731964111,262.626983642,1098.012023929,711.8519897489999,435.39096832230007,968.9520873989999,52.533966064000026,20.52697753900003,459.54747009240003,476.03137206990004,109.43795776300004,4971.791931149,4971.791931149,877.9719848589999,303.57997131300004,348.425964355,398.0939712520001,487.2226715084,296.9019775390001,119.53503417999991,200.60797119100005,12.62200927799995,17.539978027000075,851.672058109,387.74397277800006,31.32904052799995,457.8721694942001,3398.722106939,455.02077484090006,224.49597167900004,377.66096496500006,355.93997192300003,474.04217147790007,494.37527084310005,428.01876831010003,884.372009279,483.92906951860004,968.9520873989999,355.50396728500004,212.33697509700005,185.50796508700006
6120484610,2091.715026854,1430.30004883,5414.049804689999,2317.3120269759997,2215.624023436,1695.66992188,2357.658020018,3786.0600586000005,2433.25976563,2188.615020751,1672.9840087879998,1026.5700683600003,1845.189025878,102.15991211000028,1947.6620483389997,0.0,2351.061019896,1370.55004883,2432.4656181323,1935.791015624,97.2900390599998,2300.738021849,1914.9089965809999,1128.6199951199999,2126.81802368,2413.2495193469,2293.5510253889997,976.8598632799999,2358.478019713,1916.3330078109998,1916.3330078109998,2198.31600952,1451.0600586,2141.582031249,961.5400390599998,2411.1498184192,2273.39401245,2210.289031981,849.6500244099998,1235.81005859,2383.0530166613,978.70996094,2000.196014403,1968.189025878,2407.2095184314,2423.6934204089,2057.100006102,3024.1298828100003,3024.1298828100003,1069.69006348,2251.2420196519997,2296.088012694,2345.756019591,2434.8847198474,2244.564025878,1828.1270141589998,2148.27001953,1935.0400390609998,1965.202026366,1095.9899902299999,2335.406021117,1916.3330078109998,2405.5342178332,1451.0600586,2402.6828231799,2172.1580200179997,2325.3230133039997,2303.6020202619998,2421.7042198168997,2442.0373191821,2375.6808166491,1063.2900390599998,2431.5911178576,978.70996094,2303.166015624,2159.999023436,2133.170013426
6120484990,259.345993042,3781.3610687259998,7765.110824586,33.74899291999999,135.43699646,4046.730941776,6.597000121999997,6137.121078496,4784.320785526,162.44599914499997,678.0770111080001,3377.631088256,505.87199401799995,2453.220932006,403.39897155700004,2351.061019896,0.0,980.510971066,81.40459823629999,415.270004272,2253.770980836,50.32299804700001,436.152023315,1222.441024776,224.242996216,62.1884994509,57.509994507,3327.9208831759997,7.41699981699999,434.728012085,434.728012085,152.74501037599998,3802.121078496,209.478988647,1389.520980836,60.0887985232,77.667007446,140.771987915,1501.410995486,1115.250961306,31.991996765299987,1372.3510589559999,350.865005493,382.871994018,56.148498535399995,72.63240051289999,293.961013794,5375.190902706,5375.190902706,1281.370956416,99.81900024400001,54.973007202000005,5.305000305000007,83.82369995139999,106.496994018,522.934005737,202.791000366,416.020980835,385.85899352999996,1255.071029666,15.654998778999996,434.728012085,54.4731979372,3802.121078496,51.62180328389999,178.902999878,25.73800659200002,47.458999633999994,70.6431999209,90.97629928609999,24.61979675309999,1287.770980836,80.53009796159999,1372.3510589559999,47.89500427200001,191.06199646,217.89100646999998
6120485110,721.164978024,2800.85009766,6784.59985352,946.761978146,845.073974606,3066.21997071,987.107971188,5156.61010743,3803.80981446,818.064971921,302.43395995799995,2397.12011719,474.638977048,1472.7099609400002,577.1119995089999,1370.55004883,980.510971066,0.0,1061.9155693023,565.240966794,1273.2600097700001,930.187973019,544.358947751,241.93005371000004,756.26797485,1042.6994705169,923.000976559,2347.40991211,987.927970883,545.782958981,545.782958981,827.7659606899999,2821.61010743,771.031982419,409.0100097700001,1040.5997695892,902.84396362,839.738983151,520.9000244200001,134.73999024,1012.5029678313,391.84008788999995,629.645965573,597.638977048,1036.6594696014,1053.1433715788999,686.549957272,4394.67993164,4394.67993164,300.85998535,880.691970822,925.537963864,975.205970761,1064.3346710174,874.013977048,457.576965329,777.7199707,564.489990231,594.651977536,274.56005860000005,964.855972287,545.782958981,1034.9841690032,2821.61010743,1032.1327743499,801.607971188,954.772964474,933.051971432,1051.1541709869,1071.4872703521,1005.1307678191,307.2600097700001,1061.0410690275999,391.84008788999995,932.615966794,789.448974606,762.619964596
6120486220,340.75059127829996,3862.7656669622997,7846.5154228223,115.1535911563,216.8415946963,4128.1355400123,74.80759811429999,6218.525676732301,4865.7253837623,243.8505973813,759.4816093443001,3459.0356864923,587.2765922543,2534.6255302423,484.8035697933,2432.4656181323,81.40459823629999,1061.9155693023,0.0,496.6746025083,2335.1755790723,131.72759628330002,517.5566215513,1303.8456230123,305.6475944523,19.2160987854,138.9145927433,3409.3254814122997,73.98759841930001,516.1326103213,516.1326103213,234.1496086123,3883.5256767323,290.8835868833,1470.9255790723,21.3157997131,159.0716056823,222.17658615130003,1582.8155937223,1196.6555595423,49.41260147100001,1453.7556571922999,432.2696037293,464.2765922543,25.256099700900002,8.772197723400005,375.3656120303,5456.5955009423005,5456.5955009423005,1362.7755546523,181.2235984803,136.3776054383,86.70959854130001,2.4191017150999983,187.9015922543,604.3386039733,284.1955986023,497.4255790713,467.26359176629995,1336.4756279023,97.0595970153,516.1326103213,26.931400299099998,3883.5256767323,29.782794952400003,260.3075981143,107.14260482830002,128.8635978703,10.761398315400001,9.571701049799998,56.784801483200006,1369.1755790723,0.8745002747000044,1453.7556571922999,129.2996025083,272.4665946963,299.29560470629997
6120486320,155.92401123000002,3366.091064454,7349.840820314,381.521011352,279.833007812,3631.460937504,421.867004394,5721.8510742240005,4369.050781254,252.82400512700002,262.807006836,2962.3610839840003,90.60198974599996,2037.9509277340003,11.871032714999956,1935.791015624,415.270004272,565.240966794,496.6746025083,0.0,1838.5009765640002,364.947006225,20.882019043000014,807.171020504,191.027008056,477.4585037229,357.760009765,2912.650878904,422.68700408899997,19.458007812999995,19.458007812999995,262.524993896,3386.851074224,205.791015625,974.2509765640001,475.3588027952,337.602996826,274.498016357,1086.1409912140002,699.980957034,447.2620010373,957.0810546839999,64.40499877899998,32.398010253999985,471.4185028074,487.9024047849,121.308990478,4959.920898434,4959.920898434,866.100952144,315.451004028,360.29699707,409.96500396700003,499.0937042234,308.77301025400004,107.66400146499996,212.479003906,0.7509765629999947,29.41101074200003,839.801025394,399.615005493,19.458007812999995,469.74320220920004,3386.851074224,466.8918075559,236.367004394,389.53199768,367.811004638,485.9132041929,506.2463035581,439.8898010251,872.5009765640001,495.8001022336,957.0810546839999,367.375,224.208007812,197.37899780200001
6120486440,1994.4249877940001,1527.5900878899997,5511.33984375,2220.021987916,2118.333984376,1792.9599609399997,2260.3679809580003,3883.3500976600003,2530.5498046899997,2091.324981691,1575.693969728,1123.86010742,1747.8989868180001,199.44995117000008,1850.372009279,97.2900390599998,2253.770980836,1273.2600097700001,2335.1755790723,1838.5009765640002,0.0,2203.447982789,1817.618957521,1031.32995606,2029.52798462,2315.9594802869,2196.260986329,1074.1499023399997,2261.187980653,1819.042968751,1819.042968751,2101.0259704600003,1548.3500976599998,2044.2919921890002,864.25,2313.8597793592003,2176.10397339,2112.998992921,752.35998535,1138.5200195300001,2285.7629776013,881.4199218800002,1902.9059753430001,1870.8989868180001,2309.9194793714,2326.4033813489,1959.8099670420002,3121.41992187,3121.41992187,972.4000244200001,2153.951980592,2198.7979736340003,2248.4659805310002,2337.5946807874,2147.273986818,1730.836975099,2050.97998047,1837.750000001,1867.9119873060001,998.6999511700001,2238.115982057,1819.042968751,2308.2441787732,1548.3500976599998,2305.3927841199,2074.867980958,2228.032974244,2206.311981202,2324.4141807569,2344.7472801221,2278.3907775891003,966.0,2334.3010787976,881.4199218800002,2205.875976564,2062.708984376,2035.8799743660002
6120488760,209.02299499499998,3731.0380706789997,7714.787826539,16.57400512700002,85.11399841299999,3996.4079437289997,56.91999816900001,6086.798080449001,4733.997787479,112.12300109799997,627.754013061,3327.308090209,455.54899597099995,2402.897933959,353.07597351000004,2300.738021849,50.32299804700001,930.187973019,131.72759628330002,364.947006225,2203.447982789,0.0,385.829025268,1172.1180267290001,173.919998169,112.51149749790001,7.186996459999989,3277.5978851289997,57.739997864,384.405014038,384.405014038,102.42201232899998,3751.798080449,159.1559906,1339.197982789,110.41179657020001,27.344009398999987,90.44898986800001,1451.087997439,1064.927963259,82.3149948123,1322.028060909,300.542007446,332.548995971,106.47149658240001,122.9553985599,243.638015747,5324.8679046590005,5324.8679046590005,1231.0479583689998,49.496002196999996,4.650009154999992,45.017997742000006,134.14669799840001,56.17399597099998,472.61100768999995,152.468002319,365.697982788,335.53599548299997,1204.748031619,34.66799926800002,384.405014038,104.79619598420001,3751.798080449,101.9448013309,128.580001831,24.584991454999994,2.8639984130000187,120.9661979679,141.29929733310001,74.9427948001,1237.447982789,130.8530960086,1322.028060909,2.4279937750000045,140.738998413,167.56800842299998
6120489070,176.80603027300003,3345.209045411,7328.958801270999,402.40303039500003,300.715026855,3610.578918461,442.749023437,5700.969055181,4348.168762211,273.70602417000003,241.924987793,2941.479064941,69.71997070299994,2017.0689086910002,32.75305175799997,1914.9089965809999,436.152023315,544.358947751,517.5566215513,20.882019043000014,1817.618957521,385.829025268,0.0,786.289001461,211.909027099,498.3405227659,378.642028808,2891.768859861,443.569023132,1.4240112300000192,1.4240112300000192,283.407012939,3365.969055181,226.673034668,953.3689575210001,496.2408218382,358.485015869,295.3800354,1065.258972171,679.098937991,468.14402008030004,936.1990356409999,85.287017822,53.280029297,492.3005218504,508.7844238279,142.191009521,4939.038879391001,4939.038879391001,845.218933101,336.333023071,381.179016113,430.84702301000004,519.9757232664,329.65502929700006,86.78198242199994,233.36102294900002,20.13104248000002,50.293029785000044,818.919006351,420.497024536,1.4240112300000192,490.62522125220005,3365.969055181,487.77382659890003,257.249023437,410.41401672300003,388.693023681,506.79522323590004,527.1283226011,460.7718200681,851.6189575210001,516.6821212766,936.1990356409999,388.257019043,245.09002685500002,218.26101684500003
6120489090,963.095031734,2558.92004395,6542.66979981,1188.692031856,1087.0040283160001,2824.289917,1229.038024898,4914.680053720001,3561.87976075,1059.995025631,544.364013668,2155.1900634800004,716.569030758,1230.7799072300002,819.042053219,1128.6199951199999,1222.441024776,241.93005371000004,1303.8456230123,807.171020504,1031.32995606,1172.1180267290001,786.289001461,0.0,998.19802856,1284.6295242269,1164.931030269,2105.4798584,1229.858024593,787.713012691,787.713012691,1069.6960144,2579.6800537199997,1012.962036129,167.0799560600001,1282.5298232992,1144.77401733,1081.669036861,278.9699707100001,107.19006347000004,1254.4330215413,149.9100341799999,871.576019283,839.569030758,1278.5895233114,1295.0734252889001,928.4800109820001,4152.74987793,4152.74987793,58.92993163999995,1122.622024532,1167.468017574,1217.136024471,1306.2647247274,1115.944030758,699.507019039,1019.65002441,806.420043941,836.582031246,32.63000489000001,1206.786025997,787.713012691,1276.9142227132,2579.6800537199997,1274.0628280599,1043.538024898,1196.703018184,1174.982025142,1293.0842246969,1313.4173240621,1247.0608215291,65.32995606000009,1302.9711227376001,149.9100341799999,1174.546020504,1031.3790283160001,1004.5500183060001
6120490080,35.10299682599998,3557.11807251,7540.867828369999,190.49400329600002,88.805999756,3822.48794556,230.839996338,5912.87808228,4560.07778931,61.79699707100002,453.834014892,3153.38809204,281.62899780199996,2228.97793579,179.15597534100004,2126.81802368,224.242996216,756.26797485,305.6475944523,191.027008056,2029.52798462,173.919998169,211.909027099,998.19802856,0.0,286.4314956669,166.733001709,3103.67788696,231.659996033,210.485015869,210.485015869,71.49798584000001,3577.87808228,14.764007569,1165.27798462,284.3317947392,146.57598877,83.47100830099998,1277.16799927,891.00796509,256.2349929813,1148.10806274,126.62200927700002,158.62899780200001,280.3914947514,296.8753967289,69.718017578,5150.947906490001,5150.947906490001,1057.1279602,124.423995972,169.269989014,218.937995911,308.0666961674,117.74600219800001,298.69100952099996,21.451995850000003,191.777984619,161.61599731399997,1030.82803345,208.587997437,210.485015869,278.71619415320004,3577.87808228,275.8647994999,45.33999633799999,198.504989624,176.78399658200001,294.8861961369,315.2192955021,248.86279296909998,1063.52798462,304.7730941776,1148.10806274,176.347991944,33.180999756000006,6.351989746000015
6120490240,321.5344924929,3843.5495681769,7827.2993240369,95.93749237089999,197.62549591089999,4108.9194412269,55.5914993289,6199.3095779469,4846.5092849769,224.63449859589997,740.2655105589,3439.8195877069,568.0604934689,2515.4094314569,465.58747100790004,2413.2495193469,62.1884994509,1042.6994705169,19.2160987854,477.4585037229,2315.9594802869,112.51149749790001,498.3405227659,1284.6295242269,286.4314956669,0.0,119.6984939579,3390.1093826269,54.77149963390001,496.9165115359,496.9165115359,214.93350982689998,3864.3095779469,271.6674880979,1451.7094802869,2.099700927699999,139.8555068969,202.9604873659,1563.5994949369,1177.4394607569,30.19650268560001,1434.5395584069,413.0535049439,445.0604934689,6.040000915500002,10.443901061999995,356.1495132449,5437.3794021569,5437.3794021569,1343.5594558669,162.0074996949,117.1615066529,67.4934997559,21.635200500499998,168.6854934689,585.1225051879,264.9794998169,478.2094802859,448.04749298089996,1317.2595291169,77.84349822989999,496.9165115359,7.715301513699998,3864.3095779469,10.566696167000003,241.0914993289,87.92650604290002,109.64749908489999,8.454700469999999,28.787799835199998,37.568702697800006,1349.9594802869,18.341598510699995,1434.5395584069,110.0835037229,253.25049591089999,280.0795059209
6120491440,201.835998535,3723.8510742189997,7707.600830079,23.76100158700001,77.927001953,3989.2209472689997,64.106994629,6079.611083989001,4726.810791019,104.93600463799999,620.567016601,3320.121093749,448.36199951099996,2395.710937499,345.88897705000005,2293.5510253889997,57.509994507,923.000976559,138.9145927433,357.760009765,2196.260986329,7.186996459999989,378.642028808,1164.931030269,166.733001709,119.6984939579,0.0,3270.4108886689996,64.92699432399999,377.218017578,377.218017578,95.235015869,3744.611083989,151.96899414,1332.0109863290002,117.5987930302,20.157012938999998,83.26199340800002,1443.9010009790002,1057.740966799,89.50199127229999,1314.841064449,293.355010986,325.361999511,113.6584930424,130.1423950199,236.451019287,5317.680908199,5317.680908199,1223.860961909,42.30900573700001,2.5369873049999967,52.204994201999995,141.3336944584,48.98699951099999,465.42401122999996,145.281005859,358.510986328,328.348999023,1197.561035159,41.854995728000006,377.218017578,111.9831924442,3744.611083989,109.1317977909,121.39300537100002,31.771987914999983,10.050994873000008,128.1531944279,148.4862937931,82.12979126009999,1230.2609863290002,138.0400924686,1314.841064449,9.614990234999993,133.552001953,160.381011963
6120492700,3068.574890134,453.44018555,4437.18994141,3294.1718902559996,3192.4838867159997,718.8100586,3334.517883298,2809.2001953200006,1456.39990235,3165.474884031,2649.8438720679997,49.71020508000038,2822.048889158,874.6999511699996,2924.5219116189996,976.8598632799999,3327.9208831759997,2347.40991211,3409.3254814122997,2912.650878904,1074.1499023399997,3277.5978851289997,2891.768859861,2105.4798584,3103.67788696,3390.1093826269,3270.4108886689996,0.0,3335.3378829929998,2893.1928710909997,2893.1928710909997,3175.1758728,474.20019532000015,3118.441894529,1938.3999023399997,3388.0096816992,3250.25387573,3187.148895261,1826.5098876899997,2212.6699218699996,3359.9128799412997,1955.5698242199999,2977.055877683,2945.048889158,3384.0693817113997,3400.5532836888997,3033.959869382,2047.2700195300004,2047.2700195300004,2046.5499267599998,3228.1018829319996,3272.947875974,3322.615882871,3411.7445831274,3221.423889158,2804.9868774389997,3125.12988281,2911.8999023409997,2942.061889646,2072.84985351,3312.265884397,2893.1928710909997,3382.3940811131997,474.20019532000015,3379.5426864599,3149.017883298,3302.1828765839996,3280.4618835419997,3398.5640830968996,3418.8971824621,3352.5406799291,2040.1499023399997,3408.4509811375997,1955.5698242199999,3280.025878904,3136.8588867159997,3110.029876706
6120492820,266.76299285899995,3788.778068543,7772.527824403,41.16599273699998,142.853996277,4054.147941593,0.8199996949999928,6144.538078313,4791.737785343,169.86299896199998,685.494010925,3385.048088073,513.2889938349999,2460.637931823,410.815971374,2358.478019713,7.41699981699999,987.927970883,73.98759841930001,422.68700408899997,2261.187980653,57.739997864,443.569023132,1229.858024593,231.659996033,54.77149963390001,64.92699432399999,3335.3378829929998,0.0,442.14501190199996,442.14501190199996,160.162010193,3809.538078313,216.895988464,1396.937980653,52.67179870620001,85.08400726299999,148.18898773200002,1508.827995303,1122.667961123,24.574996948299997,1379.768058773,358.28200531000005,390.28899383500004,48.731498718400005,65.2154006959,301.37801361100003,5382.607902523,5382.607902523,1288.787956233,107.236000061,62.390007018999995,12.722000121999997,76.40670013440001,113.91399383499999,530.3510055539999,210.208000183,423.43798065199996,393.27599334699994,1262.488029483,23.071998595999986,442.14501190199996,47.05619812020001,3809.538078313,44.2048034669,186.319999695,33.15500640900001,54.875999450999984,63.226200103900005,83.55929946910001,17.2027969361,1295.187980653,73.1130981446,1379.768058773,55.312004089,198.478996277,225.30800628699998
6120492940,175.382019043,3346.6330566409997,7330.3828125009995,400.979019165,299.291015625,3612.0029296909997,441.325012207,5702.393066411,4349.592773441,272.28201294,243.34899902300003,2942.903076171,71.14398193299996,2018.492919921,31.32904052799995,1916.3330078109998,434.728012085,545.782958981,516.1326103213,19.458007812999995,1819.042968751,384.405014038,1.4240112300000192,787.713012691,210.485015869,496.9165115359,377.218017578,2893.1928710909997,442.14501190199996,0.0,0.0,281.983001709,3367.393066411,225.249023438,954.7929687510001,494.8168106082,357.061004639,293.95602417,1066.682983401,680.522949221,466.7200088503,937.6230468709999,83.86300659199998,51.85601806699998,490.8765106204,507.3604125979,140.766998291,4940.462890621,4940.462890621,846.642944331,334.909011841,379.75500488299997,429.42301178,518.5517120364,328.23101806700004,88.20599365199996,231.937011719,18.70703125,48.869018555000025,820.343017581,419.073013306,0.0,489.20121002220003,3367.393066411,486.3498153689,255.825012207,408.990005493,387.269012451,505.3712120059,525.7043113711,459.3478088381,853.0429687510001,515.2581100466,937.6230468709999,386.833007813,243.666015625,216.837005615
6120493110,175.382019043,3346.6330566409997,7330.3828125009995,400.979019165,299.291015625,3612.0029296909997,441.325012207,5702.393066411,4349.592773441,272.28201294,243.34899902300003,2942.903076171,71.14398193299996,2018.492919921,31.32904052799995,1916.3330078109998,434.728012085,545.782958981,516.1326103213,19.458007812999995,1819.042968751,384.405014038,1.4240112300000192,787.713012691,210.485015869,496.9165115359,377.218017578,2893.1928710909997,442.14501190199996,0.0,0.0,281.983001709,3367.393066411,225.249023438,954.7929687510001,494.8168106082,357.061004639,293.95602417,1066.682983401,680.522949221,466.7200088503,937.6230468709999,83.86300659199998,51.85601806699998,490.8765106204,507.3604125979,140.766998291,4940.462890621,4940.462890621,846.642944331,334.909011841,379.75500488299997,429.42301178,518.5517120364,328.23101806700004,88.20599365199996,231.937011719,18.70703125,48.869018555000025,820.343017581,419.073013306,0.0,489.20121002220003,3367.393066411,486.3498153689,255.825012207,408.990005493,387.269012451,505.3712120059,525.7043113711,459.3478088381,853.0429687510001,515.2581100466,937.6230468709999,386.833007813,243.666015625,216.837005615
