,6120464920,6120466590,6120469170,6120471610,6120475080,6120479600,6120479810,6120480910,6120482550,6120484260,6120484610,6120485110,6120486320,6120486440,6120489070,6120489090,6120490080,6120492700,6120492940,6120493770,6120494640,6120496370,6120498840,6120500440,6120500930,6121149010,6121149810,6121150090,6121154410,6121154470,6121154800,6121154990,6121155000,6121155520,6121156300,6121158540,6121159200,6121159780
6120464920,1.0,0.147553563782,0.956492451769,0.0893876442346,0.370464223215,0.135930126581,0.169231687636,0.150299388611,0.274792382641,0.126963978009,0.326458980044,0.158811992217,0.0219512502299,0.284835493475,0.0493555914334,0.0983572108534,0.112378531276,-0.0466423835576,0.265790562113,-0.100770895918,-0.0337436146765,0.0574329978273,0.11822519379,0.103343385001,0.0353871076972,0.068571805758,0.0485693791208,0.151708953274,0.0414239342353,0.139914359404,0.318888229714,0.0731423589509,-0.000232607573827,0.276549637954,-0.0946924337235,0.115976858294,0.12606847593,0.0835590997318
6120466590,0.147553563782,1.0,0.0808800856129,0.54699391239,0.111626100992,0.051514361681,0.0581955826827,0.0187252244413,0.0401704844105,-0.0137194197662,0.00356499835018,-0.0374985697401,-0.130127317545,-0.0726124846139,-0.133436193204,-0.0897592351419,-0.126979796779,-0.275822811561,0.0731839936134,-0.341557524381,-0.188143560306,-0.243601154381,-0.249209131129,-0.192482998572,-0.209536875222,0.155670301715,0.142405844248,0.0232817132752,-0.159951591944,-0.107599982376,0.118505205912,-0.142024072831,-0.144818533468,0.0820810066154,-0.338916941237,-0.216221909854,-0.211271834812,-0.194986657873
6120469170,0.956492451769,0.0808800856129,1.0,0.23985771931,0.55277060489,0.199774372379,0.281414847164,0.202155941464,0.387755431083,0.166327083687,0.436921544965,0.196497977944,0.0161343200586,0.364417611144,0.0426310889336,0.118404883405,0.110813916058,-0.0632492035544,0.326885586808,-0.139500466788,-0.0616666843308,0.0321115596611,0.09180278391,0.0818129447699,0.00430292842451,0.153863674136,0.128513324102,0.227790253529,0.027475169421,0.143075639196,0.392230588985,0.0651964635663,-0.0104647477494,0.340152608415,-0.126093603276,0.0964947712536,0.104761560769,0.0598028867701
6120471610,0.0893876442346,0.54699391239,0.23985771931,1.0,0.788604945884,0.0958573900515,0.626017452779,-0.00265956964757,0.436316671879,-0.0579688421401,0.365054074081,-0.0747339311068,-0.287317865866,0.195371111173,-0.317582926118,-0.163200765592,-0.336149687583,-0.115316636487,-0.034971125999,-0.229517796507,-0.339198201423,-0.425815019729,-0.523273307312,-0.368524656259,-0.453889870024,0.766929027781,0.725744988018,0.0342394134914,-0.362843652121,-0.319073176662,0.00992115483448,-0.349060717772,-0.263986146497,-0.0260746630718,-0.16758286938,-0.44032607231,-0.409368173591,-0.459028212163
6120475080,0.370464223215,0.111626100992,0.55277060489,0.788604945884,1.0,0.175520722377,0.833447398668,0.0654098766217,0.65254786354,0.00828214300176,0.600578203804,0.0200163285459,-0.243316811271,0.401830958486,-0.259768371094,-0.10068443857,-0.250001356333,-0.00466633166877,0.0554675703655,-0.111586132373,-0.297431653835,-0.312889294975,-0.383901321882,-0.246810941001,-0.365468340532,0.813017392819,0.776480960923,0.253639996003,-0.299222583817,-0.227787224365,0.110408427869,-0.276405839111,-0.227276764746,0.0666125865788,-0.0453246453234,-0.315155808235,-0.271285239921,-0.357316524593
6120479600,0.135930126581,0.051514361681,0.199774372379,0.0958573900515,0.175520722377,1.0,0.30885450506,0.904531530326,0.632104257899,0.752595919088,0.46532855306,0.630257779213,0.492904434434,0.236433288967,0.503860654198,0.583779989913,0.556107310864,-0.448618905822,0.827157457406,-0.547512161405,0.177478788297,0.204066950265,0.354048385552,0.12654409325,0.241150117616,-0.00469077616326,0.00641151710984,0.848190926492,0.456557667358,0.588874540774,0.840979415843,0.510578484683,0.332914649924,0.831788390343,-0.563436954589,0.3217414072,0.179467374088,0.364682847846
6120479810,0.169231687636,0.0581955826827,0.281414847164,0.626017452779,0.833447398668,0.30885450506,1.0,0.0627506460242,0.80499832417,-0.00310824320699,0.630613894335,0.00562270225233,-0.233074058515,0.361911183882,-0.260978289941,-0.110094482599,-0.273748191784,0.00934457870092,-0.0421404233882,-0.0865185154475,-0.262124889939,-0.312187890421,-0.40542404086,-0.26637215266,-0.364166136628,0.789535814786,0.765428004633,0.255629205383,-0.303119685429,-0.260150410285,-0.0144479489627,-0.287768036044,-0.219363444446,-0.0363667477453,-0.0202040581396,-0.332699127918,-0.296588498255,-0.369560965353
6120480910,0.150299388611,0.0187252244413,0.202155941464,-0.00265956964757,0.0654098766217,0.904531530326,0.0627506460242,1.0,0.40941350455,0.926870032669,0.38325204967,0.767635349933,0.740934156884,0.242910552286,0.736047601683,0.79349459532,0.759914158694,-0.398343766536,0.953406015367,-0.583862919837,0.382992496344,0.3634750481,0.493457390879,0.145048346958,0.345880556362,-0.105864906283,-0.0947489992685,0.737503063903,0.682709467827,0.784418938787,0.936803824767,0.728602981167,0.562564217449,0.951534427419,-0.569312653222,0.466691461999,0.219565978555,0.500672311387
6120482550,0.274792382641,0.0401704844105,0.387755431083,0.436316671879,0.65254786354,0.632104257899,0.80499832417,0.40941350455,1.0,0.302735013571,0.951489150875,0.39814850032,0.020791214731,0.7092435148,0.00401573041663,0.185678292373,0.0111869174273,-0.04637263628,0.277986312966,-0.223348493709,-0.0439849609532,-0.0221007348657,-0.0960340800685,-0.0718841816656,-0.242551945152,0.427991235912,0.396198408082,0.596948964994,-0.0393064551028,0.0338099228528,0.322169960828,-0.0184472137279,0.0306526284058,0.287676264446,-0.14005642208,-0.00949367319289,-0.0547192343868,-0.187360778686
6120484260,0.126963978009,-0.0137194197662,0.166327083687,-0.0579688421401,0.00828214300176,0.752595919088,-0.00310824320699,0.926870032669,0.302735013571,1.0,0.317988569245,0.923524103924,0.81068084962,0.262142890149,0.788084993341,0.774722767898,0.789508273276,-0.291779418154,0.879751747426,-0.513679031785,0.459768728194,0.414918479322,0.49068394223,0.123906526927,0.355872887457,-0.136610293191,-0.125336786555,0.613145959302,0.729168081292,0.805409384996,0.853151346665,0.769805673882,0.614664942088,0.875375999494,-0.474995807515,0.482919426723,0.202065940124,0.510945717857
6120484610,0.326458980044,0.00356499835018,0.436921544965,0.365054074081,0.600578203804,0.46532855306,0.630613894335,0.38325204967,0.951489150875,0.317988569245,1.0,0.463319079046,0.0645604927287,0.867831533411,0.0396506168195,0.252114915391,0.0331090395805,0.0882855665661,0.296957755031,-0.169119929419,0.0249733447734,0.0524325635234,-0.0649311179732,-0.0531429118419,-0.276715200216,0.306115350719,0.269535403617,0.567088406386,-0.000558936466745,0.0519008636202,0.335020173383,0.00855613377242,0.100660278412,0.305111705715,-0.0434898197867,0.0468379202386,-0.0258518744431,-0.211102091275
6120485110,0.158811992217,-0.0374985697401,0.196497977944,-0.0747339311068,0.0200163285459,0.630257779213,0.00562270225233,0.767635349933,0.39814850032,0.923524103924,0.463319079046,1.0,0.725828471829,0.401260056291,0.709047898068,0.835684947249,0.686218574731,-0.210931395781,0.734852896563,-0.419583495198,0.591235877478,0.6001206039,0.598245785375,0.244889877606,0.223382426954,-0.167113354445,-0.16853335003,0.57103178188,0.689642313122,0.691695749892,0.714674480506,0.679217499912,0.710294440801,0.731903407362,-0.351411965077,0.641696177404,0.342683340703,0.366685095706
6120486320,0.0219512502299,-0.130127317545,0.0161343200586,-0.287317865866,-0.243316811271,0.492904434434,-0.233074058515,0.740934156884,0.020791214731,0.81068084962,0.0645604927287,0.725828471829,1.0,0.148800084196,0.9925536146,0.848212079111,0.95201150483,-0.175421697964,0.774298380064,-0.435981626003,0.821568022897,0.761700842685,0.773665534456,0.264055820503,0.506084399459,-0.282752090559,-0.251946382234,0.371856449554,0.9751919462,0.941644378545,0.717042491239,0.972742724818,0.857011889,0.763125109835,-0.431794936804,0.771068825479,0.376759257461,0.663898251569
6120486440,0.284835493475,-0.0726124846139,0.364417611144,0.195371111173,0.401830958486,0.236433288967,0.361911183882,0.242910552286,0.7092435148,0.262142890149,0.867831533411,0.401260056291,0.148800084196,1.0,0.106526079798,0.404035375194,0.0670913319457,0.350124955844,0.265403138129,-0.0421727143258,0.123068398569,0.122845413834,-0.0518182341997,-0.0618965108085,-0.280540475654,0.121329464071,0.0877570416159,0.380192528827,0.0726060788657,0.0727199283769,0.268359103541,0.0617010081956,0.203960884386,0.265129581425,0.152061268336,0.0757666773664,-0.0310895790937,-0.211468308852
6120489070,0.0493555914334,-0.133436193204,0.0426310889336,-0.317582926118,-0.259768371094,0.503860654198,-0.260978289941,0.736047601683,0.00401573041663,0.788084993341,0.0396506168195,0.709047898068,0.9925536146,0.106526079798,1.0,0.823454272288,0.975497553621,-0.222309798648,0.784306188736,-0.431842566969,0.836537877485,0.793477598302,0.815249401407,0.281021405619,0.542690527759,-0.318861597388,-0.285834427009,0.397183007596,0.991142680949,0.965786337237,0.734081805474,0.992471641026,0.824657700407,0.774596666652,-0.453716171958,0.80532227986,0.400698376677,0.700351142737
6120489090,0.0983572108534,-0.0897592351419,0.118404883405,-0.163200765592,-0.10068443857,0.583779989913,-0.110094482599,0.79349459532,0.185678292373,0.774722767898,0.252114915391,0.835684947249,0.848212079111,0.404035375194,0.823454272288,1.0,0.778445442873,-0.29184701511,0.819852284692,-0.503710336616,0.663633163592,0.651264506343,0.667412267017,0.281305396212,0.281855577957,-0.233470113085,-0.223975709037,0.481784353495,0.80009199127,0.775947711031,0.766445836699,0.789078870318,0.881674282504,0.80957489967,-0.431145496826,0.705217472001,0.382818721739,0.435449024435
6120490080,0.112378531276,-0.126979796779,0.110813916058,-0.336149687583,-0.250001356333,0.556107310864,-0.273748191784,0.759914158694,0.0111869174273,0.789508273276,0.0331090395805,0.686218574731,0.95201150483,0.0670913319457,0.975497553621,0.778445442873,1.0,-0.279469556519,0.82351901304,-0.417392183265,0.758288872428,0.744708638896,0.81173639996,0.23617718623,0.620776405355,-0.357412687179,-0.323880866313,0.466507371613,0.971232995786,0.997300255596,0.787208996844,0.99056264337,0.752442247397,0.816726933469,-0.466741689468,0.775776322684,0.363081785881,0.778837630981
6120492700,-0.0466423835576,-0.275822811561,-0.0632492035544,-0.115316636487,-0.00466633166877,-0.448618905822,0.00934457870092,-0.398343766536,-0.04637263628,-0.291779418154,0.0882855665661,-0.210931395781,-0.175421697964,0.350124955844,-0.222309798648,-0.29184701511,-0.279469556519,1.0,-0.391631334942,0.670124332594,-0.0851505251367,-0.120751668357,-0.366480260535,-0.252157033548,-0.365299303695,0.00678003558393,-0.00706789715769,-0.35348505385,-0.215792381935,-0.309038410113,-0.416997532843,-0.257295739812,-0.161629817926,-0.398152245658,0.872920514996,-0.26837648665,-0.274858369623,-0.391783105164
6120492940,0.265790562113,0.0731839936134,0.326885586808,-0.034971125999,0.0554675703655,0.827157457406,-0.0421404233882,0.953406015367,0.277986312966,0.879751747426,0.296957755031,0.734852896563,0.774298380064,0.265403138129,0.784306188736,0.819852284692,0.82351901304,-0.391631334942,1.0,-0.595036531951,0.428097386524,0.427044622005,0.580297855571,0.193813445271,0.417192735438,-0.195114808011,-0.181311858508,0.730330628342,0.738602782434,0.851007461709,0.992607126263,0.788244827382,0.606529652288,0.999681242789,-0.592495178215,0.539134717681,0.278266487775,0.581729115861
6120493770,-0.100770895918,-0.341557524381,-0.139500466788,-0.229517796507,-0.111586132373,-0.547512161405,-0.0865185154475,-0.583862919837,-0.223348493709,-0.513679031785,-0.169119929419,-0.419583495198,-0.435981626003,-0.0421727143258,-0.431842566969,-0.503710336616,-0.417392183265,0.670124332594,-0.595036531951,1.0,-0.302193252432,-0.219766520094,-0.433593269948,-0.270761357562,-0.363736537925,-0.0519816144779,-0.057025263744,-0.446421009017,-0.391780602185,-0.449968807307,-0.602654764312,-0.415860006875,-0.358470055937,-0.597590889328,0.923232705409,-0.36540024822,-0.309259558497,-0.422604352546
6120494640,-0.0337436146765,-0.188143560306,-0.0616666843308,-0.339198201423,-0.297431653835,0.177478788297,-0.262124889939,0.382992496344,-0.0439849609532,0.459768728194,0.0249733447734,0.591235877478,0.821568022897,0.123068398569,0.836537877485,0.663633163592,0.758288872428,-0.0851505251367,0.428097386524,-0.302193252432,1.0,0.949540986766,0.816979417702,0.417615630433,0.325034685602,-0.288933081986,-0.262708874403,0.131815271629,0.873580763361,0.722643644761,0.376020128617,0.813753450706,0.749226582314,0.417647858685,-0.267401761718,0.891258579633,0.536529407064,0.448075857414
6120496370,0.0574329978273,-0.243601154381,0.0321115596611,-0.425815019729,-0.312889294975,0.204066950265,-0.312187890421,0.3634750481,-0.0221007348657,0.414918479322,0.0524325635234,0.6001206039,0.761700842685,0.122845413834,0.793477598302,0.651264506343,0.744708638896,-0.120751668357,0.427044622005,-0.219766520094,0.949540986766,1.0,0.8901645589,0.55952058932,0.284501437591,-0.388658529977,-0.362993079334,0.217148456746,0.847021091626,0.708717340836,0.392499878471,0.792437607801,0.739901502477,0.42031771469,-0.238131466474,0.972792063378,0.685293023052,0.42032175397
6120498840,0.11822519379,-0.249209131129,0.09180278391,-0.523273307312,-0.383901321882,0.354048385552,-0.40542404086,0.493457390879,-0.0960340800685,0.49068394223,-0.0649311179732,0.598245785375,0.773665534456,-0.0518182341997,0.815249401407,0.667412267017,0.81173639996,-0.366480260535,0.580297855571,-0.433593269948,0.816979417702,0.8901645589,1.0,0.666362619164,0.602631497905,-0.507264883964,-0.470399575447,0.354684552269,0.851367129952,0.801207833292,0.557555962089,0.830712571072,0.707957092342,0.576345388185,-0.495445102396,0.950278814796,0.783057098885,0.718980010802
6120500440,0.103343385001,-0.192482998572,0.0818129447699,-0.368524656259,-0.246810941001,0.12654409325,-0.26637215266,0.145048346958,-0.0718841816656,0.123906526927,-0.0531429118419,0.244889877606,0.264055820503,-0.0618965108085,0.281021405619,0.281305396212,0.23617718623,-0.252157033548,0.193813445271,-0.270761357562,0.417615630433,0.55952058932,0.666362619164,1.0,0.361302342493,-0.347379226366,-0.326020874441,0.184813108234,0.308267949423,0.231655285803,0.196072362227,0.26872628006,0.316073516936,0.194823783268,-0.300745178513,0.659307813215,0.979250719888,0.324150705614
6120500930,0.0353871076972,-0.209536875222,0.00430292842451,-0.453889870024,-0.365468340532,0.241150117616,-0.364166136628,0.345880556362,-0.242551945152,0.355872887457,-0.276715200216,0.223382426954,0.506084399459,-0.280540475654,0.542690527759,0.281855577957,0.620776405355,-0.365299303695,0.417192735438,-0.363736537925,0.325034685602,0.284501437591,0.602631497905,0.361302342493,1.0,-0.398705932347,-0.356972670109,0.2039905494,0.537406051623,0.63830625921,0.401364724103,0.583177295957,0.313215471815,0.414240127431,-0.45313276511,0.356269238654,0.310057960934,0.96816625552
6121149010,0.068571805758,0.155670301715,0.153863674136,0.766929027781,0.813017392819,-0.00469077616326,0.789535814786,-0.105864906283,0.427991235912,-0.136610293191,0.306115350719,-0.167113354445,-0.282752090559,0.121329464071,-0.318861597388,-0.233470113085,-0.357412687179,0.00678003558393,-0.195114808011,-0.0519816144779,-0.288933081986,-0.388658529977,-0.507264883964,-0.347379226366,-0.398705932347,1.0,0.995041520493,-0.167746821526,-0.352524221305,-0.354840488373,-0.183607278012,-0.35294823541,-0.258955633518,-0.193019326588,0.00757038552368,-0.439444729423,-0.394522310928,-0.428126778249
6121149810,0.0485693791208,0.142405844248,0.128513324102,0.725744988018,0.776480960923,0.00641151710984,0.765428004633,-0.0947489992685,0.396198408082,-0.125336786555,0.269535403617,-0.16853335003,-0.251946382234,0.0877570416159,-0.285834427009,-0.223975709037,-0.323880866313,-0.00706789715769,-0.181311858508,-0.057025263744,-0.262708874403,-0.362993079334,-0.470399575447,-0.326020874441,-0.356972670109,0.995041520493,1.0,-0.140528836815,-0.31726646881,-0.322344319964,-0.173374134712,-0.317923887979,-0.238494518996,-0.179910299955,-0.00576862543612,-0.412375803098,-0.371265052702,-0.384981997961
6121150090,0.151708953274,0.0232817132752,0.227790253529,0.0342394134914,0.253639996003,0.848190926492,0.255629205383,0.737503063903,0.596948964994,0.613145959302,0.567088406386,0.57103178188,0.371856449554,0.380192528827,0.397183007596,0.481784353495,0.466507371613,-0.35348505385,0.730330628342,-0.446421009017,0.131815271629,0.217148456746,0.354684552269,0.184813108234,0.2039905494,-0.167746821526,-0.140528836815,1.0,0.362777633499,0.501966443904,0.770604039224,0.414981830386,0.253103480956,0.740109579479,-0.465314617373,0.330899339981,0.238485484901,0.312980517714
6121154410,0.0414239342353,-0.159951591944,0.027475169421,-0.362843652121,-0.299222583817,0.456557667358,-0.303119685429,0.682709467827,-0.0393064551028,0.729168081292,-0.000558936466745,0.689642313122,0.9751919462,0.0726060788657,0.991142680949,0.80009199127,0.971232995786,-0.215792381935,0.738602782434,-0.391780602185,0.873580763361,0.847021091626,0.851367129952,0.308267949423,0.537406051623,-0.352524221305,-0.31726646881,0.362777633499,1.0,0.954046478297,0.688739711955,0.991265390167,0.818497867531,0.728967465368,-0.426018345226,0.847832922428,0.43427057903,0.689359545749
6121154470,0.139914359404,-0.107599982376,0.143075639196,-0.319073176662,-0.227787224365,0.588874540774,-0.260150410285,0.784418938787,0.0338099228528,0.805409384996,0.0519008636202,0.691695749892,0.941644378545,0.0727199283769,0.965786337237,0.775947711031,0.997300255596,-0.309038410113,0.851007461709,-0.449968807307,0.722643644761,0.708717340836,0.801207833292,0.231655285803,0.63830625921,-0.354840488373,-0.322344319964,0.501966443904,0.954046478297,1.0,0.819763143064,0.979474002681,0.733895915081,0.845296313264,-0.49964558141,0.75335957369,0.355783003561,0.795698016304
6121154800,0.318888229714,0.118505205912,0.392230588985,0.00992115483448,0.110408427869,0.840979415843,-0.0144479489627,0.936803824767,0.322169960828,0.853151346665,0.335020173383,0.714674480506,0.717042491239,0.268359103541,0.734081805474,0.766445836699,0.787208996844,-0.416997532843,0.992607126263,-0.602654764312,0.376020128617,0.392499878471,0.557555962089,0.196072362227,0.401364724103,-0.183607278012,-0.173374134712,0.770604039224,0.688739711955,0.819763143064,1.0,0.744161248718,0.544078852505,0.99534410162,-0.610145238158,0.51369869234,0.277537087843,0.562730688059
6121154990,0.0731423589509,-0.142024072831,0.0651964635663,-0.349060717772,-0.276405839111,0.510578484683,-0.287768036044,0.728602981167,-0.0184472137279,0.769805673882,0.00855613377242,0.679217499912,0.972742724818,0.0617010081956,0.992471641026,0.789078870318,0.99056264337,-0.257295739812,0.788244827382,-0.415860006875,0.813753450706,0.792437607801,0.830712571072,0.26872628006,0.583177295957,-0.35294823541,-0.317923887979,0.414981830386,0.991265390167,0.979474002681,0.744161248718,1.0,0.78503105194,0.779821218586,-0.461842318588,0.809820755863,0.39529044698,0.735921817258
6121155000,-0.000232607573827,-0.144818533468,-0.0104647477494,-0.263986146497,-0.227276764746,0.332914649924,-0.219363444446,0.562564217449,0.0306526284058,0.614664942088,0.100660278412,0.710294440801,0.857011889,0.203960884386,0.824657700407,0.881674282504,0.752442247397,-0.161629817926,0.606529652288,-0.358470055937,0.749226582314,0.739901502477,0.707957092342,0.316073516936,0.313215471815,-0.258955633518,-0.238494518996,0.253103480956,0.818497867531,0.733895915081,0.544078852505,0.78503105194,1.0,0.593923658867,-0.254956133445,0.751099646424,0.420379920218,0.445078995385
6121155520,0.276549637954,0.0820810066154,0.340152608415,-0.0260746630718,0.0666125865788,0.831788390343,-0.0363667477453,0.951534427419,0.287676264446,0.875375999494,0.305111705715,0.731903407362,0.763125109835,0.265129581425,0.774596666652,0.80957489967,0.816726933469,-0.398152245658,0.999681242789,-0.597590889328,0.417647858685,0.42031771469,0.576345388185,0.194823783268,0.414240127431,-0.193019326588,-0.179910299955,0.740109579479,0.728967465368,0.845296313264,0.99534410162,0.779821218586,0.593923658867,1.0,-0.597292105187,0.534547516018,0.278723824352,0.578253104986
6121156300,-0.0946924337235,-0.338916941237,-0.126093603276,-0.16758286938,-0.0453246453234,-0.563436954589,-0.0202040581396,-0.569312653222,-0.14005642208,-0.474995807515,-0.0434898197867,-0.351411965077,-0.431794936804,0.152061268336,-0.453716171958,-0.431145496826,-0.466741689468,0.872920514996,-0.592495178215,0.923232705409,-0.267401761718,-0.238131466474,-0.495445102396,-0.300745178513,-0.45313276511,0.00757038552368,-0.00576862543612,-0.465314617373,-0.426018345226,-0.49964558141,-0.610145238158,-0.461842318588,-0.254956133445,-0.597292105187,1.0,-0.392237551943,-0.338662037397,-0.514716927089
6121158540,0.115976858294,-0.216221909854,0.0964947712536,-0.44032607231,-0.315155808235,0.3217414072,-0.332699127918,0.466691461999,-0.00949367319289,0.482919426723,0.0468379202386,0.641696177404,0.771068825479,0.0757666773664,0.80532227986,0.705217472001,0.775776322684,-0.26837648665,0.539134717681,-0.36540024822,0.891258579633,0.972792063378,0.950278814796,0.659307813215,0.356269238654,-0.439444729423,-0.412375803098,0.330899339981,0.847832922428,0.75335957369,0.51369869234,0.809820755863,0.751099646424,0.534547516018,-0.392237551943,1.0,0.778005539827,0.504419156732
6121159200,0.12606847593,-0.211271834812,0.104761560769,-0.409368173591,-0.271285239921,0.179467374088,-0.296588498255,0.219565978555,-0.0547192343868,0.202065940124,-0.0258518744431,0.342683340703,0.376759257461,-0.0310895790937,0.400698376677,0.382818721739,0.363081785881,-0.274858369623,0.278266487775,-0.309259558497,0.536529407064,0.685293023052,0.783057098885,0.979250719888,0.310057960934,-0.394522310928,-0.371265052702,0.238485484901,0.43427057903,0.355783003561,0.277537087843,0.39529044698,0.420379920218,0.278723824352,-0.338662037397,0.778005539827,1.0,0.374467241716
6121159780,0.0835590997318,-0.194986657873,0.0598028867701,-0.459028212163,-0.357316524593,0.364682847846,-0.369560965353,0.500672311387,-0.187360778686,0.510945717857,-0.211102091275,0.366685095706,0.663898251569,-0.211468308852,0.700351142737,0.435449024435,0.778837630981,-0.391783105164,0.581729115861,-0.422604352546,0.448075857414,0.42032175397,0.718980010802,0.324150705614,0.96816625552,-0.428126778249,-0.384981997961,0.312980517714,0.689359545749,0.795698016304,0.562730688059,0.735921817258,0.445078995385,0.578253104986,-0.514716927089,0.504419156732,0.374467241716,1.0
