,6120464680,6120464920,6120466590,6120466790,6120468040,6120469170,6120469440,6120471610,6120475080,6120475090,6120479600,6120479810,6120480910,6120482550,6120484260,6120484610,6120484990,6120485110,6120486220,6120486320,6120486440,6120488760,6120489070,6120489090,6120490080,6120490240,6120491440,6120492700,6120492820,6120492940,6120493110,6120493250,6120493770,6120494570,6120494640,6120494940,6120495310,6120496310,6120496370,6120498840,6120500320,6120500440,6120500930,6120500940,6120503260,6120503330,6120504230,6121149010,6121149810,6121150090,6121150100,6121150820,6121151880,6121152260,6121154220,6121154410,6121154470,6121154800,6121154990,6121155000,6121155380,6121155520,6121155580,6121156300,6121156360,6121156650,6121156960,6121157150,6121157370,6121157460,6121158450,6121158540,6121159170,6121159200,6121159320,6121159780,6121160600
6120464680,0.0,14.24881891156725,9.334345379531694,7.909417965295717,15.644259928020707,18.22565051309628,26.85703467496551,32.59805968818483,37.66096049280699,43.20853549831681,71.71162975199732,69.95414253517887,89.57312912163488,79.19636525680212,97.26499659150852,85.8333565741114,101.52747289818504,102.5027793596728,117.13626779115302,118.84771266492191,95.4974787151631,169.92594101047985,128.4763903071328,106.14784264778648,144.3470325729253,145.70655728915983,176.25789835480134,123.53710646458964,128.5182514437552,103.07250284256408,104.0954813999673,114.99170693863353,134.13775899661266,142.61569043538427,145.1066424170316,172.86485111403078,164.18419443462219,158.23286930906843,156.48525884035126,173.00470443488348,191.70279459741036,187.2411755047381,194.14078465989732,198.09395327621473,171.5161238599842,181.85148819357914,210.33911392992727,47.04724941696563,49.78076793115835,59.03163318250367,50.427692876739634,60.1421433545214,63.92805070204152,73.1801634375408,155.43291734451884,135.43744509022463,147.51433786044717,98.04507059077446,138.6665211538587,115.58445407916712,183.01465904494862,102.41030769276175,195.74170449642543,128.12096178504086,112.05570858101599,154.5773589198034,120.1592956507829,141.44314388289826,123.18861308102703,130.21135243919272,148.32841416476253,167.05710241193256,159.75644774679202,182.69254241513042,172.72114991771446,197.71584420833318,206.49407510747054
6120464920,14.24881891156725,0.0,12.696564646637771,21.36984739959942,28.695043767674235,25.429834672124695,39.428951719348895,39.639672978892925,47.33304023987312,48.68356739943772,82.19433954169482,79.04755559890097,100.27272171343616,88.08728324086465,108.1971121299547,94.24029534023215,112.95838127216149,113.3109370485172,128.893482849075,129.66965359488745,103.44209151903203,182.33586570635669,139.77914653877582,114.48143600948292,156.37661725380974,157.33950982997865,188.77219819835298,132.30758564951918,136.69093723519228,106.8643811001804,108.15835341503535,120.11007778349293,143.47169839183064,152.83158526210738,154.37863251646309,184.61951141367015,175.3872703653828,167.27196574063365,166.20557645108022,183.33134834819134,201.42385490766358,197.74699441004654,205.04806388789416,208.61437501832592,179.3414922567664,190.7205028928359,220.9462503307977,56.625222389841845,59.12496422244863,68.4190131341614,55.1972078251139,64.48573384540033,68.27172365419247,77.78187228004991,168.0045509450918,146.67891061989238,159.7814972457899,100.63812084423964,150.23914883479588,123.94481652039651,195.60304543562822,105.9464998954128,208.33737793510883,137.36332153154248,113.5958839423192,165.14320952615407,125.87023043948727,149.69086200183227,129.52653676137416,137.15398504059465,156.47932089392788,177.03206372555766,167.38415854309932,193.15943472777053,181.24461385707434,209.01097855241525,217.04834077958094
6120466590,9.334345379531694,12.696564646637771,0.0,11.911087698584847,17.708313907455697,12.808117146213538,27.5654185227737,27.279907917962138,34.63719523616634,36.948068718643015,69.49948019877279,66.4401242411447,87.58082480905767,75.52282255710564,95.51544554991595,81.77728799747818,100.32950179949292,100.62111105705489,116.31580550101536,116.97810733585013,91.10181209198745,169.92286552061668,127.12230270483902,102.05847218917239,143.8514503587356,144.72558678101234,176.39817159607958,119.80423337281124,124.32562525218452,96.1824672075074,97.34067090565846,108.81131739130832,130.87515022429366,140.1460189532994,141.79562046970915,172.0208602602232,162.71361245342848,154.73326488523756,153.56438834675112,170.64292111522394,188.7888490646077,185.0527784502419,192.35480389558177,195.92010624267525,167.09443576679146,178.222025549047,208.25048544667737,43.940201768589084,46.45956168204679,55.7625961055786,43.822732950140505,53.375557407267706,57.1828383598162,66.6136804526291,155.66519264476818,134.01368226817243,147.32739774259514,90.59923644292685,137.61712745422568,111.5241694220822,183.2581505962381,95.39672823114624,195.99096571229435,124.77830200680717,104.219511408932,152.4470416496017,114.32406267529295,137.315387044517,117.7362815380689,125.15464643168283,144.13221790518193,164.366855355345,155.1885441576265,180.46614019602373,168.81792830338384,196.34203745136963,204.35348181389273
6120466790,7.909417965295717,21.36984739959942,11.911087698584847,0.0,7.7355961076285045,13.88963399521478,18.95850839625526,26.890243190233324,30.520054076447135,37.90413504133559,64.07816629297876,62.72993841420857,81.86018287566917,71.99905130267203,89.49916410860182,78.77213599916787,93.68125354619262,94.75540172126885,109.25058457917046,111.0864580955999,88.56120403228496,162.01914668957104,120.63663010058058,99.05074263300871,136.44203018712304,137.82680059591937,168.35561168837992,116.27130626790381,121.42902001889908,97.77749407491052,98.67430875944169,109.06954771749614,126.70001879112138,134.95919587225546,137.675016762074,164.97267618732033,156.34857938465834,150.85286965869145,148.93231462947708,165.31160256706198,184.1322578322462,179.50967413872402,186.3409272811594,190.35708229125876,164.48350822095836,174.50128926652576,202.58444107398276,39.81612644595104,42.60746806245913,51.76974363125717,45.27971309992348,55.006889534719875,58.732901708552426,67.74835623350617,147.53302784314303,127.60367812224523,139.60492667703556,93.33286426691929,130.79352059876535,108.45847335845096,175.11709125666962,97.23424358738079,187.84512736378025,120.71445112365767,107.75817205419675,146.84545655856576,113.97874792937034,134.3114540936638,116.75531245959552,123.53746953015957,141.21827661412794,159.44000434405754,152.80012466228547,174.96946721022653,165.47494029396967,189.86386174542307,198.74933521327802
6120468040,15.644259928020707,28.695043767674235,17.708313907455697,7.7355961076285045,0.0,13.183828610711169,11.234895209479792,22.491654081833325,23.916091642759902,33.58454056744676,56.639737865597944,55.77252553222471,74.31952048305037,65.0483141878628,81.89935458682008,71.96009966167188,85.99854471890292,87.17343787237493,101.53027114053144,103.48654821898505,81.86752085293266,154.29215000450856,112.95796317776201,92.16439845087024,128.707323972936,130.1109544786219,160.63614724556368,109.18728320929404,114.5274254788017,92.83788563584687,93.596656257176,103.42686220993565,119.42944331268093,127.46089067959339,130.40620026825692,157.2464154144956,148.67196721297276,143.63225131453672,141.53588928666318,157.77195982986564,176.71152776320787,171.93109887255025,178.69651564735852,182.7725205703776,157.61314688869567,167.3036647300714,194.98207696803252,32.966865166394754,35.81170628991648,44.80705862240621,40.96932067720541,50.54982061620794,54.16112327598596,62.823446714043165,139.8174387436466,119.93027270627235,131.87113364059636,89.03304246483701,123.08370482473427,101.53006900192001,167.4046147405739,92.423633963505,180.1339436382027,113.47943340479068,103.8320829981227,139.2696753301814,108.05072370090868,127.35566608972742,110.55408422583552,117.07214815031426,134.2805562782691,151.9767575629853,146.01455203653867,167.39946273825956,158.38579324497775,182.1713540680685,191.156680914659
6120469170,18.22565051309628,25.429834672124695,12.808117146213538,13.88963399521478,13.183828610711169,0.0,18.386405875657378,14.661598652546882,22.0293202306183,24.996948165121683,56.92014010519601,53.63653369884233,75.02082830107452,62.71476364156747,83.01595735235983,68.99060418491825,88.02440751572223,88.0707666773601,104.13792447624974,104.40952468689363,78.36822065926569,158.06296805433007,114.70909749225959,89.28339639398327,131.7765792391236,132.43423858107562,164.6086257281845,107.00274172766517,111.57147634077542,84.84872789138153,85.87050738163501,96.86141480603,118.07038290377585,127.42274784386748,128.98879993488214,159.75852008240346,150.2271318160467,141.9259802511692,140.77821313384163,157.92807692452664,175.99894476392777,172.36683377209886,179.76050596104514,183.23413619394938,154.3918819164164,165.42002492319125,195.5791049375739,31.23119516419825,33.700056085203016,42.989719479872285,32.20246905523395,41.920549743687154,45.70397453231903,54.96021955341807,143.95701176293443,121.56764131721572,135.40189967351765,79.94109863333915,125.30677940996901,98.74859770200855,171.5184161234495,84.19627845573977,184.24082593054396,111.97159188341102,94.14711062036032,139.78565237688068,102.15077531475644,124.55498151885692,105.36131974979331,112.61904879688223,131.38347846322347,151.60349590943045,142.51645158140423,167.7739228135059,156.03547339626468,183.8678765866416,191.67218095367014
6120469440,26.85703467496551,39.428951719348895,27.5654185227737,18.95850839625526,11.234895209479792,18.386405875657378,0.0,19.275889280369658,15.535442484329135,29.07983368659617,45.75338032612468,45.68600113087731,63.26190522608168,54.91405360108583,70.76424823526277,62.01506122925617,74.77967427016304,76.05739069634562,90.2956955052182,92.34541702768148,72.06517395932826,143.14532101619935,101.7406783580099,82.03097938526825,117.49221847250766,118.87606862634145,149.5168149571522,98.73040757710382,104.32639777136619,85.72544133004479,86.26325036838453,95.15868659036153,108.70084727905278,116.43232449766047,119.67256715085627,146.0144494399319,137.45505186684014,132.9556205562721,130.62974874767593,146.68889500901943,165.7657682106614,160.80385815189914,167.50453277817047,171.63817004425889,147.4079345480977,156.64617146683042,183.82889760315467,23.458117496647432,26.327673637885244,34.82033486751057,35.98534787873382,44.908977879333705,48.21743589769034,56.09432381749592,128.7128605580385,108.71663473882113,120.69107756705286,82.95137639068855,111.84967866819117,91.31256357918024,156.30747618268117,85.515575642739,169.039850709265,102.80460392699675,98.19736903264395,128.1489568191323,99.32533038022709,117.05944575340692,101.40488194330385,107.50892965200059,124.00232739264446,140.98450242544544,135.9394992709744,156.2817735590246,147.87834820000128,170.9439938299132,180.01347285237284
6120471610,32.59805968818483,39.639672978892925,27.279907917962138,26.890243190233324,22.491654081833325,14.661598652546882,19.275889280369658,0.0,10.997367870762737,11.124299021740411,44.14151583936481,39.67498124754343,62.139349633148214,48.56520062528885,70.27435508254277,54.60554111869097,75.7941617306115,75.1457650734539,92.12859063380162,91.3649828511824,63.83487635755189,146.5460375040474,102.07010996421911,74.84265342139965,119.88633722142482,120.04696766583629,153.21525795390124,92.68509689155742,97.07215911495574,70.88777206074664,71.78955925247816,82.40792349585016,103.96933866869183,113.79863722451047,114.84317793612847,147.37709415879638,137.3135552560138,127.6717968245338,126.83080286945844,144.30635885283817,162.00850800554875,158.83862953258316,166.5139058602921,169.69819219060344,139.8146229465793,151.09069669952288,182.0843312766706,18.46880721110159,20.45547187969673,29.438065599449757,18.52861049761147,28.198996496801882,31.886852812479624,40.85898720852814,132.7866590008912,108.82146109424683,123.81963729767986,66.6484263286979,112.89423622627872,84.30664558801291,160.20574020759275,70.35663057252323,172.87979548059548,97.83902916332954,81.35442764517667,126.3732068711875,87.57350069759056,110.0679211885978,90.71352283641576,97.96011228773257,116.87167524188955,137.77803345253182,127.91181462120532,154.2273326381094,141.60675767016102,170.94238975667557,178.14677088269997
6120475080,37.66096049280699,47.33304023987312,34.63719523616634,30.520054076447135,23.916091642759902,22.0293202306183,15.535442484329135,10.997367870762737,0.0,15.792022678230804,34.89390432247271,32.29324714745513,52.99285018095459,41.5386139100597,60.98945432291924,48.25359578189086,66.08484813176054,66.04227471287834,82.28045613521223,82.38439826032287,58.055764381420644,136.44530439981614,92.70143739370138,68.54213413678217,109.98185874910934,110.48080894880417,143.05530487216782,85.87649096670016,90.92033236478436,70.19098634060676,70.74096522063444,79.86696582033079,96.57101359856695,105.53096068911674,107.52832700999178,137.81468587928464,128.199481737691,120.6077275304275,119.08766797275561,136.0189448057904,154.32066366955135,150.41676177202322,157.74498297840208,161.28399479754862,133.96575350155678,144.20752907858835,173.61330648792352,9.40823312759268,12.12057198978431,21.385523913978115,21.649542836022125,29.865454312259086,32.98898672528231,40.5993269002027,122.51208140394918,99.54884341489695,113.7414778615529,67.53038036516573,103.34473741344459,77.96136264841084,150.00982864560106,69.98203735124042,162.71156464452136,90.52506257322679,82.86620422642298,117.8102451445318,84.26864672799076,103.81922617376338,86.65613790771977,93.16764061129209,110.71782261866788,129.80995477646533,122.28232735631235,145.83155473017595,135.06112095160537,161.8410521512707,169.71669893164622
6120475090,43.20853549831681,48.68356739943772,36.948068718643015,37.90413504133559,33.58454056744676,24.996948165121683,29.07983368659617,11.124299021740411,15.792022678230804,0.0,40.21995533962021,33.52834685392087,57.44655941460612,41.61502285767229,65.64002898310268,46.81879840203776,71.82465427500307,70.13982115459352,88.23545449303549,85.96966222946308,55.371013834348275,142.87565151698195,97.1964251937141,66.646945266372,115.90158698429578,115.39847563092518,149.6632649867731,84.7559569965147,88.55149288356046,59.93235414523017,60.90490234659035,71.92482704235316,96.52320629799898,107.26077480274817,107.24768607615263,142.59583359053343,131.82146053184113,119.77438630992629,119.6193500486192,137.6501762730134,154.614987181336,152.3018620593501,160.41486314340253,163.12137680985293,130.87670552520996,142.94829012817405,175.54949821447204,17.62453684998755,18.09158207626463,24.99554438845795,7.405263527062162,17.10576361854397,20.83119579619283,29.975165994821047,129.6064597130461,103.73727290827024,120.19786137179887,55.52706269624875,108.25903038703304,76.0461423872263,156.72003745714395,59.346399084790534,169.28885588104532,90.35180558874889,70.24755964982562,120.14353612691626,77.37603088114757,101.54801995374751,80.86385301905004,88.48689580654747,108.24431072363276,130.76980721744985,118.85575656939919,147.67191426520492,133.20262696366188,165.31691794205994,171.56902746011585
6120479600,71.71162975199732,82.19433954169482,69.49948019877279,64.07816629297876,56.639737865597944,56.92014010519601,45.75338032612468,44.14151583936481,34.89390432247271,40.21995533962021,0.0,10.45125946315054,18.10241357808959,13.945980755179702,26.160807584084203,20.86374886318093,31.768279888326585,31.1531433427396,48.1740056324448,47.49050461444046,30.48521532615445,102.7781891979628,57.947193581035165,38.22163818738101,75.92158958514038,75.90747327861153,109.53085273820983,53.54849489880525,59.81777106942196,56.820976425632,56.16071228962383,59.3750470339385,63.00407622779084,70.90497695603233,73.96438320329652,103.23578974653724,93.3344397988847,87.29288797813061,84.89986811295529,101.32018209423217,120.07240272603565,115.6323903805666,122.85711186865697,126.49611680020811,102.59185804684586,110.98937126433981,138.79603152850945,25.81997833834967,23.68813735205819,15.237072087264577,39.02141888058341,38.274784105559974,37.99778863432311,37.53124075198948,89.39351372240546,64.73770328618755,80.06807767988849,59.65093637353654,68.75410169315604,46.943380653923164,116.57222208888842,57.67244149995301,129.1775913072756,57.176800349541075,74.68687890222385,82.9908956945498,61.053941539035094,72.16699550550197,61.092912926785154,65.23594627299047,79.11478728437439,95.3619303669772,91.52211804434484,111.06302617254042,102.43323441721058,126.9782828219933,134.91745010896076
6120479810,69.95414253517887,79.04755559890097,66.4401242411447,62.72993841420857,55.77252553222471,53.63653369884233,45.68600113087731,39.67498124754343,32.29324714745513,33.52834685392087,10.45125946315054,0.0,24.34345401203757,9.27658669106851,32.443411379722754,16.353868175760503,39.08285024569044,36.71015334103159,55.33928753257038,52.44142195055353,26.478038669688054,109.85701307886931,63.7318239840756,36.39883549058775,82.77455544753536,81.96944449637392,116.70357198691883,53.583392513073996,58.75508405952906,48.04122383424906,47.64376180186969,52.678660298282814,64.43534200805547,74.17026688006723,75.3621486118748,109.10847126514328,98.31002268590777,88.363639549355,87.18480445989131,104.66451799081858,122.38778431641371,119.2317352551723,127.09375738245237,130.0834267162416,101.84263377410636,111.93428331878954,142.48508614753112,22.920955794482186,20.17505118386479,10.968633876007882,30.8649373913289,28.610634374650413,27.940571775227482,27.082144446665886,97.00738034357013,70.22448826643912,87.29431929378066,49.953948277110705,74.84629740017171,45.75866577477464,123.78652198997878,48.68782637406857,136.25977914477406,58.34506601565506,65.25189504414818,86.86574428857088,55.446650087604226,71.5955796940337,56.562128716692975,62.02728446299532,78.51386260999014,98.10399384785434,90.28699076032404,114.61350205747887,102.77029898537748,131.83864778363346,138.5340782419455
6120480910,89.57312912163488,100.27272171343616,87.58082480905767,81.86018287566917,74.31952048305037,75.02082830107452,63.26190522608168,62.139349633148214,52.99285018095459,57.44655941460612,18.10241357808959,24.34345401203757,0.0,19.266227293529138,8.198309338393496,20.70703828836996,14.81915176568394,13.050729798013366,30.99583975334033,29.397342709993485,25.382199268693434,85.54716983302684,39.94917801210811,27.622301802669384,58.497823972579496,58.03621966404332,92.38069917614828,38.87351478193413,46.20431208181618,57.93389909793847,56.586189957368475,55.24832164652484,46.574989251603796,53.17482817893166,57.37472910836326,85.32232631588163,75.23825495035302,70.8074486649227,67.58579233696037,83.45442792880264,102.59368051165845,97.67050598484346,104.77637443628863,108.52643224315703,87.6345919016182,94.41964223852311,120.79400957638234,43.904050864933374,41.69468138200317,32.8533541716559,55.20205141373706,52.40345939111532,51.12852886377629,47.68494498950371,72.67643271715417,46.682510868277646,62.95658788976015,63.63725956500349,50.88412705980756,34.31482132540761,99.45974821403003,59.333704604300486,111.95783450547499,41.13668608718013,77.03357066540464,65.0087991215813,54.61753302455933,57.53243367501115,52.68150844698755,54.411934735287915,64.35399448534469,77.75380954850814,77.25333399376919,93.11944273638514,86.42480337728679,108.88173634133139,116.93403274783972
6120482550,79.19636525680212,88.08728324086465,75.52282255710564,71.99905130267203,65.0483141878628,62.71476364156747,54.91405360108583,48.56520062528885,41.5386139100597,41.61502285767229,13.945980755179702,9.27658669106851,19.266227293529138,0.0,26.634736070967058,7.402543641766963,33.866334234335206,30.085112305017763,49.49675583787525,44.96704572938373,17.54486980884376,103.43765963560136,56.641213784364325,27.131865095671643,76.31680759461038,74.90506649374318,110.33912578101,44.359447943820456,49.48023327842426,43.26529236357379,42.46808883986745,45.48441562515895,55.405766399143644,65.65108847147198,66.29431063858385,101.77591738136746,90.47642535490203,79.21536801823937,78.29795001681269,96.07185653267858,113.45101666923057,110.70403609496243,118.81443834780711,121.53315491750172,92.56916882956418,102.74705621366093,133.9560519523252,32.184480460569695,29.418265582871804,20.245083958532582,37.96262084866964,33.76240338334045,32.14056804677521,28.452054829993795,91.14973177177978,62.86554292142775,81.13027079335936,46.98288552623157,67.85967475918055,36.48220847813387,117.43387246337683,44.249735573523154,129.75429479110042,49.282436052328286,61.57463207816737,78.53864102931583,47.476657493879415,62.320038057357365,48.03354024210717,53.05446708470818,69.23739442977292,89.32433347306652,81.03239603031939,106.07605773925343,93.52554986872147,123.84973815143944,129.98285768809924
6120484260,97.26499659150852,108.1971121299547,95.51544554991595,89.49916410860182,81.89935458682008,83.01595735235983,70.76424823526277,70.27435508254277,60.98945432291924,65.64002898310268,26.160807584084203,32.443411379722754,8.198309338393496,26.634736070967058,0.0,26.564265128057773,7.448370217849192,5.370496782819465,22.97721158387623,21.587856749033655,28.67350345613534,77.41364156817426,31.79575767834265,27.56227366032126,50.33901633586225,49.84542973164322,84.26177234537161,34.93136695110098,42.82590458774175,61.88404459492572,60.30523793004552,57.053376135734254,40.8442320505684,45.964133802512166,51.33968664382566,77.14240091251578,67.21167923164865,64.74585936109034,60.7762651199455,75.97518995435976,95.51469205479866,90.03961427101599,96.91374881242533,100.87565547585197,82.63373783836113,88.1646759890631,113.08595118793285,51.9800554090564,49.82070390993893,41.03731987382314,63.30667884953816,60.204616741499635,58.75226842236116,54.707322713820616,64.69295610415433,38.57829614810925,54.8692273327825,68.51475679492259,42.692201992169814,32.23431837607413,91.34620911796004,63.45759256915272,103.81769007603017,35.900154782362165,81.08034821699194,57.38687787727977,55.314272936205825,53.108772882719734,52.39103037992573,52.65328145651158,59.7269616632742,70.59492868201639,72.82486181993818,85.51993848708068,80.65277099677918,100.85193224884534,109.25732727441992
6120484610,85.8333565741114,94.24029534023215,81.77728799747818,78.77213599916787,71.96009966167188,68.99060418491825,62.01506122925617,54.60554111869097,48.25359578189086,46.81879840203776,20.86374886318093,16.353868175760503,20.70703828836996,7.402543641766963,26.564265128057773,0.0,34.01253558279294,28.820309952439786,48.479931938720256,42.06474608788277,10.166297687538085,101.25144073414977,54.04285535680181,20.321765187794828,74.25583701741466,72.14591960494279,108.1834468785512,38.093500505709535,42.684935019031435,38.02255905499159,36.94689780960935,38.60561215735531,49.70466560490793,60.913676944773115,60.4465462080442,98.5364970994168,86.63820994443236,73.11036881755236,72.821413214285,91.08274826705875,107.79771038031032,105.78638908344246,114.26089318552728,116.5585193470551,85.71218664102568,96.48597304599666,128.9958574193312,39.00185194359406,36.178154700872604,27.211697484239345,42.33844915047918,36.70321767470727,34.420982712914,28.777394362246568,89.63223983684131,59.848045225169955,79.35553575701492,43.0264432309047,65.25756451170243,29.77669298206789,115.26417082118556,39.23859523404708,127.37872571062914,43.53300718962102,56.86104620081474,74.04193790276814,40.22684499240864,55.62353381653234,40.638932537733254,45.713993290390974,62.4971553561737,84.0240155636186,74.05633305244159,101.15289653455291,87.04537457874326,119.69602397089514,124.99315168674008
6120484990,101.52747289818504,112.95838127216149,100.32950179949292,93.68125354619262,85.99854471890292,88.02440751572223,74.77967427016304,75.7941617306115,66.08484813176054,71.82465427500307,31.768279888326585,39.08285024569044,14.81915176568394,33.866334234335206,7.448370217849192,34.01253558279294,0.0,7.5453311266518845,16.416949627592818,18.769832141459677,35.72344160896456,71.05383899029307,26.961421435572586,33.29494344695788,44.153321442371805,44.410581977460055,77.83944390757534,37.49459268769537,45.68618829588644,68.91691559101618,67.26850273990381,63.248192998736805,41.146962830295706,43.75283737502041,50.98245198006789,71.73539853443776,62.675577356575744,64.1595527739995,59.08300392376986,72.88346059291307,93.10419300583169,86.53927421276039,92.79848186304686,97.29091515332242,83.24156994866743,87.10886090497205,109.33186490144674,57.35545183854476,55.38465638615014,46.95004207666045,69.89218488185351,67.21901832897579,65.89665644937452,62.08012840871692,57.94042236486971,33.94340718117179,48.37568504569442,75.78530129346159,37.29010913734954,36.50593894187649,84.89990654693948,70.5393419961122,97.46535700095555,37.0004092998044,88.10027149921096,54.11527587206538,60.94158499156214,54.70494391722409,57.4561792432072,56.68426889361501,60.99619015603243,68.18398503766417,74.16053465407278,82.11116357119079,80.31570715069114,96.18952861148874,105.58779517491716
6120485110,102.5027793596728,113.3109370485172,100.62111105705489,94.75540172126885,87.17343787237493,88.0707666773601,76.05739069634562,75.1457650734539,66.04227471287834,70.13982115459352,31.1531433427396,36.71015334103159,13.050729798013366,30.085112305017763,5.370496782819465,28.820309952439786,7.5453311266518845,0.0,19.669055970534735,16.365891581487915,29.0728592800018,73.38587459331396,27.060483166539356,25.81386074035968,46.26127943246502,45.26653286142332,80.27681525055915,30.657033779024097,38.73983717827639,62.087381297885315,60.3574047688194,55.837224021243074,35.74704176913026,40.59645100934414,46.12521148549687,72.46632586234799,62.19430798350607,59.507693734155225,55.41634706874154,70.64884069501842,90.1450456467116,84.75799976531415,91.74650109658694,95.60228288498539,77.68525561861861,82.87202676650699,107.83635442902286,56.94875542813782,54.71548501034,45.789326681181635,67.4753784908911,63.845642551031304,62.16377353461025,57.48165084476321,61.11665410754374,33.69741576897552,51.046643150989055,69.35736225806775,38.137525622761565,29.055123716977995,87.37106394449115,63.77345412448374,99.7380064863693,31.013743040404695,81.22341550589124,52.09633547923924,53.41133052286969,48.4566824345983,49.918439483954295,49.32998870169021,54.96513315628647,65.22715018165351,68.10538316898797,80.22729598835943,75.47238938486466,95.8366494161189,103.99454077322426
6120486220,117.13626779115302,128.893482849075,116.31580550101536,109.25058457917046,101.53027114053144,104.13792447624974,90.2956955052182,92.12859063380162,82.28045613521223,88.23545449303549,48.1740056324448,55.33928753257038,30.99583975334033,49.49675583787525,22.97721158387623,48.479931938720256,16.416949627592818,19.669055970534735,0.0,13.378204672921818,47.838673528330524,54.640242693822934,13.123188938045365,42.00577940988582,27.762132176222657,28.596778916288,61.43674541267866,38.689233695047186,46.64130002263109,80.05801863292594,78.14636746411591,71.5813322816552,36.90804411233033,33.77013429565426,44.38127575445918,55.747908676923,47.743528816231645,56.33944954615706,49.22940802649612,60.018863001540474,81.08231150707928,72.82237844835895,78.14898517228076,83.34987209860816,77.27778919152743,77.67044076493654,95.07154813048076,73.67016791673016,71.75093800378991,63.36612254943855,86.19466791885675,83.16365872955653,81.63683908556818,77.14673947396226,41.71575328823255,19.775770314566014,31.982161415712476,88.01567336677613,21.65750256284218,41.56957393049718,68.50409794596239,81.87076983166286,81.05356686477144,35.068473740288226,98.93208365996774,41.433630290845976,67.71519779117314,52.1166368575027,62.88054440396315,59.582793861413045,57.30883420427838,56.630991648352804,70.05082774008902,68.58717482722257,72.46432517093301,80.8488269616527,91.46727860870716
6120486320,118.84771266492191,129.66965359488745,116.97810733585013,111.0864580955999,103.48654821898505,104.40952468689363,92.34541702768148,91.3649828511824,82.38439826032287,85.96966222946308,47.49050461444046,52.44142195055353,29.397342709993485,44.96704572938373,21.587856749033655,42.06474608788277,18.769832141459677,16.365891581487915,13.378204672921818,0.0,38.94898906274239,59.308165721950424,12.05212246209344,31.067720535011347,32.569660656843034,30.087926909638036,66.24361770607554,25.356872107595574,33.26520271531341,69.4579174454786,67.40091008679657,59.574774049374255,24.285867855554777,24.985065660903473,33.017603100849286,56.81030633209748,45.958451772820624,45.858930812386625,40.33686672670225,54.48603217478744,74.41346759341953,68.46286169529736,75.3821527194871,79.29291691849292,65.81490329972281,68.48306466929516,91.49820273560005,73.25167114799605,70.97171435752512,61.94877272014841,82.87031119105887,78.45078469811854,76.40175930094642,70.64995945981755,48.532575467414254,17.901002058190187,37.99536290129999,78.10890897383128,23.20914840944046,28.99258779799105,73.30427497271091,71.3745674454046,85.331921728682,21.814471418920643,87.91707340400762,35.826882335469556,55.16720392074744,39.188819558789675,49.99633738167209,46.281434849569685,44.75206472172782,49.474865161291454,57.73281327530394,63.954718012060894,62.08615661471157,79.5777795805344,87.6705629640341
6120486440,95.4974787151631,103.44209151903203,91.10181209198745,88.56120403228496,81.86752085293266,78.36822065926569,72.06517395932826,63.83487635755189,58.055764381420644,55.371013834348275,30.48521532615445,26.478038669688054,25.382199268693434,17.54486980884376,28.67350345613534,10.166297687538085,35.72344160896456,29.0728592800018,47.838673528330524,38.94898906274239,0.0,98.02593842802646,50.941430854156785,11.40614480552715,71.50685653158546,68.43099470770915,104.94858316725927,29.610627316824708,33.25301066209535,33.2152689570716,31.638770590320917,30.196881898234228,41.93524986423752,54.45718858196873,52.31168544645017,93.85201862944035,81.20048208904535,64.50524689184037,65.12963957668687,83.96874853872106,99.68501966383447,98.69847474583901,107.64352321519942,109.34961170089063,76.04743806993511,87.57929017273284,121.76781099371185,48.90522555478697,46.05583488146709,37.24500919916366,50.198133517418846,43.32856323666602,40.4704002459658,33.05488320653848,87.45088866062733,55.983880192055565,76.93773593696852,40.305429538640674,61.88775729894432,20.691179787118084,111.96322800450925,34.81687813146002,123.72534621915959,35.8046112171984,52.41020903932833,67.77476676558827,30.7735158809955,46.256676830868244,30.63715944344342,35.555186577342596,53.038559704322616,76.50905400462334,64.26008401761305,94.07847833725002,77.8680403773137,113.61094036536215,117.73639338704474
6120488760,169.92594101047985,182.33586570635669,169.92286552061668,162.01914668957104,154.29215000450856,158.06296805433007,143.14532101619935,146.5460375040474,136.44530439981614,142.87565151698195,102.7781891979628,109.85701307886931,85.54716983302684,103.43765963560136,77.41364156817426,101.25144073414977,71.05383899029307,73.38587459331396,54.640242693822934,59.308165721950424,98.02593842802646,0.0,47.2613037913757,88.92593152667331,27.124668076349725,29.708888371257615,6.935639265316629,75.99652506690033,80.40769561095439,126.29812381037733,124.05146257161263,113.53388985333746,65.08804502374673,50.23420187144854,62.17489001476066,15.641379808690695,27.069838672408547,63.664757649789486,53.502286069904265,43.57542380084907,60.31305154514078,44.962256435756785,41.875317009610335,50.69244201176448,82.80230393935373,70.06443615904189,57.872045884168095,128.07886498539617,126.25972309395884,117.9914307400687,140.71892496440532,137.1925484742289,135.3745995328347,129.93428895312977,14.95414844567006,42.11380161596009,22.72818174041836,135.7643030219767,36.15179036710987,83.76922691120087,14.014152096499588,128.33447136598497,26.414979933214166,68.82308573999669,143.4823387198738,40.52776642606878,107.30238841172365,76.22182366154576,100.74701105530146,93.25485987002384,76.54343978152322,49.01073702903293,83.61881890765845,43.72768221947996,72.87032225361644,38.22398060117792,55.8229231751367
6120489070,128.4763903071328,139.77914653877582,127.12230270483902,120.63663010058058,112.95796317776201,114.70909749225959,101.7406783580099,102.07010996421911,92.70143739370138,97.1964251937141,57.947193581035165,63.7318239840756,39.94917801210811,56.641213784364325,31.79575767834265,54.04285535680181,26.961421435572586,27.060483166539356,13.123188938045365,12.05212246209344,50.941430854156785,47.2613037913757,0.0,42.585609600151706,20.57479601718249,18.27065403971082,54.19693977659281,33.61404696912173,40.5535040900972,80.822993111335,78.70175724197443,69.99156328611251,27.86976234240665,21.3092084434869,33.24624974243462,45.40620994545061,35.71437846293991,44.24734525944844,36.486706424666096,46.97334790395546,67.96702464284411,60.03837255686591,65.8906886658226,70.67587633588212,65.70134059086047,64.84545754578639,82.57239175082292,83.7589026079823,81.61629790489913,72.79584911451072,94.39591305993049,90.27401233802075,88.30697158878837,82.68045179771777,36.70335270759086,7.000923403615783,26.115700957137083,89.73264895118777,11.234971384293717,39.21369731037762,61.26210737265121,82.78129205836177,73.33664658993553,28.024982701782704,98.97940348258857,28.327184469506204,64.94409410027309,43.11939085726012,59.22192078370022,54.11728494871377,47.383470382985806,43.52216863278754,59.529672069994184,55.725326449600274,60.1576444752211,69.25974832644062,78.88937921745055
6120489090,106.14784264778648,114.48143600948292,102.05847218917239,99.05074263300871,92.16439845087024,89.28339639398327,82.03097938526825,74.84265342139965,68.54213413678217,66.646945266372,38.22163818738101,36.39883549058775,27.622301802669384,27.131865095671643,27.56227366032126,20.321765187794828,33.29494344695788,25.81386074035968,42.00577940988582,31.067720535011347,11.40614480552715,88.92593152667331,42.585609600151706,0.0,63.04119898123669,59.21704892147399,95.80124792036833,18.2060611157036,22.378464371849347,38.3970093580803,36.365174075657904,30.09040445589259,30.59290287576164,43.56027919598511,40.906941238301776,83.75011982023409,70.70066905977157,53.147181043712834,53.76422706441964,72.71575179481368,88.27934921917166,87.43713586453461,96.52200797164848,98.04969608015548,65.4498156066006,76.33050759578006,110.45715793954645,59.2463447294542,56.443433846885085,47.35828555024545,61.58434733848392,54.70390208415669,51.78603113022187,44.06506440089827,79.27884749322101,46.847090186418974,68.68167118132214,47.14798969128559,53.050834064918675,9.465703484624658,102.73177390091911,40.30718302394831,114.19434260034559,24.49845690928195,57.014549550742565,56.895651576620246,27.76027623500516,35.30179266249853,25.112736380014557,27.288669283420628,42.180822528197844,65.16598689048138,53.90865185438946,82.82526363936263,66.76461714515422,102.69368644326217,106.4212189200331
6120490080,144.3470325729253,156.37661725380974,143.8514503587356,136.44203018712304,128.707323972936,131.7765792391236,117.49221847250766,119.88633722142482,109.98185874910934,115.90158698429578,75.92158958514038,82.77455544753536,58.497823972579496,76.31680759461038,50.33901633586225,74.25583701741466,44.153321442371805,46.26127943246502,27.762132176222657,32.569660656843034,71.50685653158546,27.124668076349725,20.57479601718249,63.04119898123669,0.0,7.628094854423353,34.022532462188536,52.252203901101595,58.06648586606873,101.09988595574454,98.93599722412328,89.5459153915604,43.415710099006965,30.699277087989,44.32334709590959,28.963074954752113,25.191475132459395,51.03132539780516,40.996547706232136,42.225056522000244,63.52846156284895,51.67568118276198,54.38486607010826,61.141766867534,72.73759653569856,66.1180494162086,71.75767743532205,101.42451229234977,99.51304298134994,91.09137623081774,113.6281902170107,110.07490632607072,108.28416641439688,102.994148346832,16.35663649768743,16.79214205622753,5.85670317552749,110.17408015155246,10.299722527791886,58.97408171115702,41.117252150626726,103.08477123925798,53.49433843604799,45.647439004770916,118.97831753875609,27.945501514683116,83.98142814972078,57.190766699106405,77.8449830864875,71.56707915821256,59.58188328151223,42.75157449273281,69.7195767454901,48.22058441016362,64.74183239658588,55.295133279941794,68.56811957303995
6120490240,145.70655728915983,157.33950982997865,144.72558678101234,137.82680059591937,130.1109544786219,132.43423858107562,118.87606862634145,120.04696766583629,110.48080894880417,115.39847563092518,75.90747327861153,81.96944449637392,58.03621966404332,74.90506649374318,49.84542973164322,72.14591960494279,44.410581977460055,45.26653286142332,28.596778916288,30.087926909638036,68.43099470770915,29.708888371257615,18.27065403971082,59.21704892147399,7.628094854423353,0.0,36.592176605727666,46.88059378362291,52.096323885424,96.72507407021013,94.50114007677625,84.4239690451177,37.08117825520865,23.569515689074,37.07802823802914,27.338280797556067,19.979602682709622,43.412149087740026,33.369379005126945,35.67565196120215,57.170085128621565,46.28622478615214,50.22160147012461,56.26083989784482,65.10957427101981,58.8044989824797,67.44508126481855,101.66426733387028,99.59553017317742,90.88224328009977,112.66255699248931,108.50450546774798,106.48737323102837,100.65496454118455,22.115444600603713,12.447429304508638,12.664337818384933,106.10219210814883,7.154685612022102,54.25682804095348,43.559946440180404,98.74839788237063,55.33739890380673,39.94732886920514,114.17818672065614,20.409720102727075,78.52437374658278,50.26708573338935,72.18815512332164,65.43270597234071,52.32361025632896,35.49764567354565,62.203423889207954,42.50984650143914,57.16294749799052,52.326666884490564,64.04072497248417
6120491440,176.25789835480134,188.77219819835298,176.39817159607958,168.35561168837992,160.63614724556368,164.6086257281845,149.5168149571522,153.21525795390124,143.05530487216782,149.6632649867731,109.53085273820983,116.70357198691883,92.38069917614828,110.33912578101,84.26177234537161,108.1834468785512,77.83944390757534,80.27681525055915,61.43674541267866,66.24361770607554,104.94858316725927,6.935639265316629,54.19693977659281,95.80124792036833,34.022532462188536,36.592176605727666,0.0,82.66067316384107,86.88103056772663,133.07492313347635,130.81895512416128,120.15839792805754,71.55211915740641,56.592787308083906,68.1632251764373,18.806103383822105,32.07374758525753,68.81824323867482,58.84365618431132,47.21228007448098,62.198205500721684,46.52468235957276,41.82143949859428,50.88181621244862,87.20003241712607,73.39846309383414,56.70244298174716,134.75308863243689,132.9653308625295,124.75437052747677,147.56806098226022,144.09740491126004,142.2931187385057,136.8693599930806,20.85124937892093,49.015083919889356,29.46638822425629,142.58593398446786,43.082406897501386,90.53745892625625,7.094746704875742,135.1167373803821,19.66459762257474,75.44563348132156,150.15316517756816,46.27441755743644,113.8414075582686,82.24857800575819,107.23874614548916,99.59026894215937,82.24628507675786,53.40320846119425,88.73106543791,45.95960976446461,77.02782267572408,36.70013331836135,55.09346290238306
