,6120466590,6120469170,6120471610,6120475080,6120479600,6120479810,6120480910,6120482550,6120484260,6120484610,6120485110,6120486320,6120486440,6120489070,6120489090,6120490080,6120492700,6120492940,6120493770,6120494640,6120496370,6120498840,6120500440,6120500930,6121149010,6121149810,6121150090,6121154410,6121154470,6121154800,6121154990,6121155000,6121155520,6121156300,6121158540,6121159200
6120466590,1.0,0.516545891591,0.768400732031,0.296644349961,0.0779305917328,0.229751040544,0.0258449000278,0.186014386404,-0.0142834039327,0.152151525382,-0.0254996818595,-0.168820167254,0.0539988575678,-0.180746165123,-0.088041570128,-0.188353430124,-0.192855500896,0.0483693038499,-0.272831443045,-0.214293467258,-0.258392221917,-0.285603236116,-0.19173907354,-0.269864261233,0.314045314432,0.28711753918,0.051213968766,-0.210865164623,-0.171564824628,0.0925568141155,-0.197688461424,-0.162821340147,0.0571312581848,-0.250855411093,-0.238966246779,-0.214437926089
6120469170,0.516545891591,1.0,0.235052816093,0.544051764148,0.193554757371,0.264395659746,0.194518990217,0.374253271638,0.156865579178,0.424209258751,0.186156812995,0.00432052228888,0.348609892579,0.0316707902237,0.106660906878,0.0989343203471,-0.0944412518794,0.326768056323,-0.172388142287,-0.0711700164432,0.024301257798,0.0942888796929,0.109599069663,-0.00063702350213,0.139494988615,0.114990889402,0.222281235296,0.0158789672192,0.132775887511,0.395521059748,0.053926464594,-0.0218316958293,0.340695986423,-0.163898711772,0.0961361615815,0.131000026591
6120471610,0.768400732031,0.235052816093,1.0,0.793993713547,0.0820293599165,0.626844602223,-0.0234893944039,0.428289869942,-0.0819972158175,0.353909487413,-0.0968482812741,-0.312906804638,0.177452009001,-0.344431806167,-0.184365646326,-0.375720575636,-0.136500055719,-0.055803266823,-0.250925625494,-0.351420641063,-0.431604915434,-0.517496073205,-0.342757121137,-0.463945216084,0.7673539276,0.725492957243,0.0229474121651,-0.389869122081,-0.359350785089,-0.00915166347172,-0.379828507243,-0.281548510643,-0.0465390867748,-0.191658288043,-0.436953309863,-0.387734681132
6120475080,0.296644349961,0.544051764148,0.793993713547,1.0,0.164423811673,0.826835225862,0.0472960151101,0.63852832527,-0.0143183861051,0.582393873109,-0.00363415081418,-0.272156782891,0.372702252012,-0.288718308304,-0.127222962138,-0.287670103282,-0.0530696812843,0.0453982847465,-0.163582188082,-0.319524638255,-0.333196068967,-0.390202893141,-0.229361931531,-0.381855449485,0.808828624978,0.772335639279,0.245880142731,-0.329788466894,-0.26408681155,0.105699376616,-0.308297780439,-0.252476599928,0.0576095688992,-0.101681139843,-0.323570675018,-0.258320488852
6120479600,0.0779305917328,0.193554757371,0.0820293599165,0.164423811673,1.0,0.304265723994,0.90347921728,0.632257414405,0.748722518965,0.460479950898,0.624155824135,0.484397069733,0.223531699014,0.495406397177,0.577605839356,0.547605054558,-0.476314080086,0.825899726302,-0.574884293093,0.172287154659,0.205100573866,0.369379934032,0.181831731841,0.238286215597,-0.0157673378043,-0.00315037863836,0.847079157213,0.447412578705,0.581476255084,0.840949345519,0.501649728736,0.325285771332,0.830779714786,-0.597792800475,0.331676096252,0.234249704747
6120479810,0.229751040544,0.264395659746,0.626844602223,0.826835225862,0.304265723994,1.0,0.0473448718585,0.797868566211,-0.0233164943622,0.614783415024,-0.0163680346453,-0.259443468126,0.33163836627,-0.287818307705,-0.135034450612,-0.309313373661,-0.0399150778786,-0.0527625100499,-0.137282693515,-0.283006718147,-0.333445457242,-0.414662324996,-0.258358694647,-0.380165094211,0.785046494979,0.761455723857,0.249363500839,-0.331807635786,-0.294587691281,-0.020730605139,-0.317668595563,-0.243147358866,-0.0461139400532,-0.0749859421938,-0.343379582343,-0.292952009023
6120480910,0.0258449000278,0.194518990217,-0.0234893944039,0.0472960151101,0.90347921728,0.0473448718585,1.0,0.400312072613,0.925060718992,0.372431578802,0.762800841799,0.735077357015,0.226442551847,0.729865209346,0.790127254048,0.753107470694,-0.427341541248,0.953611478296,-0.614975754959,0.380025708337,0.368611070144,0.517441331268,0.218214685001,0.344264035289,-0.122870064958,-0.109761725195,0.73569163639,0.675523971009,0.778597895952,0.937761969335,0.721551158392,0.557332238303,0.951892362424,-0.606758492981,0.483465879308,0.292968807519
6120482550,0.186014386404,0.374253271638,0.428289869942,0.63852832527,0.632257414405,0.797868566211,0.400312072613,1.0,0.287966372071,0.949340753436,0.384553204348,-0.00210387903433,0.693590648746,-0.0192606182495,0.166079311691,-0.0193740545228,-0.0954237667123,0.272136414855,-0.277050243329,-0.0611542587504,-0.0356921088977,-0.0933142548294,-0.0306988587666,-0.257450508841,0.412355213215,0.381617324544,0.595809654207,-0.0644791143963,0.00476656562747,0.3210645518,-0.0446510242308,0.0107261242653,0.282787467629,-0.197339785526,-0.00969502670721,-0.0164025817262
6120484260,-0.0142834039327,0.156865579178,-0.0819972158175,-0.0143183861051,0.748722518965,-0.0233164943622,0.925060718992,0.287966372071,1.0,0.302151112744,0.922047652519,0.806144577133,0.243781852215,0.782802909865,0.770701069738,0.782652548425,-0.319332987604,0.878375523615,-0.544595577053,0.457982556282,0.421358955766,0.516546006008,0.199834214408,0.354452351578,-0.156637370992,-0.143091925848,0.609418558234,0.722706295355,0.799300975145,0.852410766452,0.763222421978,0.610200397179,0.874123970744,-0.511150946737,0.501466016006,0.278501582066
6120484610,0.152151525382,0.424209258751,0.353909487413,0.582393873109,0.460479950898,0.614783415024,0.372431578802,0.949340753436,0.302151112744,1.0,0.451024348831,0.0404368017264,0.859356696843,0.0147436437333,0.233160127317,-0.000379998012427,0.0412833462113,0.291753956724,-0.226022768153,0.0075040725194,0.0392901204885,-0.0610396006399,-0.00364738748277,-0.29548978377,0.284340458425,0.249027182285,0.566318427138,-0.0276117981366,0.0199502150493,0.334919358133,-0.0199888677341,0.0807797612887,0.300932871893,-0.101063931745,0.0484089160009,0.0209932164711
6120485110,-0.0254996818595,0.186156812995,-0.0968482812741,-0.00363415081418,0.624155824135,-0.0163680346453,0.762800841799,0.384553204348,0.922047652519,0.451024348831,1.0,0.72013479748,0.386513456148,0.702822797648,0.832230817737,0.677986245719,-0.238102932624,0.731711270958,-0.449907386165,0.589949685416,0.606389914517,0.622094232071,0.323694567056,0.219666414607,-0.188296008994,-0.187602449115,0.566175839326,0.682908380616,0.683957027081,0.712685218842,0.671596225473,0.706553892288,0.728991724778,-0.38529473566,0.659196172895,0.422721070317
6120486320,-0.168820167254,0.00432052228888,-0.312906804638,-0.272156782891,0.484397069733,-0.259443468126,0.735077357015,-0.00210387903433,0.806144577133,0.0404368017264,0.72013479748,1.0,0.127401985888,0.992414582366,0.845614594898,0.952622655053,-0.196675619596,0.771177385441,-0.461787950888,0.823805014462,0.771098805555,0.799997712897,0.341825498398,0.50589855953,-0.304251874942,-0.270677982282,0.364306892404,0.97466686859,0.942427313029,0.713926270941,0.972310352771,0.856139521598,0.759985758549,-0.465098759419,0.790285631129,0.456831442078
6120486440,0.0539988575678,0.348609892579,0.177452009001,0.372702252012,0.223531699014,0.33163836627,0.226442551847,0.693590648746,0.243781852215,0.859356696843,0.386513456148,0.127401985888,1.0,0.0836907954734,0.390762713644,0.0345088489246,0.317044914872,0.259822781481,-0.0937598179334,0.108259856115,0.111373478329,-0.0478965421396,-0.0125131005594,-0.300666532927,0.0912356614387,0.0595209243122,0.373850696874,0.0477094834043,0.0411336273537,0.266571409822,0.0346890377801,0.187625556179,0.260257434545,0.1051272889,0.0780648106315,0.0159588467167
6120489070,-0.180746165123,0.0316707902237,-0.344431806167,-0.288718308304,0.495406397177,-0.287818307705,0.729865209346,-0.0192606182495,0.782802909865,0.0147436437333,0.702822797648,0.992414582366,0.0836907954734,1.0,0.820486193292,0.976543339173,-0.244347701917,0.78093097386,-0.456169863919,0.839374407826,0.804121122139,0.843266124377,0.361992257001,0.543226644612,-0.340907812917,-0.304998877272,0.389995875863,0.990994064035,0.966970894168,0.730769171398,0.99242352935,0.823500910671,0.77121491269,-0.485590227615,0.825887390871,0.48437031277
6120489090,-0.088041570128,0.106660906878,-0.184365646326,-0.127222962138,0.577605839356,-0.135034450612,0.790127254048,0.166079311691,0.770701069738,0.233160127317,0.832230817737,0.845614594898,0.390762713644,0.820486193292,1.0,0.775237240244,-0.321481128714,0.82021073791,-0.53701343177,0.662395975341,0.655976994263,0.688616272977,0.354975203089,0.278787950444,-0.254920201601,-0.243047285979,0.475694118113,0.796458459021,0.773270583109,0.767330868968,0.785328525646,0.880412565851,0.810015125256,-0.46837933719,0.720373541419,0.458040141471
6120490080,-0.188353430124,0.0989343203471,-0.375720575636,-0.287670103282,0.547605054558,-0.309313373661,0.753107470694,-0.0193740545228,0.782652548425,-0.000379998012427,0.677986245719,0.952622655053,0.0345088489246,0.976543339173,0.775237240244,1.0,-0.310318815105,0.820383644424,-0.447523664449,0.765236658414,0.763421791558,0.854724986771,0.339978304323,0.627091837753,-0.388992731723,-0.351580868345,0.460250932351,0.972535528287,0.997240755175,0.784235923322,0.991202372564,0.752584144634,0.813620299197,-0.507057959972,0.808486133943,0.470636597144
6120492700,-0.192855500896,-0.0944412518794,-0.136500055719,-0.0530696812843,-0.476314080086,-0.0399150778786,-0.427341541248,-0.0954237667123,-0.319332987604,0.0412833462113,-0.238102932624,-0.196675619596,0.317044914872,-0.244347701917,-0.321481128714,-0.310318815105,1.0,-0.409385759872,0.652938073569,-0.101504566743,-0.140638850102,-0.381628191887,-0.25947758586,-0.383088552568,-0.0259395661194,-0.0370673929555,-0.377891129223,-0.238614696961,-0.340269641684,-0.432094762371,-0.28232849424,-0.191260716985,-0.415429548661,0.866074266365,-0.28262793007,-0.285539866858
6120492940,0.0483693038499,0.326768056323,-0.055803266823,0.0453982847465,0.825899726302,-0.0527625100499,0.953611478296,0.272136414855,0.878375523615,0.291753956724,0.731711270958,0.771177385441,0.259822781481,0.78093097386,0.82021073791,0.820383644424,-0.409385759872,1.0,-0.615406569911,0.428815091023,0.437632051375,0.608828471143,0.273640117855,0.41825858421,-0.208494715845,-0.192945629258,0.730069704505,0.734785475118,0.848570984751,0.992611848103,0.784368497825,0.60499092954,0.999680531691,-0.618739712038,0.56012047629,0.359086979258
6120493770,-0.272831443045,-0.172388142287,-0.250925625494,-0.163582188082,-0.574884293093,-0.137282693515,-0.614975754959,-0.277050243329,-0.544595577053,-0.226022768153,-0.449907386165,-0.461787950888,-0.0937598179334,-0.456169863919,-0.53701343177,-0.447523664449,0.652938073569,-0.615406569911,1.0,-0.328982493213,-0.244854502608,-0.455331768852,-0.295449285271,-0.379730509566,-0.0853370923825,-0.0873976435579,-0.471020857266,-0.41589191227,-0.480385741291,-0.619609651697,-0.441097665516,-0.382920028673,-0.61731223845,0.918690578862,-0.38539433267,-0.338599573794
6120494640,-0.214293467258,-0.0711700164432,-0.351420641063,-0.319524638255,0.172287154659,-0.283006718147,0.380025708337,-0.0611542587504,0.457982556282,0.0075040725194,0.589949685416,0.823805014462,0.108259856115,0.839374407826,0.662395975341,0.765236658414,-0.101504566743,0.428815091023,-0.328982493213,1.0,0.951267735488,0.82663695389,0.468129686313,0.323039202486,-0.303324016035,-0.275156486177,0.126603475154,0.876266815632,0.729780803771,0.377270336887,0.817526939107,0.747963494971,0.418448849203,-0.291526155491,0.897301292318,0.590099356305
6120496370,-0.258392221917,0.024301257798,-0.431604915434,-0.333196068967,0.205100573866,-0.333445457242,0.368611070144,-0.0356921088977,0.421358955766,0.0392901204885,0.606389914517,0.771098805555,0.111373478329,0.804121122139,0.655976994263,0.763421791558,-0.140638850102,0.437632051375,-0.244854502608,0.951267735488,1.0,0.893938584667,0.597707498758,0.283708930598,-0.402380659464,-0.374850575706,0.216516336521,0.857310621799,0.728117438936,0.404163735482,0.805295871182,0.742905823374,0.431089156103,-0.265495180085,0.974767785717,0.726961943916
6120498840,-0.285603236116,0.0942888796929,-0.517496073205,-0.390202893141,0.369379934032,-0.414662324996,0.517441331268,-0.0933142548294,0.516546006008,-0.0610396006399,0.622094232071,0.799997712897,-0.0478965421396,0.843266124377,0.688616272977,0.854724986771,-0.381628191887,0.608828471143,-0.455331768852,0.82663695389,0.893938584667,1.0,0.678326525542,0.609324585157,-0.511952810879,-0.474036721083,0.365366849352,0.878548979304,0.845860711868,0.586381529209,0.86278269883,0.723330628321,0.604897978854,-0.521025086982,0.950292786387,0.80003730109
6120500440,-0.19173907354,0.109599069663,-0.342757121137,-0.229361931531,0.181831731841,-0.258358694647,0.218214685001,-0.0306988587666,0.199834214408,-0.00364738748277,0.323694567056,0.341825498398,-0.0125131005594,0.361992257001,0.354975203089,0.339978304323,-0.25947758586,0.273640117855,-0.295449285271,0.468129686313,0.597707498758,0.678326525542,1.0,0.440620839282,-0.345939258763,-0.325723291052,0.232315537351,0.388825328434,0.338099697512,0.275532483061,0.355651725318,0.377057609325,0.274564935258,-0.322881937387,0.683175565415,0.976375924568
6120500930,-0.269864261233,-0.00063702350213,-0.463945216084,-0.381855449485,0.238286215597,-0.380165094211,0.344264035289,-0.257450508841,0.354452351578,-0.29548978377,0.219666414607,0.50589855953,-0.300666532927,0.543226644612,0.278787950444,0.627091837753,-0.383088552568,0.41825858421,-0.379730509566,0.323039202486,0.283708930598,0.609324585157,0.440620839282,1.0,-0.409099588341,-0.365542931243,0.20115183037,0.537587536908,0.645852899898,0.403012513577,0.58516146488,0.310553678577,0.415404718056,-0.47607815442,0.358635991134,0.354937379733
6121149010,0.314045314432,0.139494988615,0.7673539276,0.808828624978,-0.0157673378043,0.785046494979,-0.122870064958,0.412355213215,-0.156637370992,0.284340458425,-0.188296008994,-0.304251874942,0.0912356614387,-0.340907812917,-0.254920201601,-0.388992731723,-0.0259395661194,-0.208494715845,-0.0853370923825,-0.303324016035,-0.402380659464,-0.511952810879,-0.345939258763,-0.409099588341,1.0,0.995068210841,-0.184198558802,-0.375392168054,-0.386351178347,-0.194239534391,-0.377910779242,-0.276843162787,-0.205846346069,-0.0284971706797,-0.445323188936,-0.397067020573
6121149810,0.28711753918,0.114990889402,0.725492957243,0.772335639279,-0.00315037863836,0.761455723857,-0.109761725195,0.381617324544,-0.143091925848,0.249027182285,-0.187602449115,-0.270677982282,0.0595209243122,-0.304998877272,-0.243047285979,-0.351580868345,-0.0370673929555,-0.192945629258,-0.0873976435579,-0.275156486177,-0.374850575706,-0.474036721083,-0.325723291052,-0.365542931243,0.995068210841,1.0,-0.156391693015,-0.337130052176,-0.349993830773,-0.182577358698,-0.33965340171,-0.254165544461,-0.191054359605,-0.0388717716559,-0.417174659027,-0.37455019943
6121150090,0.051213968766,0.222281235296,0.0229474121651,0.245880142731,0.847079157213,0.249363500839,0.73569163639,0.595809654207,0.609418558234,0.566318427138,0.566175839326,0.364306892404,0.373850696874,0.389995875863,0.475694118113,0.460250932351,-0.377891129223,0.730069704505,-0.471020857266,0.126603475154,0.216516336521,0.365366849352,0.232315537351,0.20115183037,-0.184198558802,-0.156391693015,1.0,0.355089438255,0.496928860703,0.771969059869,0.407732698745,0.245839287492,0.740169414047,-0.496239271333,0.33728821748,0.285720382375
6121154410,-0.210865164623,0.0158789672192,-0.389869122081,-0.329788466894,0.447412578705,-0.331807635786,0.675523971009,-0.0644791143963,0.722706295355,-0.0276117981366,0.682908380616,0.97466686859,0.0477094834043,0.990994064035,0.796458459021,0.972535528287,-0.238614696961,0.734785475118,-0.41589191227,0.876266815632,0.857310621799,0.878548979304,0.388825328434,0.537587536908,-0.375392168054,-0.337130052176,0.355089438255,1.0,0.955343368425,0.685123535205,0.991330378043,0.816895459657,0.725172103805,-0.457808869479,0.867738951498,0.517820261576
6121154470,-0.171564824628,0.132775887511,-0.359350785089,-0.26408681155,0.581476255084,-0.294587691281,0.778597895952,0.00476656562747,0.799300975145,0.0199502150493,0.683957027081,0.942427313029,0.0411336273537,0.966970894168,0.773270583109,0.997240755175,-0.340269641684,0.848570984751,-0.480385741291,0.729780803771,0.728117438936,0.845860711868,0.338099697512,0.645852899898,-0.386351178347,-0.349993830773,0.496928860703,0.955343368425,1.0,0.817483679477,0.980083634956,0.734284653919,0.842890562892,-0.540493711551,0.787222979167,0.4657820024
6121154800,0.0925568141155,0.395521059748,-0.00915166347172,0.105699376616,0.840949345519,-0.020730605139,0.937761969335,0.3210645518,0.852410766452,0.334919358133,0.712685218842,0.713926270941,0.266571409822,0.730769171398,0.767330868968,0.784235923322,-0.432094762371,0.992611848103,-0.619609651697,0.377270336887,0.404163735482,0.586381529209,0.275532483061,0.403012513577,-0.194239534391,-0.182577358698,0.771969059869,0.685123535205,0.817483679477,1.0,0.74041789451,0.542863941525,0.995350635622,-0.633100836541,0.53518705277,0.357993210676
6121154990,-0.197688461424,0.053926464594,-0.379828507243,-0.308297780439,0.501649728736,-0.317668595563,0.721551158392,-0.0446510242308,0.763222421978,-0.0199888677341,0.671596225473,0.972310352771,0.0346890377801,0.99242352935,0.785328525646,0.991202372564,-0.28232849424,0.784368497825,-0.441097665516,0.817526939107,0.805295871182,0.86278269883,0.355651725318,0.58516146488,-0.377910779242,-0.33965340171,0.407732698745,0.991330378043,0.980083634956,0.74041789451,1.0,0.783697903979,0.775958316162,-0.495808804357,0.833645261883,0.485590572139
6121155000,-0.162821340147,-0.0218316958293,-0.281548510643,-0.252476599928,0.325285771332,-0.243147358866,0.557332238303,0.0107261242653,0.610200397179,0.0807797612887,0.706553892288,0.856139521598,0.187625556179,0.823500910671,0.880412565851,0.752584144634,-0.191260716985,0.60499092954,-0.382920028673,0.747963494971,0.742905823374,0.723330628321,0.377057609325,0.310553678577,-0.276843162787,-0.254165544461,0.245839287492,0.816895459657,0.734284653919,0.542863941525,0.783697903979,1.0,0.592421874938,-0.281668060073,0.761502265637,0.483387685829
6121155520,0.0571312581848,0.340695986423,-0.0465390867748,0.0576095688992,0.830779714786,-0.0461139400532,0.951892362424,0.282787467629,0.874123970744,0.300932871893,0.728991724778,0.759985758549,0.260257434545,0.77121491269,0.810015125256,0.813620299197,-0.415429548661,0.999680531691,-0.61731223845,0.418448849203,0.431089156103,0.604897978854,0.274564935258,0.415404718056,-0.205846346069,-0.191054359605,0.740169414047,0.725172103805,0.842890562892,0.995350635622,0.775958316162,0.592421874938,1.0,-0.62292907278,0.555598542373,0.359455956629
6121156300,-0.250855411093,-0.163898711772,-0.191658288043,-0.101681139843,-0.597792800475,-0.0749859421938,-0.606758492981,-0.197339785526,-0.511150946737,-0.101063931745,-0.38529473566,-0.465098759419,0.1051272889,-0.485590227615,-0.46837933719,-0.507057959972,0.866074266365,-0.618739712038,0.918690578862,-0.291526155491,-0.265495180085,-0.521025086982,-0.322881937387,-0.47607815442,-0.0284971706797,-0.0388717716559,-0.496239271333,-0.457808869479,-0.540493711551,-0.633100836541,-0.495808804357,-0.281668060073,-0.62292907278,1.0,-0.414952891562,-0.365703937156
6121158540,-0.238966246779,0.0961361615815,-0.436953309863,-0.323570675018,0.331676096252,-0.343379582343,0.483465879308,-0.00969502670721,0.501466016006,0.0484089160009,0.659196172895,0.790285631129,0.0780648106315,0.825887390871,0.720373541419,0.808486133943,-0.28262793007,0.56012047629,-0.38539433267,0.897301292318,0.974767785717,0.950292786387,0.683175565415,0.358635991134,-0.445323188936,-0.417174659027,0.33728821748,0.867738951498,0.787222979167,0.53518705277,0.833645261883,0.761502265637,0.555598542373,-0.414952891562,1.0,0.805763875312
6121159200,-0.214437926089,0.131000026591,-0.387734681132,-0.258320488852,0.234249704747,-0.292952009023,0.292968807519,-0.0164025817262,0.278501582066,0.0209932164711,0.422721070317,0.456831442078,0.0159588467167,0.48437031277,0.458040141471,0.470636597144,-0.285539866858,0.359086979258,-0.338599573794,0.590099356305,0.726961943916,0.80003730109,0.976375924568,0.354937379733,-0.397067020573,-0.37455019943,0.285720382375,0.517820261576,0.4657820024,0.357993210676,0.485590572139,0.483387685829,0.359455956629,-0.365703937156,0.805763875312,1.0
