,6120464680,6120464920,6120466590,6120466790,6120468040,6120469170,6120469440,6120471610,6120475080,6120475090,6120479600,6120479810,6120480910,6120482550,6120484260,6120484610,6120484990,6120485110,6120486220,6120486320,6120486440,6120488760,6120489070,6120489090,6120490080,6120490240,6120491440,6120492700,6120492820,6120492940,6120493110,6120493250,6120493770,6120494570,6120494640,6120494940,6120495310,6120496310,6120496370,6120498840,6120500320,6120500440,6120500930,6120500940,6120503260,6120503330,6120504230,6121149010,6121149810,6121150090,6121150100,6121150820,6121151880,6121152260,6121154220,6121154410,6121154470,6121154800,6121154990,6121155000,6121155380,6121155520,6121155580,6121156300,6121156360,6121156650,6121156960,6121157150,6121157370,6121157460,6121158450,6121158540,6121159170,6121159200,6121159320,6121159780,6121160600
6120464680,0.0,0.31468948082001513,0.6104861013044787,0.02937314128111464,0.1392862437783184,0.5385668845658088,0.33356893856532466,0.6742787416030082,0.6738594048110546,0.48036168103734656,0.5629636209082319,0.6744818162571392,0.5411423802654324,0.6520068775019828,0.5625245352441601,0.6520060436484489,0.574571367695068,0.6070688674642306,0.5734986096949243,0.6069468048642918,0.6638845086529604,0.529609593865775,0.5939024525126364,0.6135218570425461,0.5566256514420411,0.6054742814942631,0.5191921653945053,0.6523767497268107,0.6609182606528675,0.46547259652682105,0.474623399889344,0.530933243553583,0.6287814529593992,0.6485233272175273,0.6726270271496116,0.5833330902606824,0.6063035562045276,0.6435716866648021,0.6741745457196496,0.6551636932684827,0.6276908689410405,0.6736172244503759,0.6161611927828747,0.6164085241573601,0.5959061382928417,0.6101518834212153,0.5585066493751211,0.6688255295269601,0.6677124140608346,0.5873986480219129,0.45833303778878737,0.45370927013423135,0.4579135289072123,0.47790125635111136,0.5197687191685413,0.6044945720891705,0.5371087954023774,0.4303457641121309,0.5884112194302983,0.6562294792400304,0.5141901009014865,0.457764695857477,0.5112200821329745,0.6280696695410027,0.4464635523205031,0.6306073368751519,0.5623511242915589,0.6507958983670699,0.5928382004226902,0.6193095661654283,0.6404827740356482,0.6676599724878578,0.6103832877337085,0.6725286012560414,0.6076157379510347,0.576923202166822,0.5824643321257156
6120464920,0.31468948082001513,0.0,0.07185749581087618,0.43627540211159094,0.5464032233627454,0.14255882968708325,0.6276975184241148,0.5515029134024738,0.5062207535910378,0.6586791441481747,0.6730246165668733,0.649361288135704,0.6742311483625846,0.6467983932951994,0.6744510207823609,0.6489530658212012,0.673891527477666,0.6744314314616977,0.6724541636002973,0.670936649434963,0.6663816681918339,0.6738289966289015,0.6714711000880299,0.6741749060630817,0.6728244129702581,0.6674323094946919,0.6741693743609983,0.6629866781000081,0.6632106801371022,0.6686373931403236,0.669895212760243,0.6744821814323797,0.6466771138758113,0.6635886354951825,0.6593747478690014,0.6691687684299505,0.6671389919371802,0.663440079426635,0.6557489630868643,0.6532919265305823,0.6659073013274011,0.6584348619522625,0.6689070584902731,0.6686102011982056,0.669395431086635,0.6666343558962914,0.6723264381545151,0.6055908325148424,0.6279013206366797,0.6677078969198849,0.6593115842597057,0.6621084130998955,0.6637127734010378,0.668196837043157,0.6742409787701334,0.6695143023960936,0.6737257006356814,0.6625098020575388,0.6711694828820411,0.669892928602275,0.6742697213145447,0.6674514789837618,0.6743295631196377,0.6503009913417271,0.6680759817845439,0.6644756712860026,0.6737342047683442,0.663518270767927,0.6717492492849582,0.6687009925229909,0.6644763862312035,0.6559923458580182,0.6680848979363291,0.656137427363631,0.6675243760243122,0.6714348278763437,0.670816502400857
6120466590,0.6104861013044787,0.07185749581087618,0.0,0.638222981478874,0.6612710291704372,0.21524528089136555,0.672519294617482,0.4608674985225547,0.4936955679128312,0.6743923350277261,0.6732833843646263,0.6668782228296389,0.6690261927293765,0.6735368910825734,0.6661640101197113,0.6744040665311274,0.6642127333891767,0.6647678005913382,0.6586506126824284,0.659805302299457,0.6678010027964109,0.653978892796539,0.6563342084001018,0.6600455995240492,0.6533282855793991,0.6484342088425571,0.654542931013738,0.6472438241280593,0.6625969189620159,0.6704931166099851,0.6698972591848206,0.6641162554332609,0.6228831702817624,0.6570498882859666,0.6421279722130333,0.6462322204990276,0.6479552041149047,0.6531032487399391,0.619276869335904,0.5892314475242761,0.6481538206441562,0.6191071748807782,0.6467704589166406,0.6452394034427332,0.6534950648361173,0.6481716188117785,0.6460898279796796,0.5753762429304091,0.606048562974987,0.6744809042107837,0.6742678829449094,0.6739278024087489,0.6737751338904766,0.6730841315497087,0.6560838990553672,0.6502006482909571,0.6546344075158729,0.6723990962124061,0.6520331843772281,0.6581927428734323,0.6545766779547204,0.6709418248260406,0.654432132415857,0.6273268378306288,0.6704515656657086,0.65059059902463,0.6624466149663314,0.6591860863838492,0.6612443335151033,0.6598617354203737,0.656965013976618,0.6045432116089561,0.6548520373505473,0.6066987129645592,0.6508310495029391,0.6484632087362993,0.6466695849442259
6120466790,0.02937314128111464,0.43627540211159094,0.638222981478874,0.0,0.04882196783700944,0.5239395010762129,0.22168430568646955,0.6744510943863055,0.673956784153492,0.3842411251302479,0.5125568607873872,0.6744729990075385,0.4895866981776841,0.6439560767532498,0.5206055435058846,0.6459837015318596,0.5346292763630919,0.5851533939921503,0.5357123729107198,0.5835182458302934,0.6622804415573171,0.4862996587049846,0.5681969075028529,0.5942172770833746,0.5206376715109365,0.5809642376817588,0.47385071270912654,0.6435246401817724,0.6547500214141506,0.4015285334406219,0.4129056746678145,0.48215722000747024,0.6118313500216543,0.638748553631646,0.6724483338413659,0.5543259049979374,0.5839614921525175,0.6325237142197292,0.6743612955812218,0.6533080812146962,0.6125179504952661,0.6739707978292754,0.6005340693011725,0.6011815262221899,0.5699287951437085,0.5889524616385544,0.5281340010813931,0.6670585301514488,0.6657581058066258,0.5393395473467076,0.36265012344316633,0.3634655979939605,0.3704169851279504,0.399465357915316,0.47339584702606635,0.5831275902187154,0.49587385486425317,0.35826796638768493,0.5623286591618191,0.6507413202205644,0.4676567465251504,0.39212646151069946,0.46437944778718737,0.6108255180724457,0.37629546557406535,0.615541007532079,0.5222881086298189,0.6413238297244004,0.5622998899007716,0.5981908513912756,0.6275241826468057,0.6677693297026496,0.58814745773665,0.6730743446615605,0.5856685142968532,0.5495770347717108,0.5570669619694929
6120468040,0.1392862437783184,0.5464032233627454,0.6612710291704372,0.04882196783700944,0.0,0.5543049699220143,0.08931993927590971,0.6744612624191573,0.6736030573341633,0.23554685183210017,0.43449436507923644,0.674351430054239,0.4159689488665994,0.629946023884741,0.46255095918973943,0.6351140972626705,0.4841794432225972,0.5534609590889107,0.48996911626778017,0.5518179641257959,0.6587134965563717,0.4375019820700513,0.533936687793936,0.5652094103505267,0.4760827994033306,0.5535743715208108,0.42290756753866743,0.633372069751726,0.6468386285092331,0.3168546755314145,0.3309536553009346,0.42050641754368534,0.5910517979917121,0.6264309950098318,0.6718056963103951,0.5226834342852142,0.5586157505652063,0.6193746846463386,0.6744243560335385,0.6498716851918811,0.5965767987253523,0.6741964279685082,0.5823039880776449,0.5833504351595594,0.5404569760159126,0.5657307944848625,0.49284529547483374,0.665229922604903,0.6634189120498608,0.45426883077283026,0.22104024062491023,0.2349587436548378,0.24747610816832738,0.2918219265874329,0.4193391639594453,0.5547032898744241,0.44556215888154277,0.26433521609836674,0.5283093883981054,0.6419076109538671,0.41631685116815326,0.3054778444098226,0.4137394440630118,0.5898718984315098,0.2952466688757009,0.5975277796553946,0.4730675188811513,0.6295283438164828,0.5248829864428464,0.5723257162275319,0.6119878964269749,0.6671004757919721,0.5623571140357304,0.6733827646368135,0.5605410623953262,0.5185350029266288,0.5283733740572988
6120469170,0.5385668845658088,0.14255882968708325,0.21524528089136555,0.5239395010762129,0.5543049699220143,0.0,0.628200256270578,0.36541012254293054,0.2987280505316409,0.6498738339770761,0.6731495045909446,0.6213318732529691,0.6744788480297128,0.630826770840808,0.6736492755379878,0.6392668290227611,0.6715452419621616,0.6741987030339055,0.6676581373935182,0.6666944492226357,0.6661560693161207,0.6682369438088864,0.6663015919442605,0.6727787636442265,0.6669771871098058,0.6575700312409944,0.669227425676158,0.6563796993218567,0.6587556930183499,0.6721635064774739,0.6729382257167296,0.6732287801844197,0.631815738725146,0.6570051871723253,0.6485919588226828,0.658777919135667,0.6570250038303275,0.6549667973642331,0.6375713693690831,0.6256399586937829,0.6554282810694078,0.6397128995628953,0.6595762301555199,0.6587901104984965,0.6614332840808543,0.6563349477706814,0.6642954552161999,0.4973824577475771,0.5494702514120362,0.664350898972184,0.6572191365882535,0.6634951911937992,0.6655551351919351,0.6702206075205879,0.6699730564548765,0.6621280272749999,0.6687986398146142,0.6678670146004112,0.6645532580297598,0.6659837520346149,0.6694723462470191,0.6714044741689112,0.6696064618841365,0.6378965348909021,0.6729808243174085,0.6553509024673118,0.6706065909753047,0.6574686638959764,0.6674047773156936,0.6632800285410712,0.6574320083499532,0.6333222803736996,0.6604566492996424,0.6336617652680198,0.6583454759761853,0.6629974555116807,0.6617696606885451
6120469440,0.33356893856532466,0.6276975184241148,0.672519294617482,0.22168430568646955,0.08931993927590971,0.628200256270578,0.0,0.6744665543744731,0.6720143102266697,0.07524079946551522,0.3264251940894291,0.6720013206180089,0.32751468997072813,0.6003248930664582,0.3954229375827795,0.6123564526918582,0.42291089695550016,0.516932113572585,0.4378634918964925,0.5190074563915268,0.6498940842161588,0.39347340293827765,0.5005601436756751,0.5321034813377329,0.4348277156224564,0.5233947057364585,0.37828950155137636,0.6267572217319848,0.6377638377684408,0.2391704408252914,0.25481956096045016,0.3590285566732364,0.5777498137031931,0.6135915307887214,0.6710690320565449,0.49151861667677565,0.5336160975466101,0.6059531363025872,0.6744268964088783,0.6472644286567262,0.5807710235383217,0.6743262094541569,0.5672905551290971,0.5689587965444745,0.5117876262258766,0.5427527471643111,0.46541363970653665,0.6654568794156502,0.6634328966779871,0.3129351883782017,0.06379652659158079,0.09160558933645845,0.10920702415381524,0.16888089218922087,0.3704420141773635,0.5274607660373136,0.39982988151097326,0.18281526706952037,0.4965403680345464,0.6323349932103898,0.37140777220947974,0.22703022744256668,0.36981460719270604,0.5767432098268773,0.22318963026080046,0.5794206293360705,0.421624466531132,0.6168924120336773,0.4843659567316789,0.5442616579636637,0.5954906979696226,0.6665439742131521,0.5363571370944488,0.6736203392078592,0.5364051697340594,0.49264718687251635,0.5048291920831209
6120471610,0.6742787416030082,0.5515029134024738,0.4608674985225547,0.6744510943863055,0.6744612624191573,0.36541012254293054,0.6744665543744731,0.0,0.07175370791347493,0.6744346809032983,0.6736561107964422,0.5391133092192965,0.6662591232885772,0.6074205941086721,0.6609500294733468,0.6281883540021814,0.656065938833438,0.6646092481590329,0.6429522551916633,0.6464399785801483,0.6663833852924106,0.6259585546293605,0.63882803348045,0.6621093080957395,0.6294813450724425,0.6219517167828486,0.6261938034688209,0.6585862901554522,0.6513909470240029,0.666642914398837,0.6657080956095351,0.6526527149306388,0.632268096921128,0.639800421245828,0.627870846661628,0.6135130762414419,0.6185186167950287,0.6314510628541786,0.5976531849563795,0.5371650664218836,0.6193225545281983,0.5874422899320466,0.6176828095293095,0.6148196558627822,0.6290548280708939,0.6190164702685189,0.6130570203155368,0.1864345923667916,0.2772945825988235,0.6729682358495934,0.6737837940777278,0.6728339632969305,0.6727649754159932,0.6719013340432708,0.6304944166231086,0.628301469616933,0.6302438318503253,0.6695923572341484,0.6298717601360874,0.6547907437966535,0.6257277109444324,0.6673273788604243,0.6247274754073648,0.6424041955412708,0.6623922830570655,0.6260173516491284,0.649899607340618,0.6437197217562133,0.6485848602481598,0.6457490510291545,0.6389216757059539,0.5687525409534192,0.6332250710116295,0.5694943021024936,0.6241872343428025,0.6169838661866646,0.6142492311310187
6120475080,0.6738594048110546,0.5062207535910378,0.4936955679128312,0.673956784153492,0.6736030573341633,0.2987280505316409,0.6720143102266697,0.07175370791347493,0.0,0.6690625558624105,0.6744653495284266,0.45250368323140033,0.6701886355770444,0.5511113336342212,0.6655681361502482,0.5822160217265961,0.660837558766803,0.6701473495273194,0.6455927142835667,0.6452482341137356,0.648612088351607,0.6280961998664961,0.6384097161386768,0.6648234080256855,0.63167656340159,0.6199333131385298,0.6289159267925892,0.6630805430534303,0.643643438956494,0.6709040261181187,0.6700546114546307,0.6568028204497671,0.6381384489307482,0.6322001160514645,0.622898640975458,0.6109584584542662,0.6142756700799158,0.6239480954570891,0.5973659469900989,0.5357940138297674,0.6132317055923847,0.5861790913488819,0.614459641122827,0.6113026226957798,0.6248075452939253,0.6132366116378234,0.613228877920227,0.14445895281984567,0.23194576749599177,0.6655742076904172,0.6728290450715367,0.6742352459263462,0.6743885261378271,0.6743915898215305,0.6341461982624435,0.6269072969984941,0.6334054397192843,0.6732413185305024,0.6300681065630612,0.6534734499754142,0.6283763767249769,0.6714990410213212,0.6272940042490219,0.6492289661904784,0.6674511854712968,0.6196808345721702,0.6514233591721976,0.6356267820156295,0.6476509747625516,0.6418722548375433,0.6313096841566831,0.5685608503804604,0.6280586900414764,0.5693301593800739,0.6189329645809155,0.616152914880965,0.6127533756404314
6120475090,0.48036168103734656,0.6586791441481747,0.6743923350277261,0.3842411251302479,0.23554685183210017,0.6498738339770761,0.07524079946551522,0.6744346809032983,0.6690625558624105,0.0,0.3111552484775863,0.6664481563965455,0.32704264595818133,0.5774245713054046,0.3999573091023145,0.5909333281906307,0.43364245910881927,0.514626223847436,0.4522758498961281,0.5253346642176684,0.6377021323309969,0.4184716202150662,0.508821527064758,0.5253734334259659,0.451174913066624,0.5357347821440271,0.40511556769263063,0.6367589895517195,0.6402519936448103,0.25063094656082807,0.2654839328074036,0.37166593871060943,0.5942971451439124,0.6181157136119,0.6702811514585741,0.5082418141998168,0.5456148952522812,0.6114133120011693,0.6741225426610349,0.6453216756818381,0.5898220409889164,0.6740077674716544,0.5758336439691558,0.5771423603931857,0.5255159787581796,0.5546675453596789,0.48309323175729046,0.6662693469573739,0.665716886827331,0.26864471997018186,0.02629996909242298,0.07578933482345362,0.09849512478303453,0.1658028932481581,0.3954812062857756,0.5341922545534592,0.4197472324128522,0.19823188087208457,0.5061814475717631,0.6300522288050531,0.3999215651711438,0.23932136401380005,0.3997758079852894,0.5944185559836137,0.251547530957572,0.5868109307427429,0.4338199435885503,0.6212110914046182,0.4940695640603506,0.5518992787666906,0.6016204255182857,0.6647629553709954,0.5473319118710044,0.6728913696427311,0.5479627615440734,0.5087193897302972,0.5197701701353633
6120479600,0.5629636209082319,0.6730246165668733,0.6732833843646263,0.5125568607873872,0.43449436507923644,0.6731495045909446,0.3264251940894291,0.6736561107964422,0.6744653495284266,0.3111552484775863,0.0,0.6303264530937017,0.10583316075092469,0.48208142375490665,0.2535565636992773,0.5799725304417644,0.3275881538494858,0.4332113453545572,0.3746394362280411,0.44519078409939694,0.6495852936670427,0.39573902459250915,0.44250268461655556,0.4320732443939064,0.40536242086564167,0.5037353991903126,0.38641564054927907,0.6239668149423593,0.6028021929442324,0.180383023853955,0.18739630580843045,0.28134790963268363,0.57037695192762,0.58337681693182,0.6650446779795203,0.4937370409357842,0.5258502058865885,0.5882010268404768,0.6744689950121552,0.6534694800629809,0.587830037158733,0.6735811799467089,0.5773477151073193,0.5796377239055513,0.4913503974568207,0.5379242292368794,0.48113529813319184,0.6736459251945702,0.6743306464764145,0.1746276885220623,0.21741267927328212,0.14553483291680633,0.12486035996917083,0.09614937886998332,0.3623477537347067,0.48240088918284124,0.3768734455986764,0.1665705334872304,0.456478880066246,0.5927983225509047,0.3856580199138533,0.1770055715198495,0.39175470785772504,0.5763726769015751,0.23543122343911682,0.560511405507868,0.34670711680386535,0.5819343970962778,0.41290683100392045,0.48651044319323966,0.5621821839116734,0.6686200353269355,0.5057581536062011,0.6743354134357634,0.5207771542606237,0.5053840307774008,0.5193122375603648
6120479810,0.6744818162571392,0.649361288135704,0.6668782228296389,0.6744729990075385,0.674351430054239,0.6213318732529691,0.6720013206180089,0.5391133092192965,0.45250368323140033,0.6664481563965455,0.6303264530937017,0.0,0.6689989335804942,0.19211277114204947,0.6732368175923992,0.34348599746279057,0.6728941845780505,0.669457045025988,0.6703624225116773,0.6577703417689325,0.5328778273171128,0.6498821283121837,0.6507082284746313,0.6742706361653474,0.6517325414653667,0.6419504184927008,0.6504644858995249,0.674473955578886,0.6427201481891661,0.6739423955498987,0.6741706102111875,0.673492086021013,0.6651091018211798,0.6347781657474918,0.6264093297745341,0.6291898940832371,0.6275014308271952,0.627280947480807,0.6049155965167587,0.5264775812990528,0.6186383951819935,0.573453203443416,0.6138401177725589,0.6088748059412807,0.6388815675967688,0.6242070057999982,0.6219369241930299,0.3034050286687235,0.26960232433680825,0.6198475904038796,0.6626097761746255,0.6590759189511183,0.6578561404093781,0.656895139882903,0.6566305440357146,0.6360562889288205,0.6541952490931929,0.672587222613237,0.6435615376080847,0.6604303784776681,0.6501754626675678,0.6737530633723396,0.648726668461355,0.6729052221749808,0.6741390538823038,0.6264207349164427,0.6706111549541566,0.6384129195892174,0.6663310125667672,0.656513636043431,0.6376301465894472,0.56866747700924,0.640908704442398,0.5582156623632116,0.6303516787940777,0.6271954809796503,0.6213925227127217
6120480910,0.5411423802654324,0.6742311483625846,0.6690261927293765,0.4895866981776841,0.4159689488665994,0.6744788480297128,0.32751468997072813,0.6662591232885772,0.6701886355770444,0.32704264595818133,0.10583316075092469,0.6689989335804942,0.0,0.5849990952727357,0.07512237212125292,0.612810146114082,0.1510612689421644,0.3158963493510413,0.19716975084852786,0.24517384216480284,0.6517107533534539,0.24920722586594687,0.25693659260656615,0.2820206003697325,0.24006204855465402,0.37202430867202657,0.24247273906649303,0.63604473543635,0.45972396813942207,0.06652248064515973,0.06552683888191914,0.1066360004423152,0.5679354621481669,0.4446663157019833,0.627192689558111,0.37297225020789,0.4025869462002123,0.47207345741642065,0.6716265587236865,0.6335619560773772,0.514924092855704,0.6727837236560777,0.5103986728428552,0.5143073317976905,0.33365138974195313,0.41790972109016755,0.3710934704246836,0.6643812199234718,0.6671904321247182,0.30385173090697354,0.24137020020747701,0.16472606135323217,0.13876795754438748,0.08485274811402634,0.20530740691560295,0.3165016659973501,0.2109149541557453,0.0833348555234387,0.2945415950046943,0.4825329411556189,0.24645343165112693,0.06973064257626571,0.2596832568516732,0.5844862055424431,0.13533971544597037,0.43256222978016035,0.15656450890707027,0.43075185170181274,0.21642042095593617,0.29613734210775905,0.4083114120873586,0.6589649815739309,0.34001997908341125,0.6742746484096097,0.3785811056226201,0.40344465473296587,0.42446338200516115
6120482550,0.6520068775019828,0.6467983932951994,0.6735368910825734,0.6439560767532498,0.629946023884741,0.630826770840808,0.6003248930664582,0.6074205941086721,0.5511113336342212,0.5774245713054046,0.48208142375490665,0.19211277114204947,0.5849990952727357,0.0,0.616392759860023,0.06335911426252423,0.6229907832553103,0.562895926728346,0.6604684327639027,0.6712913422591098,0.3017307210949724,0.6742482247145768,0.6729684826983087,0.6262013124006109,0.6732282147965796,0.6732821822726802,0.6740991295197362,0.6728489318094993,0.6710144657436553,0.6157872438360188,0.619531911861667,0.6503994085729008,0.6635768431826962,0.6691713512832173,0.6710383628433939,0.6679944159174656,0.6658183248951347,0.6614539447153114,0.6581496536047727,0.6262436027225707,0.6498866175761394,0.6161246907208564,0.6530390163649191,0.6503640428086744,0.6722056891051493,0.6621337699396562,0.6677877849045339,0.5178241888835045,0.5127827654303975,0.4598837200765225,0.5598397418768304,0.5513541272105713,0.5510022493375847,0.557156806689151,0.6715874829258591,0.6744723673108544,0.6721490249491768,0.601976140252789,0.6744047227665223,0.6672414349154753,0.6742028615193658,0.6129732222638119,0.674420493855011,0.6735152298370845,0.6258227794510166,0.6642751461192876,0.6627473584810032,0.6705241761233394,0.6700941039913022,0.6743029249463918,0.6702721601400644,0.6471821863462507,0.6727018602100819,0.6168330841828479,0.6679417945014026,0.6667874834929791,0.6633014262862836
6120484260,0.5625245352441601,0.6744510207823609,0.6661640101197113,0.5206055435058846,0.46255095918973943,0.6736492755379878,0.3954229375827795,0.6609500294733468,0.6655681361502482,0.3999573091023145,0.2535565636992773,0.6732368175923992,0.07512237212125292,0.616392759860023,0.0,0.626676750653611,0.03344285047501779,0.18231824893888,0.14962401585539503,0.18867319651261996,0.648927845658521,0.24112905766231912,0.21738963784044754,0.3072661072067133,0.21987394291617576,0.3420385377148632,0.2384101131201769,0.6500685281503782,0.40194640680515353,0.15087221918292754,0.1470042746198366,0.14178310332821142,0.5892145819312103,0.3907455183003689,0.6095105080441781,0.3542409105857251,0.3744625690965843,0.4319869688532346,0.6701584807127173,0.6372227913544916,0.49894593599640313,0.6713451984678441,0.5031991558649805,0.5081620235853205,0.30159810577393126,0.39097273819481493,0.3675841961743892,0.6596510280133341,0.6630603015734682,0.4093359691843865,0.3322610438961468,0.26983705468773556,0.2482014338223886,0.20070866767337878,0.1987055467284581,0.2849899637024798,0.19702664180292423,0.17480345417561904,0.2664544441819806,0.4594658239553228,0.24509399833896472,0.15579232119964528,0.26046069011719253,0.6095999477063029,0.19824366382240727,0.3925597238453834,0.16547327135719014,0.3737248968926402,0.201678293845064,0.2569714384602728,0.35652574285041694,0.6594957678732425,0.30032280469302214,0.6736815478007382,0.3457649980041969,0.3949293706333444,0.41724356743754737
6120484610,0.6520060436484489,0.6489530658212012,0.6744040665311274,0.6459837015318596,0.6351140972626705,0.6392668290227611,0.6123564526918582,0.6281883540021814,0.5822160217265961,0.5909333281906307,0.5799725304417644,0.34348599746279057,0.612810146114082,0.06335911426252423,0.626676750653611,0.0,0.6338665011094929,0.5455073439232124,0.6643505487171009,0.6701725414210944,0.13146326831205163,0.6741986484171849,0.6726175658187767,0.594767592665104,0.674116172357892,0.6715741727805988,0.6742864306367994,0.6478035588927441,0.67334214053358,0.619644951814564,0.6219498803325323,0.6495873436317839,0.6741992160261812,0.6702082012264882,0.6744466827043114,0.6606512926989092,0.6598174141076348,0.6594486876819668,0.6684024341289404,0.6307184916884224,0.6359479355199925,0.613404703386155,0.6413667417507855,0.6382508973447022,0.6704849282084148,0.6549991925162708,0.6611057551024271,0.5717389435327904,0.5726661567179947,0.5079802094390279,0.5820788384026232,0.5813005172682993,0.5834324955961612,0.5899116621302264,0.6737905206187479,0.6744515329950667,0.6737227672103298,0.6108645088356267,0.6744602516650349,0.6495425949604138,0.6741025253188232,0.6178417271563159,0.6734882783054833,0.6680312091308003,0.6328948996465087,0.661290814854642,0.6616679492280368,0.6721656244841137,0.6687327474064112,0.6738002026988998,0.6709222921067527,0.656773870932829,0.6721298840380573,0.6178095121960316,0.6647029940061946,0.6589545661455212,0.654053863932817
6120484990,0.574571367695068,0.673891527477666,0.6642127333891767,0.5346292763630919,0.4841794432225972,0.6715452419621616,0.42291089695550016,0.656065938833438,0.660837558766803,0.43364245910881927,0.3275881538494858,0.6728941845780505,0.1510612689421644,0.6229907832553103,0.03344285047501779,0.6338665011094929,0.0,0.18286183471324008,0.09049513775152845,0.22091758839893907,0.6542793978345367,0.21242200790825472,0.2551105002051614,0.3728512506602788,0.22199469892168736,0.28121249634752604,0.21376392980332798,0.6474362670557969,0.3815902637270636,0.22736126168463297,0.22345103780095205,0.16359539000466217,0.5931675853769633,0.36891801420264686,0.6219790943754027,0.309302498449957,0.33719890424447035,0.4042909546742206,0.6736001912073077,0.6543693291245142,0.46414823364833485,0.6667012379134959,0.5028719109228729,0.510798937502574,0.2643586689422654,0.3491341716691603,0.3715305865167211,0.6581791143352262,0.6625950983990353,0.4608038522902453,0.3712264693114393,0.3117193458774065,0.28869962928421744,0.238587597448325,0.18142001035858715,0.3170438337099237,0.19756800572890243,0.24797249862092777,0.29713444044529497,0.4922101234605382,0.21600351171851298,0.23207191101038735,0.22748895854020604,0.6128519621783883,0.20290821689497596,0.364881891231977,0.1621262139046176,0.34780663085589675,0.1854515347584114,0.2335405103525765,0.32341098812501295,0.6693638891160582,0.2647064835910565,0.6695560396537024,0.3125815423263014,0.380956779312527,0.4054720877524924
6120485110,0.6070688674642306,0.6744314314616977,0.6647678005913382,0.5851533939921503,0.5534609590889107,0.6741987030339055,0.516932113572585,0.6646092481590329,0.6701473495273194,0.514626223847436,0.4332113453545572,0.669457045025988,0.3158963493510413,0.562895926728346,0.18231824893888,0.5455073439232124,0.18286183471324008,0.0,0.3620874646488162,0.350180207207209,0.5809745394409119,0.46727056628793595,0.36566809672850176,0.29676097672555335,0.41775996999879556,0.49815953221576087,0.46769409038488147,0.6733133064394664,0.4926435492396945,0.3881318843060027,0.38601215550384943,0.3980726751697792,0.6525715813557387,0.5006761231440663,0.5619958112251393,0.5423822215052263,0.5471970308525547,0.5600041302974689,0.645140466848638,0.6215159586999199,0.6228978427428177,0.674467998746732,0.6165749356939181,0.6187037826641769,0.4948747084516013,0.5620119222090528,0.5463801140346891,0.6640802028101342,0.6646463642999973,0.4935356068818583,0.4823074697779609,0.4570269978823187,0.45040089892555685,0.43590355333291547,0.4290659209114672,0.3927411978956446,0.4133963613123924,0.40257070048631366,0.4189768227241641,0.42182248662393484,0.4756179189391003,0.39065320603194675,0.48800519629924927,0.6664190724229493,0.4367788426091999,0.5397766934416915,0.41215496762919035,0.4865489188200175,0.42632148853960417,0.44074400745837483,0.494245959749139,0.632044660605713,0.4810304231064771,0.6730661330728555,0.5246886104183925,0.5647585886817648,0.5772434929008885
6120486220,0.5734986096949243,0.6724541636002973,0.6586506126824284,0.5357123729107198,0.48996911626778017,0.6676581373935182,0.4378634918964925,0.6429522551916633,0.6455927142835667,0.4522758498961281,0.3746394362280411,0.6703624225116773,0.19716975084852786,0.6604684327639027,0.14962401585539503,0.6643505487171009,0.09049513775152845,0.3620874646488162,0.0,0.09800580312989929,0.6681293464644031,0.09568550394602722,0.10535726852789655,0.32711507079374547,0.09760900849618052,0.11221359199052473,0.10372313512596097,0.6495324024035791,0.24985599198735847,0.21681818724803645,0.2102130706547933,0.11489878912382875,0.6082679942657726,0.20823605007033688,0.5503401147031528,0.17996930254547006,0.20175294337007882,0.2643101818106239,0.6597743011683045,0.6150663686751447,0.3703567163428997,0.6720776237316355,0.43290301263035885,0.4430153223424543,0.11828612942470106,0.21592996582976887,0.2790705399207966,0.6377207625605179,0.6446940067228585,0.49654060311311066,0.3955008560513522,0.3399686490141911,0.31826677803786113,0.2700476300595842,0.06863979198938526,0.16248624826816918,0.07995353295463092,0.24656124809092092,0.16921571665222954,0.4128387452335133,0.10814895216326943,0.2233528784969047,0.12167004272442702,0.6188276540026559,0.18367708829114418,0.2177559267068806,0.08834748108493552,0.188785179385962,0.0886234780741207,0.10648955011494832,0.16322790857862818,0.648171199376371,0.11214047539189347,0.6741307063847831,0.17031452471629788,0.28686275983766624,0.31628278505739815
6120486320,0.6069468048642918,0.670936649434963,0.659805302299457,0.5835182458302934,0.5518179641257959,0.6666944492226357,0.5190074563915268,0.6464399785801483,0.6452482341137356,0.5253346642176684,0.44519078409939694,0.6577703417689325,0.24517384216480284,0.6712913422591098,0.18867319651261996,0.6701725414210944,0.22091758839893907,0.350180207207209,0.09800580312989929,0.0,0.6659068832268247,0.16214466716118908,0.01287868587862121,0.22983223868311495,0.08996426912892509,0.2010920382048842,0.16989426717154352,0.665025130343103,0.142989254876905,0.23949257876970262,0.2282485398215767,0.1494398771290144,0.6193854827716021,0.11685217223843156,0.41712871762866793,0.24947323171687505,0.2333624046067372,0.2272089360331235,0.6118518040684707,0.5340519560544208,0.41443929871369056,0.6732740290058701,0.42701529821921536,0.43072385734709817,0.1300200835873351,0.25104882485630164,0.2779923804810218,0.634717724083133,0.640280360643742,0.5514713984154478,0.4843760104450114,0.4407216146151974,0.4245451923223671,0.38524894752568856,0.12426267388468704,0.05065397912085551,0.09085955817741231,0.2873015624474687,0.08201160919877355,0.26386331067283425,0.185284850329736,0.24914246850078633,0.21023053675240003,0.6295231942319179,0.2860924709633837,0.19344545732559948,0.1177133792194299,0.08976317938837595,0.0974813944688512,0.07182138508731797,0.10116677204347044,0.5839644580611458,0.09841616592777054,0.667270071826212,0.17083773104747946,0.3127047555027027,0.3357813321665056
6120486440,0.6638845086529604,0.6663816681918339,0.6678010027964109,0.6622804415573171,0.6587134965563717,0.6661560693161207,0.6498940842161588,0.6663833852924106,0.648612088351607,0.6377021323309969,0.6495852936670427,0.5328778273171128,0.6517107533534539,0.3017307210949724,0.648927845658521,0.13146326831205163,0.6542793978345367,0.5809745394409119,0.6681293464644031,0.6659068832268247,0.0,0.6726417346317523,0.6705940544385242,0.5211961150885627,0.6743637577120236,0.6715288775443224,0.6726155246343315,0.5479668137088292,0.6725044405771927,0.6333133818413228,0.6318034909013326,0.6423399529847703,0.6575490455936831,0.67400609968627,0.6628342360532308,0.6563691348147133,0.6592326901924235,0.6657655204510496,0.674457513978305,0.6457947905914451,0.6318560051608908,0.6223596060186981,0.6373499849922913,0.634887731453751,0.6719917260901365,0.6556373139089958,0.6571643904077221,0.6488975693026394,0.6500769119583962,0.6048595844692063,0.6365917561354161,0.6390855150954357,0.6412203359842227,0.6450083704586757,0.67448222330629,0.6733620924550103,0.674354213196676,0.636849129822268,0.6742330563804114,0.6054131398226624,0.6717786240968483,0.6342581343683388,0.6699622203833531,0.6084699924854094,0.6485634762310428,0.6652321972136261,0.6515262637476583,0.6743793516514944,0.6573864323170302,0.6671184575959981,0.674284282553269,0.6690664853439943,0.6740282658734429,0.6299951794577696,0.6671248702551037,0.653923581989369,0.6490940627351826
6120488760,0.529609593865775,0.6738289966289015,0.653978892796539,0.4862996587049846,0.4375019820700513,0.6682369438088864,0.39347340293827765,0.6259585546293605,0.6280961998664961,0.4184716202150662,0.39573902459250915,0.6498821283121837,0.24920722586594687,0.6742482247145768,0.24112905766231912,0.6741986484171849,0.21242200790825472,0.46727056628793595,0.09568550394602722,0.16214466716118908,0.6726417346317523,0.0,0.1434255572359053,0.42063101098433636,0.06092392890097099,0.10673770638030743,0.0017460523328207474,0.6213867064439147,0.3073007283314496,0.21797207882356648,0.21474403320473015,0.14500011732298745,0.5795927585839177,0.19881977627876143,0.5817218795315037,0.03948117625878317,0.05882443020198284,0.19168047306680158,0.6643001722243159,0.5764236995702813,0.17906008771882762,0.6744817983977772,0.237575449407768,0.2523404814744948,0.05481934494145946,0.0773823730436207,0.09845111816105422,0.6044600748453496,0.6140966120734864,0.49991194911590975,0.3663072204032745,0.32127049432223614,0.3060074376655771,0.2766314188751241,0.00944885228123622,0.1749136159456859,0.032971342651530865,0.23532826881058352,0.14806791135777922,0.48445476979836244,0.004619278104338042,0.22155254994962803,0.013294560596406367,0.5717534177176259,0.1851515894942074,0.12290951995905869,0.13037525900856056,0.21099256079510376,0.14298606016468596,0.15778968564652168,0.16455999638583307,0.6445957160758551,0.08559869038249208,0.6735396202367013,0.07032576115167856,0.09704099322791407,0.1267483656246898
6120489070,0.5939024525126364,0.6714711000880299,0.6563342084001018,0.5681969075028529,0.533936687793936,0.6663015919442605,0.5005601436756751,0.63882803348045,0.6384097161386768,0.508821527064758,0.44250268461655556,0.6507082284746313,0.25693659260656615,0.6729684826983087,0.21738963784044754,0.6726175658187767,0.2551105002051614,0.36566809672850176,0.10535726852789655,0.01287868587862121,0.6705940544385242,0.1434255572359053,0.0,0.26166772506380687,0.05949033942030436,0.17281781747497527,0.15161534035470958,0.6616101994894749,0.18411932808877043,0.24215515331419588,0.2327502398826424,0.16938801467612594,0.6263954753602329,0.10712113894087172,0.403987464799338,0.22914079851195301,0.20967572292144318,0.20942053170520777,0.5973241961676077,0.5038753401027871,0.3971906985423147,0.6718288008932609,0.4039879687938774,0.4084638786575927,0.12410732535109922,0.23461274394744622,0.2547375674948595,0.6222042746045546,0.6285959812995482,0.5423793628325012,0.468269074978061,0.4280509589592076,0.41420278860002074,0.38253557558395607,0.10576581417818746,0.02042771388431618,0.06700322963161272,0.2836513674566036,0.04292535956363869,0.30064058833509666,0.1678161029839963,0.2503270183029439,0.19431097857190976,0.6286798284053512,0.2902818863943569,0.17003111079195565,0.14400057823202023,0.10217044253677549,0.13033388170734655,0.10479614111480479,0.10628315546783561,0.5635783818192194,0.09983906125062811,0.6625059242277055,0.15705917437985822,0.2913113259011166,0.3163744865566097
6120489090,0.6135218570425461,0.6741749060630817,0.6600455995240492,0.5942172770833746,0.5652094103505267,0.6727787636442265,0.5321034813377329,0.6621093080957395,0.6648234080256855,0.5253734334259659,0.4320732443939064,0.6742706361653474,0.2820206003697325,0.6262013124006109,0.3072661072067133,0.594767592665104,0.3728512506602788,0.29676097672555335,0.32711507079374547,0.22983223868311495,0.5211961150885627,0.42063101098433636,0.26166772506380687,0.0,0.3470021708078382,0.45047013037522904,0.4225824315761642,0.6691900921275645,0.3108275950074321,0.2462646301313145,0.2328110419188656,0.21860953165781297,0.6590329478382115,0.41515167220646065,0.4490047603614733,0.5145790149895191,0.5125822211446796,0.508068104885276,0.6065263681900059,0.58250809961122,0.6131130993757705,0.6740636717180114,0.6018954234245507,0.602092087584073,0.4191860393741134,0.5256861206366518,0.5086531721462836,0.6542382540780958,0.6549911438984131,0.510741338450422,0.4897051175940588,0.4525916632948844,0.43951963437118574,0.40307219485604473,0.3723829040883011,0.29120123997818415,0.34570818609512427,0.3005350322164666,0.3320437858716347,0.13524981736419756,0.4340825915453668,0.25750594614186206,0.45296808165635527,0.6728202009056576,0.35274942800375514,0.4898906585412118,0.22801287713260993,0.36154518317344636,0.23558645460759964,0.26193794602680603,0.3895610515044576,0.5882586930143132,0.38509847038418676,0.6693360105265196,0.4640292328325903,0.5397372080222552,0.5521968361169888
6120490080,0.5566256514420411,0.6728244129702581,0.6533282855793991,0.5206376715109365,0.4760827994033306,0.6669771871098058,0.4348277156224564,0.6294813450724425,0.63167656340159,0.451174913066624,0.40536242086564167,0.6517325414653667,0.24006204855465402,0.6732282147965796,0.21987394291617576,0.674116172357892,0.22199469892168736,0.41775996999879556,0.09760900849618052,0.08996426912892509,0.6743637577120236,0.06092392890097099,0.05949033942030436,0.3470021708078382,0.0,0.08065905912582565,0.0670014957218025,0.6432240835041294,0.25636022296432676,0.2170154622053513,0.21129613866585578,0.14484388129419334,0.6051815328677351,0.14743344080465362,0.5125789571616644,0.1390611934529111,0.12782687751152513,0.19109850393740782,0.6412414977888774,0.5428386728014,0.3064972297920045,0.6743738989615441,0.3327989202575281,0.34389010978802226,0.08821974010711287,0.16083549539346648,0.18041583763988997,0.6112011795332956,0.6196431694032258,0.5103632261874153,0.40272527563118476,0.35884710457699526,0.344252197955093,0.313999804430147,0.03619788566660641,0.061161876753843686,0.00847632942320377,0.24463725495782104,0.02917877793087301,0.40841541677202986,0.08011949639820001,0.22250652483209069,0.10389253974049949,0.6032034095742326,0.2250171199147837,0.1302329984371926,0.12986047436980086,0.1619526592803281,0.13379120935411085,0.13287314289090285,0.13736950885404473,0.6109192863548574,0.0918811438512773,0.6707967847591955,0.10996431843752806,0.19811444494284383,0.22969049912601416
6120490240,0.6054742814942631,0.6674323094946919,0.6484342088425571,0.5809642376817588,0.5535743715208108,0.6575700312409944,0.5233947057364585,0.6219517167828486,0.6199333131385298,0.5357347821440271,0.5037353991903126,0.6419504184927008,0.37202430867202657,0.6732821822726802,0.3420385377148632,0.6715741727805988,0.28121249634752604,0.49815953221576087,0.11221359199052473,0.2010920382048842,0.6715288775443224,0.10673770638030743,0.17281781747497527,0.45047013037522904,0.08065905912582565,0.0,0.12366504332597507,0.6475862200886141,0.27987790096944815,0.36243903454018234,0.356440506536297,0.2579553012484927,0.6378145389456515,0.17559668760154443,0.5321354422931813,0.12441877747127891,0.13526458219727125,0.20256562479516538,0.6445877595199478,0.5818401583190695,0.2939314387489891,0.6740361709867239,0.38726493246713467,0.40032356517428386,0.1083456744132128,0.15503333293341479,0.2673013479876275,0.6070752018586401,0.6167325266559671,0.582642528217058,0.5000997588735512,0.4641708631995615,0.4498649862755342,0.4181683544332888,0.102250049013545,0.13367937342577893,0.10775653781762938,0.38761901851529845,0.08501428071751436,0.47356140603504254,0.127082919229824,0.36793289977931903,0.13661321132198406,0.6302747470709419,0.322216259598133,0.1519611515732619,0.2148627171813027,0.18518291433139986,0.1961154197872891,0.1782187013533789,0.15156893378078298,0.6303956045587676,0.11313630553547721,0.6741327182045699,0.13395592862575595,0.25841787220485407,0.2877717718326602
