,6120269460,6120269590,6120269600,6120273660,6120273770,6120274050,6120274220,6120276520,6120278160,6120278680,6120278800,6120279240,6120279540,6120280630,6120280640,6120280940,6120281060,6120282650,6120282660,6120286750,6120287100,6120289140,6120289150,6120290100,6120290230,6120290540,6120290710,6120295120,6120295130,6120295430,6120296710,6120296720,6120297040,6120299260,6120299680,6120299940,6120303450,6120303860,6120304100,6120305570,6120305580,6120306500,6120308730,6120309190,6120309310,6120309450,6120309670,6120309680,6120310480,6120313040,6120313840,6120314040,6120314470,6120315440,6120315580,6120315590,6120315600,6120315900,6120316020,6120324130,6120324180,6120326890,6120326900,6120331410,6121067780,6121067940,6121069350,6121070700,6121070840,6121071100,6121071550,6121072720,6121073520,6121073790,6121074340,6121074480,6121075080,6121075840,6121075970,6121076150,6121076160,6121076330,6121076940,6121077300,6121077390,6121077570,6121078310,6121078440,6121079200,6121079850,6121079970,6121080700,6121081330,6121082290,6121082300,6121085830,6121086210,6121087410,6121088160,6121088170,6121089030,6121089270
6120269460,1.0,-0.051964298678117145,0.9637885583114849,0.807554368477573,-0.07021289428480842,-0.11332304815639625,-0.07146299844454736,-0.08035149838873074,-0.10542530111122458,0.7490494306905167,-0.11436544569434971,-0.10363389966973942,-0.1807777674516994,-0.20472728902447768,-0.19100370904188518,-0.0535122536329093,-0.09370634298845484,-0.12453340430507237,0.4954938693699842,-0.09937228698070498,-0.20149505675400897,-0.2231442000236033,-0.2257287118698323,-0.16769723774981524,-0.17976319617276512,-0.17537837374686419,-0.23959011589002102,-0.18614695473605655,0.013118112394543385,-0.2786255476584447,-0.21401965067467432,-0.1102698739050168,-0.24803653610281381,-0.2357957747187004,-0.1663110816027911,-0.17494481855266394,-0.18821419284001603,-0.22540109798221672,-0.26334200396672636,-0.2966009981152062,-0.2947982280662201,-0.3005021000205709,-0.3044180114740562,-0.23287725036914791,-0.21841168835630217,-0.31489594311262126,-0.2674437325122132,-0.29053633385983907,-0.31299552579860496,-0.3000087574386361,-0.3183983517242471,-0.28999589207260684,-0.3121487060518349,-0.2891950525185251,-0.3174452342021278,-0.3083830716802717,-0.3005013820024938,-0.32578808970829776,-0.33400296728791773,-0.32728612068986707,-0.27925841062376916,-0.2937811269929318,-0.18499737162142227,-0.26943637175055235,-0.07666754065667626,0.9753766340167687,-0.191811872054691,-0.1911154708012896,-0.18062011626034324,-0.19049554610563119,-0.13122669066869347,-0.12967145436179875,0.3636475472850668,-0.2037781191650507,-0.20733071259767927,0.2945322208635977,-0.23466823396224804,-0.2429484908322197,0.16514113450509874,-0.23550434192056804,-0.2319691230508906,-0.0036862384183942633,-0.24093089218730376,-0.17614363196955285,-0.2399751140304847,-0.23251366245119567,-0.26926057161562583,-0.25556897501341047,-0.26306790635712074,-0.28489206602300826,-0.2813191045935085,-0.27998431337370683,-0.29352174325971003,-0.3000826015415099,-0.22232827367676833,-0.24143738769844134,-0.2915645360018115,-0.29313391176520615,-0.28864504040175365,-0.2720232919334487,-0.2425820055597994,-0.238620257096319
6120269590,-0.051964298678117145,1.0,-0.2200161352157714,0.010844621484078505,0.7177141461933502,0.96888969855797,0.905881372467964,0.9068336883639885,0.9451328809819873,-0.17922155241490614,0.6598613482444372,0.7868150133629693,0.7822146783464037,0.7724617339241011,0.8109752855824589,0.7180531394127845,0.7734632361389915,0.5454290834089159,-0.2308467297189105,0.5654784106655586,0.5949732106880463,0.634225505278316,0.6832415053574367,0.5120212519166291,0.5005263962889288,0.40557925250751065,0.6535941851325976,0.27834322157368363,-0.18241064941307136,0.5421111624381811,0.34847395282389043,-0.1159420405545979,0.4480884611669222,0.3505416091264537,-0.2613234924629143,-0.38787769537926925,-0.40523659819886215,-0.3563008338884476,0.3278804200330415,0.43303641066560367,0.4177979018081694,0.3526895891037686,0.41140462454099125,0.24834927091251366,-0.3303786187343,0.3721935614085281,0.29818725375849203,-0.34289936997632403,0.34936914171732475,0.3344282711764063,0.23490134509006547,0.17893507702922584,0.33285096545644843,0.175624521727049,0.25485621100701483,-0.35455980558542555,0.155458061194225,-0.27958611030429215,0.08774384029757949,-0.2811959142769165,-0.24134406718059132,-0.24404904783652506,0.1414424033204119,-0.25269434660212886,0.9369294471005488,-0.20122630562429059,0.8386610888358157,0.8162093018506753,0.8347732506960301,0.7929089890458199,0.7488031676026379,0.6670378639302341,-0.29480198873341734,0.7252146143986797,0.6757983177169535,-0.33799772027025937,0.6016837399942153,0.5560014236955183,-0.3213045062951395,0.5464594686365658,0.5070751223471379,-0.22344211143718753,0.5044029377154943,0.39545203755503705,0.4817214937075513,0.4525040772358332,0.5762710598792762,0.44642345731973876,0.3984820024294712,0.5011333857531962,0.4895111105384334,0.3529077524661884,0.4621387557388358,0.4354017648831856,0.2509198931892822,0.24315863834695053,0.22850419462938273,0.2349741745821393,0.20165420258272618,0.21318341312697625,0.16403670079519622,0.19238371362143658
6120269600,0.9637885583114849,-0.2200161352157714,1.0,0.742678790037044,-0.14084202899636142,-0.2384210033029926,-0.17861794957304708,-0.19724663269495163,-0.22788305070208817,0.7379955621698604,-0.18670554110126644,-0.19049123211580934,-0.2665486023773193,-0.2903546051482522,-0.2825898091394076,-0.1291594464059909,-0.1789780706665642,-0.183246597888524,0.5215632464173671,-0.16071895723262572,-0.26387490492233284,-0.2909957158136768,-0.2984096991305117,-0.22207604705441508,-0.23415072455734556,-0.22000752105892943,-0.30893559505357104,-0.21508850542642238,0.03036561127530976,-0.33417829342223776,-0.249221751297418,-0.09848006316024331,-0.29375272796321733,-0.27080977634696446,-0.13674556090593384,-0.13508460121987897,-0.14633809321244431,-0.18857821492707863,-0.29628265123705455,-0.33960642854007833,-0.3361107971088272,-0.33453685502041475,-0.3449285708811159,-0.2565546333472466,-0.18445123086781487,-0.35075252519614575,-0.29715801894618954,-0.25419027859328125,-0.34686879920004726,-0.3327062442615768,-0.3378845660899943,-0.304251590287137,-0.3441407412972448,-0.30303094689587734,-0.34097040946224955,-0.2703738285831989,-0.31340391532263995,-0.293621156325026,-0.33911755496760204,-0.2949965837499568,-0.25313442763433736,-0.2664691418240089,-0.1981867394127646,-0.24172671836126156,-0.1830505178824949,0.9934405392314201,-0.2872877424691565,-0.28354153972246604,-0.27559158229252767,-0.27841911870665664,-0.21370026586343863,-0.2020485591104198,0.39646639595533456,-0.28286016139085246,-0.27841569100233315,0.3301612489409779,-0.29758125847106714,-0.3005509328087412,0.1993789004602339,-0.29392611146104736,-0.28457210814536665,0.02101979988538052,-0.2931537870294835,-0.21948379251143782,-0.29191468210874877,-0.27914171373009944,-0.32898471576731414,-0.302396031352551,-0.3047579996307115,-0.3358395570105451,-0.33101159466043,-0.31696831308234646,-0.33995569715704205,-0.343360724391172,-0.2464857783354532,-0.2641217926141273,-0.31102834725219375,-0.31340974429639923,-0.3049480493385939,-0.2906298001938568,-0.25607716318958673,-0.256067279773164
6120273660,0.807554368477573,0.010844621484078505,0.742678790037044,1.0,0.20724765027836736,-0.0056112355322789995,0.01824083149669796,0.10478537586648284,0.020908015209097446,0.9265673293646487,0.09676924677019062,0.04621629110606344,-0.0189767352582218,-0.04711351199203212,-0.03824194223394252,0.09097497258875606,0.06706142068812296,0.04419825076754913,0.4966987582526079,0.05636181125302368,-0.03490519478354089,-0.07010924075608482,-0.059401400510705804,-0.011516852165096597,-0.02683723418015156,-0.04211516933688644,-0.07730178100895453,-0.08372189205733457,0.00795245528112156,-0.11988240790820422,-0.09733637836131072,-0.09168919154905,-0.10485958454198678,-0.11683828155160589,-0.16148009550228806,-0.19480252311673196,-0.20681931200595335,-0.23158684394238133,-0.14423601722059723,-0.1525868774300142,-0.1532158633635982,-0.17081394989078344,-0.16426773455821456,-0.1373384372494249,-0.22265729095992773,-0.17948168060166664,-0.15328830048014247,-0.28425907013667434,-0.1823430782442951,-0.17374933281368038,-0.2071784398147845,-0.194334156946418,-0.18447688813057353,-0.19434759726218934,-0.2019414354666245,-0.30071585792891214,-0.20526448977461806,-0.3036295595870953,-0.24344423110188074,-0.3050414136332762,-0.2596717021447478,-0.2699470403820436,-0.12152045376878368,-0.2517491074612988,0.074530234291848,0.7943356961234398,-0.04248904489806199,-0.039205559092933225,-0.028779385440139298,-0.030397287482064293,0.05658696447060804,0.03914505381926768,0.3235846152198431,-0.05064670925060332,-0.0385349879323796,0.25021944618650876,-0.06992947137674022,-0.0808045544183016,0.12784648709204552,-0.08272235188904935,-0.07576759542191336,-0.0034596177642452096,-0.08685167647190242,-0.046247301965536655,-0.09464645003864426,-0.08776952266180471,-0.10892170393832652,-0.1135101591784259,-0.12859298375013017,-0.13230873352620015,-0.13011885787341423,-0.15039038750056155,-0.14607042346222357,-0.1563583607999308,-0.12814782471162922,-0.14476440123461307,-0.18704623464200246,-0.1870789190080867,-0.1902050328335915,-0.17519341797127652,-0.16129825523457703,-0.15345212639223335
6120273770,-0.07021289428480842,0.7177141461933502,-0.14084202899636142,0.20724765027836736,1.0,0.7666145429000236,0.7593883467893637,0.9320229968914311,0.7984882901741949,-0.07311177157820001,0.7986074210779837,0.746340705286959,0.7137560126784919,0.6886980228318482,0.7144342410818139,0.700106401038593,0.7560799833627377,0.5899168369437117,-0.18107837530340726,0.5703383134924991,0.5706729509559696,0.5828325810054195,0.6272113965929389,0.5063739457405105,0.484967154516123,0.38034058797170217,0.593250856507604,0.24072193081148416,-0.17241089681071017,0.4854012934513589,0.3009512481889348,-0.12264710228889841,0.39991439633955755,0.2972677809755158,-0.24828433750215398,-0.36559199342204346,-0.38250897283219154,-0.3309510111296572,0.2725146702865931,0.3734402542153468,0.3590130464952215,0.29318953145524673,0.35139021747880544,0.1948498789928914,-0.30665758984663105,0.3123315305822778,0.24307562387430598,-0.31932968715664295,0.2917243577185864,0.27733212973247345,0.18151466039730765,0.13364166767675437,0.27577484658478707,0.13077355212835778,0.20278346556287552,-0.3308006433367447,0.11045306751593828,-0.26693460010289216,0.050418005393870355,-0.26827968116424206,-0.23061013935401753,-0.22940993129511542,0.10398584511814382,-0.23549278242442243,0.8916186876042036,-0.12474418801331266,0.7260008519800129,0.7163330631576564,0.7341754709502399,0.7133791561911997,0.782248872413024,0.669244596568302,-0.24500241224391137,0.6564659464943453,0.634125405908555,-0.2963214240126196,0.5583406573567296,0.5145443506859341,-0.2822451749353291,0.5048139381650318,0.47070042415541874,-0.19830229215527434,0.4624192623309393,0.3680821071331496,0.44127060754538083,0.4110747192697812,0.5174198776674902,0.3990669333841418,0.3487835893873861,0.44232486963624046,0.4324829541113098,0.30250254255248726,0.402520246950404,0.37526493946685985,0.1979319994157879,0.1904555806427219,0.17554806366260112,0.1815644723551787,0.15302018944427212,0.16325822130291173,0.12153143737961708,0.14682636303170649
6120274050,-0.11332304815639625,0.96888969855797,-0.2384210033029926,-0.0056112355322789995,0.7666145429000236,1.0,0.9744498876897026,0.9267239051987124,0.9899342756673086,-0.22726109731215643,0.7560613837611292,0.8941431612958062,0.9023724767677506,0.8976363546639505,0.9244690057556169,0.8360480878579508,0.8806774574096946,0.6668906489761792,-0.28259844933639927,0.7090980065282618,0.7538109955046063,0.7863632368134191,0.8306671193137117,0.6641326143446606,0.6630401422738862,0.5672574744607644,0.8052453749932831,0.4154220527440001,-0.17972432724380197,0.7087953368643274,0.5014782307578318,-0.08118070716267385,0.6174777861417916,0.5071542832945672,-0.29141398966416066,-0.4463872900225533,-0.46446165727861294,-0.4203330403019703,0.48538739257778624,0.6008154856910819,0.5848240398511896,0.5122979251622894,0.5751035881389346,0.3831556427259042,-0.3903649968229502,0.5311696869231107,0.45031903979068,-0.40564376440106875,0.50590019372547,0.4911187548159568,0.36419165284498206,0.2903451010600487,0.4865388361299168,0.28564700771012247,0.3919249326221847,-0.4190287676015011,0.2678291879797807,-0.3190825240273108,0.17839748627685037,-0.3209921608022476,-0.2710526127213983,-0.2819205852377703,0.23045343499843346,-0.29508838068282356,0.9405003121373727,-0.22957015170789924,0.9437265189014791,0.9281072513178572,0.9401198403290946,0.9115797702277317,0.8528259821312332,0.801127976466822,-0.36404591304425266,0.8612277655656004,0.8233302911731425,-0.3968115216750089,0.763504831792207,0.7233151184502189,-0.3839308200181433,0.7103089116835228,0.6772911823583604,-0.2496411228335506,0.6751705479521322,0.555913336041328,0.6475209710422557,0.6219330260793604,0.7396632023729839,0.614980569514949,0.5643520535253277,0.6690421887281576,0.6585650403094021,0.5150270501354606,0.6296732711029808,0.6011224880950918,0.38491453800769404,0.37546986728289256,0.3579112215443623,0.3663502425794242,0.31761418058565943,0.33495711382155624,0.26418135323624836,0.30367830034911697
6120274220,-0.07146299844454736,0.905881372467964,-0.17861794957304708,0.01824083149669796,0.7593883467893637,0.9744498876897026,1.0,0.8925275279285013,0.9772255457659969,-0.22845703035955953,0.7853380283449555,0.9490882164755936,0.9358173202305845,0.9423963505308897,0.9602965103192717,0.9044901923831734,0.9344343360122861,0.7223466817288144,-0.2863954552489028,0.7999736223859241,0.8274566304765395,0.8705092120207667,0.8882401422808179,0.7406062372310462,0.7611345066595541,0.669463186811161,0.869839769315316,0.5021057244760588,-0.18428609327502218,0.786111036105379,0.5891335148226732,-0.0658048625939934,0.7072342775860039,0.5971041835218223,-0.3289202363804405,-0.4979612862732212,-0.5168706811214843,-0.4764341296025137,0.5826318229054953,0.6873869654044416,0.6698305648762,0.59886438509533,0.6627009740491516,0.46365022826764524,-0.4427739580268787,0.6149607706353983,0.5448825113182294,-0.46358370298020324,0.5952962497209674,0.5832299448259753,0.42881362421668184,0.3535020688219015,0.575000152381908,0.3477416003474111,0.4725744293761668,-0.48023695899140717,0.3342913974194542,-0.3656664448252309,0.22502229963874137,-0.36722874700462227,-0.2991856109971897,-0.3176814444389586,0.2811136874318337,-0.332603070120723,0.8904170418502491,-0.1773928283599098,0.9681147039668218,0.9623963943469838,0.9644827889715353,0.9450432406290813,0.8799791930076662,0.8747231495003833,-0.3948913066984811,0.9265709607526309,0.8799032048629245,-0.4252138748419858,0.8369998597412613,0.8017033118528836,-0.4300735116782974,0.8092100012845972,0.7631234149766426,-0.28154871693880545,0.7631984636681665,0.6569253101419316,0.7534885959363878,0.7119420678442745,0.8156415557343317,0.717318415341294,0.6677918492322654,0.7535675548745902,0.7438740688415488,0.6173460682053585,0.7168073933179542,0.6885506844434481,0.4636795576485034,0.45192895555663176,0.4276817389572307,0.4373316243892894,0.37755487185984343,0.40129416786261235,0.3179173165508258,0.3657843309315828
6120276520,-0.08035149838873074,0.9068336883639885,-0.19724663269495163,0.10478537586648284,0.9320229968914311,0.9267239051987124,0.8925275279285013,1.0,0.9420611820612081,-0.13182298930877145,0.8315742533543224,0.8459568964291527,0.8242368820532839,0.7969964824745229,0.8296235310521872,0.789937966402345,0.8492972840391306,0.6738600706944544,-0.21959026831958534,0.6459182444412598,0.6564911846714383,0.6674202905118002,0.7233825128726951,0.585996565142856,0.5566169801577284,0.4393237876141208,0.6846291155237063,0.2833839242199106,-0.18779553001716828,0.56300234277641,0.3542521696016466,-0.12695146017802705,0.4663686626601138,0.34998141776936603,-0.2713751896151754,-0.4059159491539239,-0.4247129272630473,-0.3701940837105476,0.31923211305235105,0.4356743156015288,0.4203887876517323,0.34402813423179085,0.40876041878299185,0.23104354166134672,-0.34331793523846277,0.3647837678803021,0.2853443438796722,-0.35787086481207286,0.3397176716162167,0.32396351333560053,0.21613104901367344,0.15856943178691413,0.3212948642900423,0.15528702358462207,0.23703262145936818,-0.37028848862058633,0.1322437781486222,-0.29671964323578415,0.06456726165233034,-0.29842888284530456,-0.2596545127432038,-0.2582429329317823,0.12142936118373392,-0.26532137229902436,0.9799945241980266,-0.1843313376759406,0.8478602070003414,0.8326151503834073,0.8550711767475615,0.8260453391375093,0.864325305588547,0.7539067851630296,-0.28366860491709295,0.7549012698302532,0.7297106763375991,-0.3347449741749629,0.6438228287784227,0.5953094995909981,-0.31708619889593986,0.5777391198175663,0.5459447426244601,-0.21850834674282682,0.5360120453606994,0.4255680659237511,0.5057194911812394,0.47893255924346656,0.5983204114777058,0.4609843064627303,0.4043065546068311,0.5128504471379932,0.5023039252225592,0.3521709894419848,0.46741319266554765,0.43614304077751825,0.23536965872740342,0.22562215324925203,0.20801431646902024,0.21459351775871677,0.1813481831542239,0.1921466679105733,0.14348471559207193,0.17190894234507312
6120278160,-0.10542530111122458,0.9451328809819873,-0.22788305070208817,0.020908015209097446,0.7984882901741949,0.9899342756673086,0.9772255457659969,0.9420611820612081,1.0,-0.21619273570635678,0.8210970217124314,0.9382748157298656,0.9361385804407292,0.9223023101316621,0.945273699566133,0.8903451715573257,0.9300059902503895,0.7424361957793169,-0.26832821945564567,0.7726745221899698,0.8051696927706583,0.8205075685411392,0.8654655544615114,0.7261897524216276,0.7177702380617401,0.6122209107278046,0.835502612051,0.4409584998482727,-0.17090378923917923,0.7352420184046964,0.5260291599966895,-0.07399815482771654,0.6479053057128232,0.5263296568505258,-0.29224298941693705,-0.4545120964505224,-0.47273744741235135,-0.4287380422575918,0.49757039216570337,0.6169082189470526,0.601730805037869,0.5204043586370076,0.5859389784279684,0.3853737722135184,-0.3984080149176707,0.5378469327762034,0.458423673820331,-0.41655681447310955,0.5116341915334635,0.4981806620842482,0.35931530255278565,0.28374315551781243,0.4905534331241089,0.278877428892639,0.3894545791924751,-0.4308120084406761,0.26073593168821396,-0.3312444374046953,0.16868692312507036,-0.3332334187973263,-0.2849689722547545,-0.2932970798014012,0.21825881316551535,-0.30508937726713337,0.9333527176677225,-0.21936813033627356,0.9563811600229642,0.9473394927747489,0.9603504925856864,0.9399382794131171,0.9085215537102198,0.8605659225147009,-0.35085261478618995,0.8910558988079635,0.8664614570270462,-0.3832651986607462,0.8028814794126855,0.7627018773172971,-0.3757673134675201,0.746573592669133,0.7194656957629278,-0.23947089581812003,0.7127513362235999,0.5984673530579528,0.6813992141539004,0.6584809121381978,0.7659528147438989,0.6432079716291745,0.5873813941592536,0.6902098392616977,0.6814727090866487,0.533886461969837,0.6466649949365869,0.6145616005241173,0.3893050932475543,0.37558970689432664,0.35188817296488406,0.36014516859150336,0.30887788785744513,0.32592594238248157,0.25317911193540243,0.2935487506711108
6120278680,0.7490494306905167,-0.17922155241490614,0.7379955621698604,0.9265673293646487,-0.07311177157820001,-0.22726109731215643,-0.22845703035955953,-0.13182298930877145,-0.21619273570635678,1.0,-0.1751389088073218,-0.2056271547257304,-0.26423432007095893,-0.2936478047309013,-0.2858111979056267,-0.14889622387512333,-0.18414110748287918,-0.18350240397609685,0.7182756794386891,-0.16013113101543022,-0.2624888756313775,-0.3059393184884961,-0.29822310279042324,-0.22329557981004775,-0.23872133954710345,-0.22667445087116317,-0.3121151619462023,-0.21705986595702034,0.09904782234435569,-0.3352133166403594,-0.25468889616251783,-0.050592764148935786,-0.29795556607433665,-0.27956113648540987,-0.05412543593165457,-0.05194702734072447,-0.05979172444584449,-0.11748096337224222,-0.30774552910061853,-0.3444551318147662,-0.3396868130633023,-0.34142626959783734,-0.35164564260153913,-0.26751998374453556,-0.11893049415604601,-0.3562666577830031,-0.30828392638650065,-0.19058018623728326,-0.35505642870708176,-0.34168266703530553,-0.3388018858970968,-0.3074630359242105,-0.3522900991725075,-0.3059686445313075,-0.34709834628627606,-0.20495413681255567,-0.3157481470443842,-0.2426889999960302,-0.3327985938552723,-0.2441374129369964,-0.2135718480025057,-0.22313185003125185,-0.20408014623500717,-0.1977755225849106,-0.12402641814527011,0.7820772567069002,-0.2871895692669666,-0.28657536231498104,-0.2747745438427779,-0.2764178795438898,-0.1983058571076439,-0.2026289892549007,0.5347797520269937,-0.2966454225828951,-0.2756759894896023,0.4567159381280014,-0.2984995808180414,-0.3003160977253941,0.31357437679412753,-0.30448085125367974,-0.2849893083446574,0.10860763699993073,-0.2959321635490609,-0.22726551932686198,-0.3024615846063546,-0.2815981382918753,-0.33175522148833597,-0.31122209205979406,-0.3144086459093408,-0.34040746863165716,-0.3352920343119576,-0.32562870431036856,-0.3456095543939873,-0.3495698403406904,-0.2567288384202633,-0.2731047848491531,-0.3157936165119297,-0.31833547317351374,-0.3074147926363873,-0.29592106661399564,-0.2599013753991383,-0.26206432487832027
6120278800,-0.11436544569434971,0.6598613482444372,-0.18670554110126644,0.09676924677019062,0.7986074210779837,0.7560613837611292,0.7853380283449555,0.8315742533543224,0.8210970217124314,-0.1751389088073218,1.0,0.8738081573542078,0.8324542175079778,0.7854244830557001,0.7968093961152565,0.8633856381959327,0.9019476794853384,0.931998369514257,-0.2580933954941031,0.7927075636659386,0.761977097103097,0.7133109425665644,0.7647375250188949,0.7303233041255398,0.677404298583899,0.5365824660409646,0.7198706777093494,0.3382328202056537,-0.15491945235545065,0.612714299242852,0.40555489321808885,-0.08549348409916149,0.531689329668465,0.3940818951512013,-0.2435365969786266,-0.3817974076135412,-0.3993477154245988,-0.3491711254536832,0.3580430947514771,0.477708671994659,0.46491188433386654,0.3786948642772806,0.4440855388642028,0.2537744236872705,-0.32395019850453016,0.3972192602366492,0.3200752094273043,-0.33939444571731125,0.372561210350475,0.3585551409777842,0.23750990210084602,0.17694298229019687,0.35248814215856894,0.17336532299776033,0.26364746795546845,-0.3512709830297415,0.15345915048130127,-0.27955794628350417,0.08689682035401049,-0.2812499260431153,-0.24734271758423818,-0.2445235603220135,0.12864501783951082,-0.25106215180896096,0.7453806773356773,-0.17816793677184029,0.7911902782387649,0.7947161077104485,0.8156530933947153,0.8190084959148111,0.9658402668344277,0.8760793108115388,-0.26065784292657984,0.7674658393236935,0.795297228587328,-0.30757086211122303,0.714631437926471,0.674132492004993,-0.28826869115971065,0.6464708563780459,0.6357771683257492,-0.1801276039791096,0.6143445534430747,0.516351390336333,0.578517147518205,0.5567877022044649,0.6407113250121996,0.52321236767622,0.4605132452388238,0.5561778368858157,0.5506959780176193,0.40602057070843534,0.5078116928329492,0.473330185809104,0.25914557197681326,0.24703532937143644,0.22704009533211017,0.23384728013163966,0.1969118188437349,0.20774106336549364,0.15424103273835327,0.18470092345869427
6120279240,-0.10363389966973942,0.7868150133629693,-0.19049123211580934,0.04621629110606344,0.746340705286959,0.8941431612958062,0.9490882164755936,0.8459568964291527,0.9382748157298656,-0.2056271547257304,0.8738081573542078,1.0,0.9786849104080534,0.9599950305253308,0.9647874855158136,0.9848156650653789,0.9963497545232354,0.8614729791958552,-0.23584505391324292,0.9199452879260416,0.9243863988462541,0.9202647663380767,0.9408440150814584,0.8694897745221962,0.8734448304552497,0.7680672539876078,0.9133268348640476,0.5622555964258802,-0.1357732467942601,0.8315705732408769,0.6432831638707114,-0.024307796138485528,0.769325174039946,0.6375061133534523,-0.2992758738515237,-0.47832537456640595,-0.4968874911811643,-0.46751558149166855,0.6054452625287448,0.7150228089208064,0.7013633138934601,0.6115180768904509,0.6772981340224362,0.4657341859425258,-0.4357120797743269,0.6224098787564992,0.5589663632869722,-0.46467757170396184,0.6003332169302749,0.5928334638466574,0.4158011750392634,0.3357259603717253,0.5764314313854001,0.3297134046578787,0.46141003424189414,-0.48210972236038024,0.3166114834675321,-0.37302339689013125,0.2054174404412667,-0.3748380560268057,-0.31552571659584533,-0.32789435148975415,0.25042117357230514,-0.3389104957631868,0.8036423098404328,-0.1848159454733122,0.9556007909697509,0.9629812360316157,0.9689908251366912,0.9727845457350119,0.9561701271288131,0.9742209352449892,-0.3414331625925963,0.956634496472812,0.9531136371052199,-0.3613092141157013,0.906600881978142,0.876609566223036,-0.38072085397383604,0.8727633003909621,0.8490648071773024,-0.22917266602308428,0.8374774841964279,0.7506466793145716,0.816684721725337,0.7889142949142608,0.8565299292582972,0.7712855627667756,0.7124992004476931,0.7876752897679761,0.7835180318582473,0.6553327861357069,0.7434373449893964,0.70813298898566,0.47176269124961584,0.4493406025992679,0.4111549292876495,0.4200412863485292,0.355081338765486,0.37728878256586906,0.2902976101353555,0.3390289621481249
6120279540,-0.1807777674516994,0.7822146783464037,-0.2665486023773193,-0.0189767352582218,0.7137560126784919,0.9023724767677506,0.9358173202305845,0.8242368820532839,0.9361385804407292,-0.26423432007095893,0.8324542175079778,0.9786849104080534,1.0,0.9890242873405412,0.9895411370225249,0.9561458312599047,0.96592530033873,0.8242806014286501,-0.30043636266705775,0.8926634573662786,0.9494668138127771,0.9434058129434267,0.9801204567845758,0.872951311442213,0.8783230580209501,0.7886322039441807,0.9585347306413277,0.6064951722707893,-0.1252884271074445,0.8960429956913123,0.7042810239897979,0.009913550432187158,0.831135212816744,0.7063537264521568,-0.27867863720453123,-0.46477521374789216,-0.481043270036225,-0.458561918493106,0.6739053956720831,0.7912632406801627,0.7799103663339351,0.6912953327037604,0.7518679989780285,0.5378276894899525,-0.42767039550343244,0.7010065384867868,0.6287710847105022,-0.4516266321899034,0.6731579066217471,0.6654160210084601,0.49615387755642393,0.40125314092919606,0.6492087578975005,0.39487811866226435,0.5312569201882793,-0.466719930828665,0.3832703932104008,-0.34683314691913686,0.26978632139017755,-0.34920016470797666,-0.29827879626675124,-0.3141789196392789,0.30209567159782513,-0.328921693184313,0.7897918225785772,-0.2606971347342794,0.9836306400950069,0.9882131855034921,0.9923942718655164,0.9982986995362875,0.9378391879250263,0.9494338902416405,-0.3921757596434593,0.9783942485407605,0.984143834208148,-0.3970733923096844,0.9499534767856368,0.9257433808928995,-0.39962702720609417,0.8993960226114575,0.894891802463087,-0.22660833194158275,0.888302796114725,0.7749106427071314,0.846758628247801,0.8421280139281015,0.9151574206991298,0.819882663518949,0.7667782690485255,0.8549107778370588,0.8516107415914385,0.7139142114445065,0.8145034618376906,0.7814870362857601,0.5438749994799024,0.5224444740140041,0.4881164751805429,0.49715320957128195,0.4267080341805923,0.44845421560824256,0.35163908669694344,0.40252585679331027
6120280630,-0.20472728902447768,0.7724617339241011,-0.2903546051482522,-0.04711351199203212,0.6886980228318482,0.8976363546639505,0.9423963505308897,0.7969964824745229,0.9223023101316621,-0.2936478047309013,0.7854244830557001,0.9599950305253308,0.9890242873405412,1.0,0.9976015094469045,0.9300271687637607,0.9434603468147473,0.7731261067840084,-0.33429792511225426,0.8718981473551787,0.9414848683951889,0.9664066778740572,0.9872642191894545,0.8460833703450359,0.875433167670703,0.7988361123747316,0.9785424132172261,0.6354675900483058,-0.1391743467344297,0.9322725171993386,0.7410877934884105,0.02011480666338681,0.8654942262222735,0.7563885254213951,-0.28911623826396476,-0.4740514426070596,-0.48897185492334333,-0.467283955681069,0.7413428561097449,0.8505967543248593,0.8369337504357917,0.7631244967616434,0.8200235528990645,0.6091546744535267,-0.4351906373032497,0.7740593316672687,0.7012221407593162,-0.45422798581360846,0.7494852807099669,0.7404399336440569,0.5743984463290032,0.47697421632963144,0.7275769508619309,0.47007118522488117,0.6139314616287374,-0.4688289713223685,0.46259589524815914,-0.3368659507008159,0.3417722005600289,-0.3391132665221962,-0.28087627126330134,-0.3055903063732564,0.3697925198999405,-0.32531321702622135,0.7731330114907923,-0.28528989865597754,0.990915716751741,0.9968453377832521,0.9911919292995393,0.9948880355186206,0.8968321181967268,0.9273228732686432,-0.437002941128411,0.9949382369854322,0.977466019888395,-0.44048386205861323,0.9620679805135119,0.9405359718985178,-0.44022199761070596,0.9296602313834885,0.9077687305355953,-0.25682624099204493,0.9110645994953532,0.7873747166428117,0.8844066302066785,0.8649433312820713,0.9502177839018753,0.8650675118055938,0.8205606780037201,0.9044382349020994,0.8989202569874644,0.7742952698526744,0.8724418679996538,0.845394160231719,0.609653787959871,0.5950686231066729,0.5690061726747033,0.5790639243081058,0.5043126219839121,0.5293249136650497,0.4242573421089741,0.47925828347307353
6120280640,-0.19100370904188518,0.8109752855824589,-0.2825898091394076,-0.03824194223394252,0.7144342410818139,0.9244690057556169,0.9602965103192717,0.8296235310521872,0.945273699566133,-0.2858111979056267,0.7968093961152565,0.9647874855158136,0.9895411370225249,0.9976015094469045,1.0,0.9306233586130259,0.949072285773242,0.7719923973866756,-0.3302681670632083,0.8611241787151664,0.9263428279502003,0.9515091809096501,0.9761697502331649,0.8317600084072237,0.8557792456723405,0.7740179389748445,0.9642970292080497,0.6079031035670042,-0.1482147178571395,0.9089458324187991,0.711448632488237,0.0018980642354700812,0.8370762994403351,0.7250728976189776,-0.29594969027913504,-0.4786686702910087,-0.49437990687870315,-0.46769400173667874,0.7090031428159834,0.8215193727911527,0.8069864101290924,0.7325203992561582,0.7917474437129379,0.5797334124387749,-0.4353004574722769,0.7454616776207699,0.669200663314694,-0.45362352281723617,0.7204827123410898,0.7098972508309277,0.5483146709993635,0.453560105836658,0.6987372871840517,0.44693104530709127,0.5868923486736043,-0.4682667913647396,0.4374525813343344,-0.3392731195749772,0.32030162311963917,-0.34148143296694083,-0.2831690605867628,-0.3063684714715063,0.3540135245834123,-0.32549283423078196,0.8096860459423932,-0.2771709304079178,0.9968716204862422,0.999878085905923,0.9968239782951398,0.9954760375574724,0.9056509834775291,0.923164493794978,-0.43150480274452185,0.9874993849060263,0.9674555049906376,-0.44003570156042854,0.9442374798996752,0.9192026694441761,-0.438085361037199,0.9078016667924841,0.8840588194669928,-0.2599715467883753,0.8860929828180213,0.7622406538740197,0.8586747306000954,0.8379353209943982,0.9294990182502904,0.8364349190572887,0.7898744073351572,0.878862656985642,0.8723117136607587,0.7421643426798021,0.845159296464403,0.8175370299480447,0.5801287866739491,0.5668291905119541,0.5428389031904901,0.5529465476676145,0.48177040545677063,0.5061382839871967,0.4053920287379617,0.45880956204675505
6120280940,-0.0535122536329093,0.7180531394127845,-0.1291594464059909,0.09097497258875606,0.700106401038593,0.8360480878579508,0.9044901923831734,0.789937966402345,0.8903451715573257,-0.14889622387512333,0.8633856381959327,0.9848156650653789,0.9561458312599047,0.9300271687637607,0.9306233586130259,1.0,0.9847396896414666,0.8759008439299342,-0.1558980551692412,0.9553429418396543,0.9218273774765814,0.9070694438236001,0.9224903131089889,0.8849776329731871,0.8890846847234982,0.7884934304857149,0.8933613461331004,0.5698677843222107,-0.12047376801463319,0.8124303544101615,0.6397987007385457,-0.022180303526472146,0.76160008991325,0.628799982352785,-0.30724288712312603,-0.48354601321776175,-0.5034713290358673,-0.4826939332584022,0.5939328321905931,0.6939475622625361,0.6807122433674985,0.5896404837076754,0.6540204058450982,0.44976592632108914,-0.45092356813447665,0.5971421271736906,0.5463221577489844,-0.4907968548876682,0.5768500494727706,0.572693576548245,0.3848735217218961,0.31038613640008617,0.552516849357356,0.30423349108399533,0.4372794497873966,-0.5107970978707302,0.29302689333876897,-0.4079701210863489,0.17610506170277568,-0.4096130108888958,-0.3418262734358433,-0.3550011149299826,0.230218239226583,-0.36266674885041167,0.7374154329746189,-0.12375909103334715,0.9162879078421002,0.9276177982368369,0.9345253516290941,0.9452594560372415,0.9462037486725142,0.9748700569527158,-0.27292194736589126,0.9334857716045957,0.9424713764018973,-0.3015785444322633,0.8953580265289165,0.8677619086982994,-0.3490041509920606,0.8680143192174258,0.8469000461103051,-0.21795420096620752,0.8316722016616431,0.7688725034502754,0.8222956840308728,0.7862281234956588,0.836125628712358,0.7654581117786491,0.7081221496555868,0.7672938207422381,0.764880017586731,0.6510120018678868,0.7221489984624736,0.6855626000432465,0.4576163161370148,0.430938413115346,0.3839071096136151,0.3927128070292067,0.32605237027539963,0.35069710064511606,0.26521726193944745,0.31503815466626667
6120281060,-0.09370634298845484,0.7734632361389915,-0.1789780706665642,0.06706142068812296,0.7560799833627377,0.8806774574096946,0.9344343360122861,0.8492972840391306,0.9300059902503895,-0.18414110748287918,0.9019476794853384,0.9963497545232354,0.96592530033873,0.9434603468147473,0.949072285773242,0.9847396896414666,1.0,0.8911224369786607,-0.2093057049061506,0.9258582306483782,0.9176267596944636,0.9001705263068249,0.9255419528589125,0.8738861415864401,0.8665944938310495,0.7519178436322212,0.8939534181462115,0.5363354750555783,-0.13416418026574953,0.805677967045547,0.6133582680613062,-0.033461838891944366,0.7419531679806824,0.6039429909290314,-0.2935181974486449,-0.46866708209354657,-0.48747544618557814,-0.4546400810380954,0.5689174485156476,0.6816649847751551,0.6680987471057641,0.5756007707229769,0.6429880865011466,0.43052486970266457,-0.4235306938973343,0.5876383581011853,0.5222208491760573,-0.45189423510769294,0.5650509856394943,0.55673304268221,0.383572807595602,0.30655108765922845,0.541103443886914,0.30086504995129054,0.42799570494720346,-0.4689854167293153,0.28637236728450405,-0.36587990928380837,0.18103986559109786,-0.3676523846659081,-0.31154600125487036,-0.32089556080708065,0.2267653793177062,-0.3306539543277875,0.7990443867805265,-0.17192409870679812,0.9395529079387304,0.9470831277572824,0.9553007469758454,0.9595537569068697,0.9738566619978988,0.9805760975688321,-0.3159577539854266,0.9385223105198052,0.94271963350319,-0.34063530685956694,0.8902194962893097,0.8586279360523564,-0.36120622676574426,0.8508102701945033,0.8311935514392976,-0.21741587625895753,0.8157836462600934,0.7328599531830512,0.7922584525491582,0.7656702367828155,0.8315420865684564,0.7421662428401499,0.6804737783831037,0.7577560942769062,0.7538046255047467,0.6218115938419101,0.7111353759519179,0.6745854608746263,0.437069718795542,0.4150703462411137,0.3779409483087869,0.3865962476465897,0.3254426684359148,0.34612206608426066,0.2640331488199793,0.3104236531025377
6120282650,-0.12453340430507237,0.5454290834089159,-0.183246597888524,0.04419825076754913,0.5899168369437117,0.6668906489761792,0.7223466817288144,0.6738600706944544,0.7424361957793169,-0.18350240397609685,0.931998369514257,0.8614729791958552,0.8242806014286501,0.7731261067840084,0.7719923973866756,0.8759008439299342,0.8911224369786607,1.0,-0.24616196003383228,0.879916222256244,0.8342842073653651,0.7401514545402017,0.7860268074575075,0.858596556964601,0.7808662069510858,0.6272067194967722,0.740214190908709,0.39119514784891934,-0.11443800620412867,0.648988769417398,0.45437913948212666,-0.04261111948446025,0.587617723714627,0.43470099788006455,-0.21717860418756063,-0.35909321825939605,-0.37544561396785614,-0.33278465668105295,0.39171010810256185,0.5112842509819983,0.5014737315414108,0.4071886969711148,0.4712645723316177,0.2744215500959244,-0.30914570663773655,0.422319135832721,0.3499206546596644,-0.3264936942818673,0.397843869188322,0.3864798923066266,0.25416111404212455,0.1907249433697432,0.37641934198370686,0.1868908545472318,0.2833331328133583,-0.33802073428172846,0.16952954335447162,-0.2650939552322908,0.10278810715907974,-0.2667752606467833,-0.2387648205492635,-0.23569201828997494,0.1328397799960972,-0.241552906892429,0.5835121282060519,-0.17798124013562883,0.7544850141604054,0.7674224434995212,0.7851950087207585,0.8052148340825475,0.9401296132246838,0.9213945881401653,-0.2664125644896996,0.7699897566203917,0.8291944403887564,-0.26525462907226804,0.7620803136128834,0.7326755475499225,-0.26109153117813305,0.69450659409055,0.710516921531083,-0.14366205016939232,0.6778621091062222,0.6016281499060362,0.6325614661125463,0.6256649515332606,0.6700402214892938,0.5731926377046819,0.5066100590500929,0.5886957329081527,0.5879833735049018,0.4502044704788017,0.5387721399778875,0.5018812493740441,0.2814736289587921,0.26587617814214765,0.24202160762104707,0.24881053179117738,0.20821020921685612,0.21909482923868148,0.16145984902875254,0.19347737570019516
6120282660,0.4954938693699842,-0.2308467297189105,0.5215632464173671,0.4966987582526079,-0.18107837530340726,-0.28259844933639927,-0.2863954552489028,-0.21959026831958534,-0.26832821945564567,0.7182756794386891,-0.2580933954941031,-0.23584505391324292,-0.30043636266705775,-0.33429792511225426,-0.3302681670632083,-0.1558980551692412,-0.2093057049061506,-0.24616196003383228,1.0,-0.12203717306395455,-0.27075310892660776,-0.32797028621934293,-0.3270255918375917,-0.22569389973040085,-0.23376029974489423,-0.22290138746686475,-0.3414356710126186,-0.21389409570426207,0.2108509675665721,-0.3571300410555386,-0.2645475326546508,0.02611991932852931,-0.3115144689452419,-0.2939709644557962,0.05366845809097182,0.05717085163898244,0.05157672015264087,-0.045954303630310236,-0.3237445241139953,-0.3658255696819948,-0.3589213395315071,-0.36096229969419363,-0.37377798921006805,-0.284034915933762,-0.05571396560498324,-0.37794872914667044,-0.3244117233093306,-0.14514487560857992,-0.3749669277887741,-0.36020558037643335,-0.356547662146702,-0.3221355875766711,-0.3721177654078742,-0.3204631550724407,-0.36514083716733237,-0.15929401665208642,-0.3285534044535517,-0.21836797457649296,-0.34082893114574386,-0.22000832123613479,-0.19532644555366835,-0.2036522346545424,-0.21780728605086633,-0.1749983420582879,-0.22370435278425094,0.5406779954698053,-0.33534790103158735,-0.3319735052312092,-0.31960622514138953,-0.3156350831320965,-0.24627149662677308,-0.20433083222768975,0.8352224986464243,-0.3304575445124327,-0.2968043657287405,0.6964516540212199,-0.31750899878607636,-0.3150111138245451,0.5124441625710582,-0.31653136108943103,-0.29431444344921714,0.2401356620529893,-0.3084199520576487,-0.22708983804533245,-0.3075716545899828,-0.2912843367931958,-0.35813917434110987,-0.32250926180979556,-0.3255437215845693,-0.3637863455591918,-0.3563082475834235,-0.33492928047476633,-0.3683228914224249,-0.37224884962967814,-0.2730683588715749,-0.29031618944684096,-0.3338543459798945,-0.33679102148174866,-0.32422577736898606,-0.31375988571324676,-0.2748221643111061,-0.2785677288196261
