,6120269460,6120273660,6120278680,6120282660,6120295130,6120296720,6120299680,6120303450,6120303860,6120309310,6120309680,6120315590,6120315900,6120324130,6120326890,6120331410,6121067940,6121073520,6121074480,6121075970,6121076330
6120269460,0.0,0.442277271614,0.606670344764,0.455259277433,0.63388107939,0.661012693459,0.581787448167,0.672833166058,0.56626783919,0.550623312994,0.497129981917,0.496564194333,0.643483392886,0.645242474807,0.449383189167,0.410785865113,0.191641172336,0.531616960026,0.542990901487,0.648890971254,0.660432468503
6120273660,0.442277271614,0.0,0.29027077181,0.538727629137,0.665584742045,0.67443631608,0.632948711654,0.66058609392,0.604500585213,0.593858286713,0.529608870637,0.531977283033,0.595842702351,0.599404690489,0.527700341476,0.498894383347,0.596610903065,0.498634302681,0.624512475516,0.647698221465,0.670888999437
6120278680,0.606670344764,0.29027077181,0.0,0.202582862676,0.659655888854,0.673972615359,0.652892922544,0.674476240492,0.663881251976,0.662732158484,0.652433782016,0.64968517593,0.66225716514,0.663083550317,0.611385499686,0.600544090498,0.360968734252,0.414085328233,0.554356799102,0.627707795662,0.667943514428
6120282660,0.455259277433,0.538727629137,0.202582862676,0.0,0.573065284203,0.646656170673,0.654307234249,0.666606917186,0.636613620486,0.628762133021,0.574338865396,0.566909116404,0.65934331665,0.660554358555,0.465231284096,0.433598027177,0.267630509563,0.307964008128,0.302642390202,0.60424505643,0.651476873304
6120295130,0.63388107939,0.665584742045,0.659655888854,0.573065284203,0.0,0.624643591512,0.673856903829,0.643720631644,0.671602150641,0.670158803083,0.6681049735,0.666636354428,0.674412768893,0.674439475352,0.616176836198,0.606197846463,0.64179837377,0.623716517798,0.399755236075,0.511154290548,0.653707431421
6120296720,0.661012693459,0.67443631608,0.673972615359,0.646656170673,0.624643591512,0.0,0.637346625418,0.0852807236378,0.629239191953,0.641141366417,0.674240800696,0.674368403228,0.663893010401,0.665464316062,0.603160680931,0.598782126777,0.666972154249,0.673491450202,0.609663096929,0.66540072255,0.671230588732
6120299680,0.581787448167,0.632948711654,0.652892922544,0.654307234249,0.673856903829,0.637346625418,0.0,0.320444794098,0.193315632595,0.202202432887,0.602496908927,0.623681219523,0.644896187563,0.645097096196,0.673107340503,0.67051652756,0.586657190604,0.667183664829,0.674038581192,0.602439261926,0.631901052938
6120303450,0.672833166058,0.66058609392,0.674476240492,0.666606917186,0.643720631644,0.0852807236378,0.320444794098,0.0,0.492888667229,0.525646790262,0.641217136696,0.655765832842,0.659881772687,0.661545268836,0.635029808272,0.638161381557,0.673638041903,0.670348739182,0.649368809806,0.659773437581,0.669340767107
6120303860,0.56626783919,0.604500585213,0.663881251976,0.636613620486,0.671602150641,0.629239191953,0.193315632595,0.492888667229,0.0,0.00413223181302,0.485325656456,0.515161931447,0.640041484043,0.64159915811,0.633473798023,0.631445621083,0.600514750745,0.674313903324,0.647625829103,0.641737037636,0.650430849351
6120309310,0.550623312994,0.593858286713,0.662732158484,0.628762133021,0.670158803083,0.641141366417,0.202202432887,0.525646790262,0.00413223181302,0.0,0.444434686353,0.476885544089,0.643656686507,0.64499014979,0.610989382034,0.60911955107,0.591308707266,0.67442617877,0.639928332958,0.644774521948,0.651844299355
6120309680,0.497129981917,0.529608870637,0.652433782016,0.574338865396,0.6681049735,0.674240800696,0.602496908927,0.641217136696,0.485325656456,0.444434686353,0.0,0.00395260561331,0.66503454604,0.663948332715,0.232621599723,0.242175588269,0.562229536583,0.65555656049,0.586006201477,0.670436486084,0.67067573312
6120315590,0.496564194333,0.531977283033,0.64968517593,0.566909116404,0.666636354428,0.674368403228,0.623681219523,0.655765832842,0.515161931447,0.476885544089,0.00395260561331,0.0,0.662910152832,0.662503682198,0.189785128226,0.201777849428,0.559327864526,0.64992636556,0.581801548297,0.667038908215,0.669368691199
6120315900,0.643483392886,0.595842702351,0.66225716514,0.65934331665,0.674412768893,0.663893010401,0.644896187563,0.659881772687,0.640041484043,0.643656686507,0.66503454604,0.662910152832,0.0,0.00226084821014,0.674438202608,0.666138169736,0.652751622717,0.537746122284,0.664003747685,0.536633938711,0.598130674901
6120324130,0.645242474807,0.599404690489,0.663083550317,0.660554358555,0.674439475352,0.665464316062,0.645097096196,0.661545268836,0.64159915811,0.64499014979,0.663948332715,0.662503682198,0.00226084821014,0.0,0.673895138341,0.662829857105,0.654126829563,0.54729217518,0.664651151974,0.545367683235,0.60114596287
6120326890,0.449383189167,0.527700341476,0.611385499686,0.465231284096,0.616176836198,0.603160680931,0.673107340503,0.635029808272,0.633473798023,0.610989382034,0.232621599723,0.189785128226,0.674438202608,0.673895138341,0.0,0.00585451401588,0.499354479925,0.558586874218,0.502639092297,0.597945936084,0.667362122796
6120331410,0.410785865113,0.498894383347,0.600544090498,0.433598027177,0.606197846463,0.598782126777,0.67051652756,0.638161381557,0.631445621083,0.60911955107,0.242175588269,0.201777849428,0.666138169736,0.662829857105,0.00585451401588,0.0,0.468948451242,0.528999560045,0.474160659853,0.580091506629,0.667566754958
6121067940,0.191641172336,0.596610903065,0.360968734252,0.267630509563,0.64179837377,0.666972154249,0.586657190604,0.673638041903,0.600514750745,0.591308707266,0.562229536583,0.559327864526,0.652751622717,0.654126829563,0.499354479925,0.468948451242,0.0,0.445105182041,0.518953395719,0.637951270097,0.659229178818
6121073520,0.531616960026,0.498634302681,0.414085328233,0.307964008128,0.623716517798,0.673491450202,0.667183664829,0.670348739182,0.674313903324,0.67442617877,0.65555656049,0.64992636556,0.537746122284,0.54729217518,0.558586874218,0.528999560045,0.445105182041,0.0,0.539993582605,0.276570467851,0.673575677988
6121074480,0.542990901487,0.624512475516,0.554356799102,0.302642390202,0.399755236075,0.609663096929,0.674038581192,0.649368809806,0.647625829103,0.639928332958,0.586006201477,0.581801548297,0.664003747685,0.664651151974,0.502639092297,0.474160659853,0.518953395719,0.539993582605,0.0,0.401512251387,0.662701136407
6121075970,0.648890971254,0.647698221465,0.627707795662,0.60424505643,0.511154290548,0.66540072255,0.602439261926,0.659773437581,0.641737037636,0.644774521948,0.670436486084,0.667038908215,0.536633938711,0.545367683235,0.597945936084,0.580091506629,0.637951270097,0.276570467851,0.401512251387,0.0,0.539208109649
6121076330,0.660432468503,0.670888999437,0.667943514428,0.651476873304,0.653707431421,0.671230588732,0.631901052938,0.669340767107,0.650430849351,0.651844299355,0.67067573312,0.669368691199,0.598130674901,0.60114596287,0.667362122796,0.667566754958,0.659229178818,0.673575677988,0.662701136407,0.539208109649,0.0
