,6120269460,6120269590,6120269600,6120273660,6120273770,6120274050,6120274220,6120276520,6120278160,6120278680,6120278800,6120279240,6120279540,6120280630,6120280640,6120280940,6120281060,6120282650,6120282660,6120286750,6120287100,6120289140,6120289150,6120290100,6120290230,6120290540,6120290710,6120295120,6120295130,6120295430,6120296710,6120296720,6120297040,6120299260,6120299680,6120299940,6120303450,6120303860,6120304100,6120305570,6120305580,6120306500,6120308730,6120309190,6120309310,6120309450,6120309670,6120309680,6120310480,6120313040,6120313840,6120314040,6120314470,6120315440,6120315580,6120315590,6120315600,6120315900,6120316020,6120324130,6120324180,6120326890,6120326900,6120331410,6121067780,6121067940,6121069350,6121070700,6121070840,6121071100,6121071550,6121072720,6121073520,6121073790,6121074340,6121074480,6121075080,6121075840,6121075970,6121076150,6121076160,6121076330,6121076940,6121077300,6121077390,6121077570,6121078310,6121078440,6121079200,6121079850,6121079970,6121080700,6121081330,6121082290,6121082300,6121085830,6121086210,6121087410,6121088160,6121088170,6121089030,6121089270
6120269460,0.0,18.697550790176948,5.891723368830361,19.634049294750312,25.875340862416213,31.280153998958667,42.51827983346764,21.291792802870418,31.10558337207962,31.854569035975697,37.583331123744884,45.78413745206557,54.783714907939476,68.89848200083186,62.61223227503036,49.3716408951902,43.60467658612051,52.14108863064814,48.803509949555206,62.71968654217141,72.22977886205966,84.79465048845158,73.87797815984499,71.70916017719463,80.06342933365956,92.9008557131599,86.18924986029447,109.41068607974657,104.73582403873837,107.84934047371877,109.6417198894864,114.43251968567503,103.34869042582999,119.88601247671204,119.72675366000004,127.40538187466397,130.1617764462556,144.55784806620102,138.48590523423994,137.14573293047403,130.94956599519833,153.45236050316373,161.1718666671773,153.52986687627458,146.0007601282953,170.2202131128412,146.43793106690296,166.59805576778496,171.24161948058017,157.25779876009594,182.61634148038513,185.41591836023773,175.38601779291497,185.8761871926462,189.21900353424877,168.3814943793519,184.09750413752352,191.20721854635937,190.94992849920524,192.8177237287758,218.8630055585952,222.43052430780477,221.93845892542265,233.80391257644877,16.504392853395327,5.344127584857068,62.80101806795843,63.122676816999565,54.085298081959806,57.273576349026875,39.65214564652112,54.16528236260135,65.85198838110442,74.65270732569635,66.99934740972078,76.31289143441808,81.74394126287694,86.6362849675766,86.03958360417928,92.49839715789032,88.92611436700905,101.87560418216918,93.37987000947118,95.11990524737355,99.65321954614474,96.86833276135012,107.58730400111799,109.2030438891572,118.64568586922377,126.80124903255553,119.61515010829429,126.42173205708588,140.44322108050955,153.13182469691205,147.07301228238657,165.48000149061576,188.78087347741527,192.16991110712587,202.17963910456444,204.0251674042621,211.54685622253442,212.52909607913026
6120269590,18.697550790176948,0.0,14.48093535654262,32.57437160332617,40.97990554851835,15.324977881734341,24.366012756339565,26.183796145536437,16.859144134457075,43.07700500792618,41.8721309550917,35.5969069583432,40.822210948078045,51.05190407078752,44.196885069965305,40.845648471111474,36.21050347129456,52.86579213917095,53.075011964704096,57.76847139196497,65.76217018014593,70.73619575485289,60.36081844257732,69.81376784277272,76.80846000131291,91.27864661916463,71.2893717201648,107.96622796324944,105.99406928133743,95.56464049425709,105.87266563114815,112.49103866447454,97.09885795891685,114.19064741671329,117.35131485025242,123.68844783235676,126.93975335360439,140.9548819605296,131.61349975830706,126.76773380721475,121.57353897230706,144.83208084618087,149.98292085217875,148.33754369207344,142.1866137430128,159.8782907085687,139.78729950451307,161.749096691725,161.4211763841229,148.72674182206927,175.11086529957808,178.5351300629494,165.90213520315274,178.99534987301126,180.80090277022086,163.33409380133244,179.001503538734,185.23218563440943,184.04714037622423,186.78961448281424,212.8823173845596,216.8415881056201,217.2484405940583,228.9442512287192,34.85789391906289,16.723880513256468,44.29095047331063,44.51654150832677,36.414332757457174,41.4462388953541,37.82771236960797,48.516485694416886,68.04387914215927,57.91296390473501,56.44578605782906,79.12030799624756,71.67475039906809,78.35352559980548,87.9280130717342,81.85726530261856,83.60180243972196,103.68784633660125,86.71046263663057,93.78681210759704,90.08657940752111,92.50830138018539,93.6768550392981,100.9102037327743,110.56812019168817,114.37528425588782,108.46643938241684,118.41749532770439,128.57473305915815,141.49960828643233,141.987286121091,161.96539223123722,184.4024856186296,187.9232197939478,194.97460674005598,199.5356415697365,204.9349381928094,208.1803660216851
6120269600,5.891723368830361,14.48093535654262,0.0,19.370170650797284,27.077609497498266,28.63776844626247,38.82425040536082,17.533375893910208,25.328480183873953,31.04191926693714,34.277585968100254,39.974076712195604,48.90034418787019,63.50459526246008,57.542089550425665,43.711029479075044,38.01744771430518,48.10542480014165,45.689817701646305,57.61763013926793,66.9385440857981,78.90338440725354,67.98696853134358,67.23983823634086,75.3589953997165,88.58623970956728,80.31571294382329,105.18505291988268,101.14731476277507,102.01077602752783,104.92992816578531,110.10918586115028,98.18194856653491,114.84180046240996,115.32127028266866,122.73860428776098,125.59898338280844,139.93943134795066,133.27355651559716,131.47471324433783,125.3837741469489,147.9991582866871,155.43572281099196,148.6185507845001,141.34214373844463,164.57000386075762,141.26929009620423,161.76277964813264,165.64950464300586,151.8192368258088,177.3416087522573,180.24094086925254,169.83567379327403,180.70148563085363,183.81453496040328,163.51101764089526,179.23078784669391,186.18776787576317,185.7747185380421,187.7900752888705,213.85796663389394,217.4968760002894,217.17173211842837,229.01072886698975,20.552348288085707,2.2943973127195174,58.73540499374975,58.25897171321109,48.67524478090219,51.49802091142417,34.864533574830276,48.89400773603768,62.32260159381161,68.96508823095236,61.22966079356866,73.02001449337173,76.04399967186247,81.14148588899266,82.5470126428378,86.76342261434988,83.875759319979,98.42272665744788,88.1251056947332,90.8770578273249,94.03182571885347,92.01225908969847,101.69636399966097,103.7479947157411,113.23238348454903,120.96285188644376,113.86181246371,121.02794367763599,134.64503292030744,147.35588298476088,142.17394705359183,160.90372657931988,184.05346689839305,187.4706318566809,196.96222617082714,199.2866842206633,206.43035630716145,207.82314028170077
6120273660,19.634049294750312,32.57437160332617,19.370170650797284,0.0,9.035167143165951,47.59413284199204,56.5085266168756,12.352092663831359,36.48808587817176,12.251675282370583,21.90362846090555,43.16011703463521,55.45202378477928,75.31198036962644,71.17329314407894,44.3036207522558,38.356449105840746,37.619806976874315,31.813634715717072,52.355774735196206,62.64963132816953,83.46982936961477,72.36502613739393,57.97020924546644,67.07045106132327,78.1477118836547,86.07678627397445,94.16434369174166,87.80756806291272,103.24093106019043,96.17119346984265,99.456591519549,92.219680731401,107.85607163687634,104.98297274289177,113.5718282174157,115.90163392232324,130.41048180405522,127.21541830087101,129.54560876720024,122.34024076074994,143.6924153210926,154.1762358757976,140.56579779595373,132.00115883412448,162.1258463037642,134.84808605227622,153.21858521078107,162.5516815991166,147.3582175920963,171.44347627775804,173.63611003687757,166.28642277953224,174.0927445156254,178.88404881932163,155.14929154281924,170.77830743837558,178.57725382406423,179.14727369418273,180.2222837223506,206.06718591947651,209.28581433555908,208.06945548790827,220.01478719156327,14.854853017027352,17.214611967038785,75.35735150668857,72.68115860664808,60.91192876293997,60.4097923218969,29.499466760761347,45.38246536722947,49.31256960476874,78.27905175020928,62.231807857261124,59.03267255074061,75.45560569230533,78.14086506618621,69.07153307686788,86.38212294707706,77.40942142424689,84.66991768453829,82.97255987070774,80.09419166619816,92.04090946889359,84.21988008914997,105.22883113962668,99.93179825702022,108.921551166983,121.91578245586999,113.27607005516282,116.46167092174268,134.58550575028383,146.7849485282128,134.09338732916552,151.0628998273814,174.85370681301583,178.11840042993938,190.57550375438032,190.0918731429167,199.3434466524503,198.44101779002338
6120273770,25.875340862416213,40.97990554851835,27.077609497498266,9.035167143165951,0.0,55.688959997341975,65.15442674642543,20.90347129748651,45.5115885933464,11.066318710483792,25.856037499650196,51.208698922629004,63.887254687946864,84.25885713054237,80.2054437459186,51.7462507298889,45.93626245829852,41.15039843202872,33.558647490321576,57.6672748590249,68.06574660848457,91.26230098078803,80.21002111734805,61.27960616952275,70.64460553246676,80.37051443851747,94.11133401494672,95.82462216268625,88.07593970742411,110.01008468978722,99.0453223359217,101.27010021804637,96.46495009434182,111.47725452474117,106.91809434413491,116.06471184826476,118.09312107190594,132.58858518897827,131.1126367405009,135.10216402778377,127.52123236326928,148.25014063444115,159.8633287738274,143.44342086553218,134.26925154649385,167.34509440316597,138.5343422005488,155.7853791569161,167.51629402896236,151.83431690910174,175.1980346750311,177.0603811747107,171.0578637193576,177.51356514114872,183.03778374257644,157.79952269023838,173.31782041533666,181.50643944305946,182.54182945080265,183.166610761174,208.82572261737852,211.82752338678847,210.1580928950203,222.1297593791994,14.460729312743302,24.80200228275515,84.24460403541441,81.71404397869541,69.9110724090226,69.13079011556786,35.915023480195245,51.5808321307325,50.67844765005459,86.96056482458687,69.37847014938434,59.375820500267935,81.93473125421087,83.760694842701,69.55012150951423,92.79670935658481,81.6385064835655,84.68990424117933,87.68262935279735,82.08789551690596,97.85510232227676,87.7283393278872,112.6290189711665,104.98640939915599,113.69862726528923,128.4886153769333,119.4008913320951,121.0753063832701,140.76982242764248,152.74329314719697,136.9944800366216,152.9583789023532,176.99262223505153,180.1652743825333,194.04498428263847,192.1825814502136,202.46024261199315,200.40826499014446
6120274050,31.280153998958667,15.324977881734341,28.63776844626247,47.59413284199204,55.688959997341975,0.0,13.041459519580954,41.43718259286128,25.48306253001657,58.37136306692175,56.68896963838579,44.39533053352049,45.16847292575776,47.17135492073269,38.463240119840535,50.407581979360494,46.942790583772315,66.4723698915416,67.66883718199489,68.63113442379365,75.37367059565918,73.04947428854253,63.83492227143531,81.90102644451345,88.03709359365843,103.08579757769004,72.40919628882106,119.64354188387904,118.93951723509295,99.2757840424814,116.29038943757986,123.85878178683326,106.05355498157594,123.26141823366072,128.4316160618776,133.92440087019725,137.43979794279625,151.10131219248456,139.6306768355797,131.8919223164032,127.6812982111213,151.32464648735495,154.05909162200734,157.3966909532985,152.19261248154203,164.69600495059674,147.88617916772682,170.94088690696327,166.71273109767307,155.25785063556066,182.2744097234317,186.1628028534235,171.4637272462501,186.62016504731025,187.18382971965596,172.38118563905442,187.9186101632261,193.49442304952635,191.62508226376795,195.0047630530784,221.00627253103946,225.2321055418857,226.26329344448448,237.80006349229643,47.74703087908303,30.928224676516884,33.328207956903555,37.43718507945033,34.33266920651563,42.936189949513135,51.14593583329795,59.413487765270766,81.80777155109102,56.44415918120533,63.28354292577447,92.927419835927,78.27216194023347,86.23571898972611,101.30787255654745,87.59708142189335,93.45142601806651,116.87764578233691,95.58220873056652,105.70028512932777,96.59194648545905,102.78018343857045,95.49759411605893,108.26018143023776,117.92674186606416,117.57690906381191,113.11396483557104,125.7199184049013,132.18137368692015,145.20562294327473,151.17192745472508,172.01565764334848,193.77282629426125,197.3621843611236,202.25837753410954,208.75923328236706,212.62527969667286,217.46039223190513
6120274220,42.51827983346764,24.366012756339565,38.82425040536082,56.5085266168756,65.15442674642543,13.041459519580954,0.0,48.196756571505716,26.182322665261758,66.09140393581069,61.47497939596461,42.18171265455563,39.01413570915582,35.46070421279923,26.219791288015806,48.45542329268748,46.433554099095645,68.62687149827549,71.63453972128957,67.14983354235423,72.35061709125061,64.10700705131852,55.97190411189039,81.50193005781149,86.45703249643142,101.94837279218423,62.722706234846065,118.1379801217003,119.16643178070883,90.79830774393704,113.3554553343669,121.93002293256794,101.750264890324,118.86080401219006,126.11715950891704,130.61346389450264,134.38666343912797,147.56132205952622,134.09691015554392,124.07751147855603,120.64759221064129,144.4182274587925,145.3677236250927,152.70907813863752,148.4961998712544,156.4596144856177,142.36445993130363,166.30481113947585,158.8054523987065,148.3580533601459,175.75198720085658,180.01665995076465,163.73220559733363,180.46961388543818,180.0103295557337,167.59659745993108,182.93541695813624,187.87853496177345,185.41359107261536,189.34031276740922,215.1700956099828,219.62389210996994,221.23697459937668,232.58952713517462,58.96519303957369,41.082097737820746,20.543734086207067,24.73906701243432,24.441782928998432,34.77257856591613,53.461680750270105,58.33984941444371,83.85921644141563,45.674462242100994,58.10899128656651,94.86756815440826,72.39398303086246,81.28273623146892,102.4114032157891,80.80726522998529,90.24996279355402,117.49955249244806,91.36580705974443,104.6608900715792,90.25542648589987,99.86749216424019,85.85165272105813,102.46128234066822,112.01802182392586,108.5603530132751,105.12689454491064,119.68250814917909,123.3126811556137,136.31838298877685,146.64740880370388,168.24822445333152,189.20706245343956,192.85049121346577,195.75753574448,203.9919224895446,206.43480365726668,212.71941114936962
6120276520,21.291792802870418,26.183796145536437,17.533375893910208,12.352092663831359,20.90347129748651,41.43718259286128,48.196756571505716,0.0,25.39887664181766,18.118536766546054,16.77620562973947,30.871492912035325,43.11073554137019,63.54679736266706,60.01277276402621,32.38759250110001,26.383962321312566,30.85022568651589,28.217251787180277,42.55738575610229,52.54091312066257,71.23250858879871,60.11599359169379,50.52547978857427,59.069012014029155,71.6309493712621,73.75709655928931,88.12186263200958,83.65682567431332,91.60255648226727,88.60585992315674,93.15940735956204,83.09171921087693,99.31439925582379,98.47758298344183,106.31195224943981,108.98840158908816,123.41658097057193,118.25493378545289,118.87998938508741,112.05675231136642,133.96825195306934,143.3398136011125,132.69395259118872,124.89005460382458,151.70529449785056,126.08643436965413,145.65378095972227,152.37439678986516,137.70732943389675,162.48793448501306,165.03383239483787,156.29108341595645,165.49306250904553,169.4895373055009,147.4799801513318,163.18288449130588,170.51328974803866,170.5636039544866,172.13682297723147,198.1308469714176,201.58907369151873,200.8992255928291,212.7885549863345,25.157510878384993,16.41668467461452,65.72386910044395,61.82666819743853,49.417600086548376,48.227445465314005,19.16624806811899,34.703050126916956,44.80554683021172,66.06070988644385,50.435347911902674,55.48745618631418,64.15137425503781,67.64745768125546,65.02944566921983,75.08318619486298,68.45418146014053,80.90150086739388,73.4093903311572,73.83473633752537,81.26714541458537,76.02843536342341,93.16581867493453,89.87468996220979,99.10524031865471,110.39269355621116,102.140539704765,106.780300689383,123.35335499238423,135.7233498534799,126.22515122544985,144.30300667919371,167.71342637885206,171.07653824869877,181.88379488355423,182.96351866113997,191.020271936741,191.43633500824455
6120278160,31.10558337207962,16.859144134457075,25.328480183873953,36.48808587817176,45.5115885933464,25.48306253001657,26.182322665261758,25.39887664181766,0.0,43.33543454322848,35.94308065350374,19.301875523586375,24.257226123744744,39.11747129706279,34.71739176784085,25.07623172280904,21.476081049622646,42.48964528739676,45.62004569253773,43.14879287379746,50.149257013700435,54.36027846207004,43.75816810847701,56.57606948170562,62.55505121111031,77.64911725822444,55.33688331228756,94.17798239077969,93.89857308881147,78.78368064369943,90.90926235441714,98.37579591336296,81.18469571112406,98.36408963539408,102.95905769251854,108.60215415088925,112.0562050150437,125.81623079635249,115.33838152672462,109.91710080546616,104.80806251519734,128.1468093034095,133.13516458858928,132.54083626726495,126.95122168119138,143.02280471444126,123.55132474684726,146.0325462229492,144.5888921252892,132.0514478182635,158.59833793515043,162.16220177250787,149.09403338999883,162.62176298919587,164.11455556975267,147.54232090145072,163.15381198279303,169.09395836619254,167.66133943390423,170.63335386057076,196.70290730425376,200.77147969003192,201.46794499751496,213.08928339442602,44.55840038674829,26.78835156402703,40.98400303043873,36.4301235804279,24.492781449107053,26.171706648867886,27.280462306861956,33.93283864425916,57.7739124499684,43.698593746712916,39.68231572272396,68.82836525313773,54.91623035276155,61.93550622367955,76.66797597777341,65.01825882174941,68.1929638815394,92.00978034667446,70.73235516045393,80.28057768617988,73.34761339810254,77.41834281924336,77.29722214324305,84.37667537284788,94.05178792709799,97.63462288554116,91.60910283713751,101.89573767762562,111.7699697579077,124.6783005708634,126.25170134722526,146.7719534307081,168.79763282487502,172.35916933531922,178.50564001878772,183.85701551365156,188.59609698868653,192.53611559380735
6120278680,31.854569035975697,43.07700500792618,31.04191926693714,12.251675282370583,11.066318710483792,58.37136306692175,66.09140393581069,18.118536766546054,43.33543454322848,0.0,15.881404962108714,44.853282603542205,58.222098846736,80.53662999770583,77.68274403932044,44.26111209757813,38.83685267072108,30.48544142862754,22.517474751294706,47.77616046809116,58.15602480568118,83.86256723536324,72.99442316335504,50.4103623197414,59.82099553281235,69.30999269249955,87.15801665009215,84.76935336888708,77.24271616577208,101.07739774144387,88.03387256753193,90.20844449218052,85.80993657284037,100.60144863196398,95.85337146503174,105.01010183345053,107.02728457946456,121.52233129015126,120.2964365044343,125.05781484771379,117.25739809278217,137.65490220704652,149.87342133434598,132.41616633556637,123.20396054347026,157.05607246375754,127.65542653739912,144.72985640438498,157.09200396382838,141.20278283994185,164.31977359503162,166.1079312825323,160.53861290307327,166.56032961925615,172.27160783821753,146.74915929919942,162.2594253574803,170.4781907821369,171.58234806005126,172.13981312745963,197.7787380700807,200.76729082183616,199.0939174568661,211.06518466733394,24.602387420210565,29.027074445417234,83.84213391405348,79.67648654652632,66.85527770589324,64.35046657361208,27.576819154316386,42.530549107004475,39.61974739565828,81.82998393185164,61.170243745790216,48.481191930521256,72.83274467306454,73.90352956597195,58.642145785435325,83.56889000505303,71.01192306703449,73.92376097527874,77.25484153939772,71.02163919583052,88.08473126570495,76.85159360811554,104.48405265362567,94.69434342139482,103.24431852043449,119.29366172296922,109.81560273663199,110.53356622329119,131.18921001150528,142.96027943516725,125.9714954489106,141.89858290938753,165.92683887691024,169.10140351204444,183.09727051028074,181.117950534776,191.4521916627529,189.3478882227153
6120278800,37.583331123744884,41.8721309550917,34.277585968100254,21.90362846090555,25.856037499650196,56.68896963838579,61.47497939596461,16.77620562973947,35.94308065350374,15.881404962108714,0.0,31.587022237203563,45.262001417266774,69.28177494523402,67.96677107253814,29.730142654657644,24.97070189110242,15.725748167186735,11.44904160569408,31.94695628738097,42.342483935237084,68.88277313165801,58.23592638502074,36.08174512727652,45.249898401244295,56.34423156175214,72.50413641836984,72.5247516939728,67.15933598254493,85.25959369455333,74.26798213160879,77.74251091341333,70.74002059263046,86.09026177485994,83.21775472627168,91.68260451621062,94.05810730054414,108.5609114644992,105.5706789632313,109.32859189241047,101.67364915833367,122.45410371960307,134.12075191518338,118.66722272832743,110.13486663142203,141.49573293555972,113.11940972757749,131.31752797624915,141.66273527144713,126.06085737158969,149.7536195808619,151.83538991039111,145.2240809340972,152.29118404512695,157.38899967719155,133.24587809025866,148.87731025287346,156.6866005635377,157.3397609150714,158.33327434039785,184.1664528184429,187.3833076566639,186.21267711973167,198.15167467214275,36.72983881674884,33.019361372202056,76.72566405518461,70.52523073366567,56.79434240494849,52.240706122265934,12.893823849023162,26.784836879108518,28.280580994996015,68.96242827117695,45.771474782970465,38.77937322944254,56.99570540123216,58.08054098991388,48.45625485730876,67.70276049821184,55.904872694569406,64.29677942188654,61.83733398522104,58.36047582861134,72.24212725164126,62.401122121927195,88.96771609025403,79.13311519294908,87.85389027706611,103.42320365464762,93.94422703026216,95.2584932807047,115.3194754160253,127.13136000640897,112.1955604339645,129.26728163943955,152.99530025842367,156.27625849313833,168.79117337975478,168.2383388052022,177.4796701791985,176.60987701212395
6120279240,45.78413745206557,35.5969069583432,39.974076712195604,43.16011703463521,51.208698922629004,44.39533053352049,42.18171265455563,30.871492912035325,19.301875523586375,44.853282603542205,31.587022237203563,0.0,13.675427562713303,38.36343208168091,38.82068610530349,6.2740636245154295,6.833402127488519,30.415369571640532,37.20857766701841,24.96832025000145,30.97843859032794,40.382020894080725,29.259741096044166,39.527454324430614,44.30589855699319,59.76727627815062,42.93174190629667,76.01250744936951,77.25898439152759,62.0899189281732,71.94079805913533,79.93487455703352,61.88551859094633,79.07013693226943,84.30483479262084,89.53521820557707,93.0846145995035,106.70601426940762,96.09675663228457,91.79918109502606,86.18686729562697,109.30452577099075,115.54628710454347,113.24544219983848,107.8010916563572,124.93723625211155,104.29627028343724,126.74514798673104,126.24493259158815,113.18866822641995,139.51428079411346,142.97350334220707,130.60735531408997,143.43347824437933,145.2659836458228,128.24616327134467,143.85321747169635,149.81610349981548,148.4806297208038,151.35974995974294,177.43678425727092,181.4826428285686,182.1701482893216,193.78773355981858,55.36241551571344,40.61894658550679,51.028552680321525,42.04295537616855,27.844882658654814,20.963919972371087,18.865110231223976,16.334772218861527,44.335293626481466,37.3843999889273,21.32562122141064,54.773058046558596,36.38706440453123,42.76300725575705,61.23094046160616,46.92405344449598,49.05617817899094,75.81212691016243,51.430999917259705,62.47929351267987,54.68528841884848,58.420325341914634,62.575879535718414,65.3158253195471,74.97149667257204,81.03802378927311,73.9477928922424,82.82093368401063,94.6713592645745,107.39757600051247,106.96447323497951,127.62453340648591,149.52533701773964,153.09429654500454,159.38379549602638,164.5710416261722,169.3904886781337,173.25444258078247
6120279540,54.783714907939476,40.822210948078045,48.90034418787019,55.45202378477928,63.887254687946864,45.16847292575776,39.01413570915582,43.11073554137019,24.257226123744744,58.222098846736,45.262001417266774,13.675427562713303,0.0,25.43739015350629,27.809125201586333,17.15368724132099,20.40423553597788,42.91199100615551,50.48670042661376,32.81078517581977,35.01554940006657,30.124192529140235,19.540032288336295,47.99190836559675,50.56164333125561,66.16556824065907,31.454569348018577,81.4878403048251,85.07094652742369,54.85497119083475,75.27290044868917,84.72680822618669,62.90289232259805,79.93778537654495,88.46979197951384,92.14471401035006,96.06913107633451,108.90569021884808,95.13990014872918,86.8424854760355,82.51669350808164,106.182704889655,109.49340414111178,113.70640923815863,109.76499512907792,119.78395815415126,103.40977542700378,127.30301081960394,121.65242450909602,110.11850482750398,137.24785117204215,141.3033580871311,126.34873311899523,141.75866678398114,142.0196340764665,128.58467585889795,143.92391934690002,148.96849204773204,146.73528068035628,150.44468477314678,176.34036051783767,180.72213497820985,182.23191173243185,193.6064709945439,66.46474117895829,50.02575548782092,42.332976409088346,31.501431530200634,18.148271132870633,8.124011082355532,32.517464183031585,26.351146840598137,55.64854522398509,23.72807827784694,19.199288540968624,65.39785255221858,33.44623682975637,42.30855302972456,70.62257209745415,42.43458298621046,52.22278217359362,84.15326681392825,52.60640637857302,68.94511338954987,51.558158259165246,61.9597599079397,53.047271136961506,63.54409740521335,73.15004005244084,73.59002637816995,68.19625306337969,80.87492360302335,87.89387370888099,100.86437333072718,107.66796034480687,129.45283609849477,150.2064436237513,153.85461550122923,157.24802638899396,164.97825247794415,167.754655259162,173.70596677462555
6120280630,68.89848200083186,51.05190407078752,63.50459526246008,75.31198036962644,84.25885713054237,47.17135492073269,35.46070421279923,63.54679736266706,39.11747129706279,80.53662999770583,69.28177494523402,38.36343208168091,25.43739015350629,0.0,9.747286016346496,42.56680896527667,45.188384208785095,68.3171634353638,75.57018797865577,57.29585093970291,57.216381295845295,33.25181503777283,29.56844645239611,72.26884346436898,73.37152184766822,88.56085168854547,30.070368394940832,102.65987839359568,108.23825650954508,59.45695419028106,94.41597832716235,105.13427949952754,79.98400199486407,95.91400850561742,108.11334107975283,109.88140955747765,114.15156451565636,125.67979751149336,107.89459042454133,93.20239401040179,91.47196205024906,114.99455869741894,112.61229116914208,127.97137439325435,126.20903779672561,124.36435199808585,115.97211924210924,141.3934328471047,127.26375506239046,118.88106090251833,146.65144623090322,151.6247642948741,132.45687211402443,152.06316167395332,149.60369913590154,142.3248559001898,156.96777448061022,160.4875491190845,156.8252905008911,161.82981953691663,187.04337173771148,191.91962621200562,194.72324154288106,205.59133328405923,83.48856455199635,65.27257966251338,25.471409231665312,12.970061076811362,14.829695694517934,17.47194276310086,56.99547850965011,51.664983714790665,80.97625480932913,11.752217838657849,39.63534703292079,90.46653647578907,49.14046270697976,59.52901705870349,95.04921264514499,54.14053056696171,72.33953773365694,107.73717855299807,70.61951629976281,91.3222836943133,64.0402054656911,81.8935177869507,52.33936206267166,76.8571642473019,85.69652183683266,75.71034022436629,74.35497130383729,92.76921938163235,90.50043869264692,103.3299856811912,122.44114399522303,145.30428835908657,164.06744293418228,167.77864873531672,166.48879853332718,178.21511981503954,177.67839393750805,186.90023472690174
6120280640,62.61223227503036,44.196885069965305,57.542089550425665,71.17329314407894,80.2054437459186,38.463240119840535,26.219791288015806,60.01277276402621,34.71739176784085,77.68274403932044,67.96677107253814,38.82068610530349,27.809125201586333,9.747286016346496,0.0,44.0034898778682,45.38167682372525,69.23279690976958,75.48691533100356,60.61945790832059,62.087326272184036,42.20795941301442,37.045721410014046,75.79849923300517,78.00398075066745,93.49588312211202,39.45841713557312,108.29291307682205,112.71283380726538,68.73669362363871,100.88751100583988,111.13118551788469,87.06672202704254,103.41771286220867,114.44319098297986,116.91321369872577,121.08199034005297,133.0661343547619,116.23200765344718,102.48818089692361,100.41209210083983,124.0422158771341,122.22570870235272,136.03813466336945,133.69491459324573,133.894276312989,124.37839515492593,149.53488024122515,136.7109379400245,127.94625842080072,155.68427653978904,160.52539493370014,141.8654738151322,160.96725421119064,158.88015274926073,150.54904764298075,165.37323429618658,169.19803594095578,165.77112050514137,170.56655856040294,195.93063810504103,200.72854310310532,203.2946163032095,214.27185927920002,77.93906437346602,59.4807914872782,16.55348861223556,3.9830383480802274,11.202751295238427,19.89883291661958,56.43550912464001,53.83564153281389,82.90094946817912,21.231398646275142,44.92182537391292,92.96799296647981,56.198556849009066,66.35328553955596,98.42389288293622,62.23984183498548,78.29561664943978,111.89569142120745,77.32770577014237,96.27604498770661,72.12826256689345,87.98932912320016,61.98987660583117,84.89641385551481,93.96576175732808,85.30248965648882,83.5727055166835,101.21133952261621,100.10414404635772,112.96692576117684,130.3677396092218,153.0054310320343,172.3052891807757,176.0079549528899,175.57482436016096,186.61228794110784,186.6782649709445,195.3177048157068
6120280940,49.3716408951902,40.845648471111474,43.711029479075044,44.3036207522558,51.7462507298889,50.407581979360494,48.45542329268748,32.38759250110001,25.07623172280904,44.26111209757813,29.730142654657644,6.2740636245154295,17.15368724132099,42.56680896527667,44.0034898778682,0.0,6.013904426130027,25.75870693051432,33.571518554359514,18.69442436148053,25.083118373134063,39.64395370288425,28.73331221837079,33.31740482113643,38.04706364159096,53.49440291410217,42.92132729967769,69.7580591465503,71.04292219698414,59.27930902333248,65.8830259248011,73.7161751957735,56.278728156545675,73.41184610980746,78.13251011850032,83.54069530640717,87.03255492267367,100.74519959016308,90.79976282302822,87.77495310549372,81.73377586975056,104.57683531618943,111.8512111474169,107.58321878012286,101.87523803708261,120.86034863859136,98.95766052378123,121.0425399765851,121.95962237631491,108.43320689613945,134.46366183298787,137.75653384855832,126.19444982706888,138.2170379822612,140.4933543011823,122.58531906986718,138.22781257325138,144.38654316574153,143.27533812209367,145.94419543877723,172.03756999682977,176.00208081545753,176.51289824911422,188.17264708179223,57.44720614289951,44.08262473036522,56.879426147171635,47.400902294554896,33.28657517162195,25.12906585279341,16.891802799883948,10.193095972593822,38.89761964519177,40.05228452658994,18.07101160854887,49.0771068076751,32.39117291881378,37.754518488685775,55.213364451010065,43.21219544814416,43.11674170003652,69.64812999421326,45.87091118254124,56.20547201480104,50.3290334673138,52.375595569683135,60.94570329279662,60.40478941284665,70.00458485590165,78.13483777698107,70.35780808336236,77.84579872826049,91.37446870142095,103.9345356374342,101.26511169122342,121.69634347156276,143.77347199595917,147.3244902328057,154.2681759166691,158.85848599687225,164.1317687003311,167.52686442684242
6120281060,43.60467658612051,36.21050347129456,38.01744771430518,38.356449105840746,45.93626245829852,46.942790583772315,46.433554099095645,26.383962321312566,21.476081049622646,38.83685267072108,24.97070189110242,6.833402127488519,20.40423553597788,45.188384208785095,45.38167682372525,6.013904426130027,0.0,23.94074762601136,30.394441814677112,21.755937873851632,29.62948698935125,45.33570322765033,34.31926075485813,35.2139045158447,41.10829854263504,56.17710806419987,48.375330929465186,72.7036452469308,72.76525288449422,65.29141981651915,69.76603949158486,76.93435081969334,61.04097480835599,78.05685435928108,81.5809965796855,87.54732175938682,90.88148002901455,104.80384038058774,95.83990674144353,93.5738573828886,87.36696780146761,110.04328423057315,117.73341880691963,112.1707620326317,106.00964327803815,126.62541435930987,103.9467391447134,125.5572608232087,127.64274930339465,113.87989957155935,139.68594565625438,142.83381571713284,131.81826161113364,143.2945573109201,145.91188687698218,127.16082358881135,142.84222304690346,149.2427832685831,148.36046452467292,150.8153165916619,176.91491577059313,180.78448307198767,181.06230018819585,192.7774529091644,51.433307846325334,38.29036192071132,56.93789958794525,48.4877667235322,34.29445024786394,27.797311108816956,12.13329286297924,12.49205677144378,38.34645250911505,44.02836983967396,24.084664053245568,49.04511017805038,38.276082399193534,43.16882330911275,56.07171548331838,49.13726188085392,47.39192132353371,71.06613647240398,50.73515305899883,58.81596309073009,56.049762809890325,56.34668004776884,66.8724474819732,65.8096524416267,75.35207314169084,84.1406884195533,76.28117527110142,83.17507798126049,97.33909495242993,109.8686895920716,105.8049017045518,125.80406057161098,148.1937019397237,151.71283715683347,159.42741326884675,163.3328145628889,169.15721402798476,171.97337576575953
6120282650,52.14108863064814,52.86579213917095,48.10542480014165,37.619806976874315,41.15039843202872,66.4723698915416,68.62687149827549,30.85022568651589,42.48964528739676,30.48544142862754,15.725748167186735,30.415369571640532,42.91199100615551,68.3171634353638,69.23279690976958,25.75870693051432,23.94074762601136,0.0,10.023590894675715,18.888939377149136,28.76586092324818,60.51021652065555,50.878861764633825,20.356026111378018,29.568054969887772,40.89080652656134,64.93033309892068,57.29408712547303,53.32606395467763,73.16275888787321,58.55717293087866,62.38825683873957,55.338766524341224,70.42595705662535,67.77791007982017,76.02713052590758,78.48666985546647,92.97344529049326,89.98518815978173,94.94596721737598,86.92220001870199,107.17172646416294,119.79097435790469,102.94600093445322,94.51925555911956,126.67643683240067,97.47158746801408,115.6264091061983,126.63526846299708,110.72767048252534,134.12267784452618,136.13913285532692,130.05557652137009,136.59446722397456,141.88811191416846,117.54286583027641,133.18570039749457,140.96155691201128,141.63975380526122,142.6079232673861,168.4477004427732,171.68487512566497,170.60011187210105,182.52882070393844,52.4546249994331,47.20784346258094,80.74337495215073,72.40531864081058,58.2042301695555,50.860343647570026,15.353816322900046,17.89188355454009,15.352451546441314,65.33474575056468,36.895021827553634,26.467663060165794,45.11954263763866,44.340448393362,35.06796012252301,55.25886766260367,40.52979191164337,50.86959757154164,46.83130851564866,43.02786461936468,58.54469692038992,46.709044088376416,78.41492841550676,64.36065087937092,72.78738126922157,90.62395905930644,80.46238050932656,80.0498466447981,101.74351891154248,113.16410895407675,96.47367914537708,113.75090554634816,137.38415382385557,140.68850559844756,153.1023208294836,152.63243576891978,161.75678515373266,161.03423336178477
6120282660,48.803509949555206,53.075011964704096,45.689817701646305,31.813634715717072,33.558647490321576,67.66883718199489,71.63453972128957,28.217251787180277,45.62004569253773,22.517474751294706,11.44904160569408,37.20857766701841,50.48670042661376,75.57018797865577,75.48691533100356,33.571518554359514,30.394441814677112,10.023590894675715,0.0,28.911333674983272,38.6954696395453,70.14096127533033,60.226767947069135,28.21510925016777,37.68548771548636,46.83009002357128,74.39920068519992,62.509504444864774,56.14604616871348,83.17362823392888,65.52464696934024,67.88240821315061,63.94750413276859,78.27004636500419,73.48358621832992,82.50916148096836,84.58475373764733,99.09050297269644,98.05037303965854,104.37269702314921,96.12797534696617,115.79550895014114,129.21320002819064,109.8990513219803,100.7503489664391,135.7657146107317,105.30228526776405,122.23014563703848,135.5346504621759,119.27009912394848,141.95527018744914,143.64704143879874,138.79441063621152,144.09851795534684,150.07812572506063,124.24112500448908,139.76636835126413,147.96085581075758,149.11328060119627,149.62264611448379,175.26718283447002,178.27935242136851,176.70979746400837,188.6749832841158,46.21978307075249,44.373260356354685,85.65799804369452,78.38230191679332,64.30286849097907,58.13970919594266,19.13525631023505,27.155236205459595,17.500162882985826,73.61402476417832,46.50358768561168,27.52780007106032,55.14275402253508,54.158544068761024,37.396816255971174,65.26020321033019,49.2934626856051,53.15033638695581,55.98072294434557,48.6061797375791,68.32885327736011,54.547217125678046,88.39905625964902,73.61495063016235,81.75554280580617,100.55377490042287,90.26338353654633,88.83414803313357,111.4917555402662,122.76329246727438,103.45538913202871,119.56703972103573,143.52068985661916,146.724344367222,160.64008693165823,158.72973111441354,168.94161237370335,167.00223243282096
6120286750,62.71968654217141,57.76847139196497,57.61763013926793,52.355774735196206,57.6672748590249,68.63113442379365,67.14983354235423,42.55738575610229,43.14879287379746,47.77616046809116,31.94695628738097,24.96832025000145,32.81078517581977,57.29585093970291,60.61945790832059,18.69442436148053,21.755937873851632,18.888939377149136,28.911333674983272,0.0,10.401042616561154,43.010577592707484,34.53016099320727,15.185524851736167,19.434339550025328,34.802095708412985,47.88336692640462,51.133709057451675,52.63410421565877,54.289065974634724,48.10461138148413,55.23275951133185,40.64102152370853,57.22733110318477,59.829201710908926,65.92773010552177,69.18099538734768,83.19687425534676,75.8013604890328,77.43584122624226,70.00365945848489,91.47722462764955,102.20022613606699,91.10624661414798,84.45327581175377,109.81225414912942,83.72250613657329,104.36265586562558,110.19600155948739,95.19206882588175,119.9942645797582,122.70004084164792,113.9581007022757,123.16020733280803,126.93424059515067,106.04791114138943,121.7620233360045,128.57481684983526,128.23387760371247,130.17498812754,156.2483323527411,159.93269828980988,159.85347175716743,171.63472308349478,66.96619089725496,57.40472961803324,74.67955273893169,64.2975508137398,50.60778594284627,40.802748560520826,23.391143108144842,9.276694598796128,25.255046638864425,51.72488979700821,20.15039666828645,33.46234373694256,26.24401475549932,26.133791159721785,37.85086638481743,36.41069572331655,26.26748526937353,51.482185483165715,30.852129821360005,37.511056889506904,40.309034018265145,34.78224151453523,59.68553306539795,47.57672260446459,56.638498960860645,71.92134517486453,62.08663146133427,64.26219792310931,83.44762762526989,95.18799364177217,84.68535593481887,104.21163986309081,126.85647176615348,130.33818810736838,139.48486914466156,142.04455671715536,148.8337167983496,150.64676175901263
