,6120628270,6120632430,6120632790,6120637320,6120637540,6120637990,6121216620
6120628270,0.0,4.356869697570801,3.465606212615967,1.6770901679992676,1.6770901679992676,1.7612500190734863,1.9189200401306152
6120632430,4.356869697570801,0.0,0.891263484954834,6.033959865570068,6.033959865570068,6.118119716644287,6.275789737701416
6120632790,3.465606212615967,0.891263484954834,0.0,5.142696380615234,5.142696380615234,5.226856231689453,5.384526252746582
6120637320,1.6770901679992676,6.033959865570068,5.142696380615234,0.0,0.0,0.08415985107421875,0.24182987213134766
6120637540,1.6770901679992676,6.033959865570068,5.142696380615234,0.0,0.0,0.08415985107421875,0.24182987213134766
6120637990,1.7612500190734863,6.118119716644287,5.226856231689453,0.08415985107421875,0.08415985107421875,0.0,0.1576700210571289
6121216620,1.9189200401306152,6.275789737701416,5.384526252746582,0.24182987213134766,0.24182987213134766,0.1576700210571289,0.0
