,6120628270,6120632430,6120632790,6120637320,6120637540,6120637990,6121216620
6120628270,1.0,0.5554679440081607,0.49098675705046557,0.9722125538513233,0.9720011646771947,0.9682919616425599,0.9615515164617048
6120632430,0.5554679440081607,1.0,0.9923122637971938,0.38259460914575477,0.3767622801374403,0.297658600276183,0.9874330585398325
6120632790,0.49098675705046557,0.9923122637971938,1.0,0.37143740540530684,0.3663506326561021,0.2970496414148287,0.9511223553215002
6120637320,0.9722125538513233,0.38259460914575477,0.37143740540530684,1.0,0.9999948771720523,0.9963885600896034,0.9946087170902758
6120637540,0.9720011646771947,0.3767622801374403,0.3663506326561021,0.9999948771720523,1.0,0.9965897782306377,0.9943464826414344
6120637990,0.9682919616425599,0.297658600276183,0.2970496414148287,0.9963885600896034,0.9965897782306377,1.0,0.995819415241715
6121216620,0.9615515164617048,0.9874330585398325,0.9511223553215002,0.9946087170902758,0.9943464826414344,0.995819415241715,1.0
