,6120628270,6120632430,6120632790,6120637320,6120637540,6120637990,6121216620
6120628270,0.0,0.4663743743726254,0.51188617167773,0.036963482631867155,0.03724068521641464,0.04209489433243466,0.050868562352828245
6120632430,0.4663743743726254,0.0,0.010330620569383149,0.5757524654187356,0.5787396253999512,0.6147226963255634,0.016845838447956566
6120632790,0.51188617167773,0.010330620569383149,0.0,0.5814268096582051,0.5839581146500881,0.6149669619999146,0.06432285385419798
6120637320,0.036963482631867155,0.5757524654187356,0.5814268096582051,0.0,6.910495418090299e-06,0.004862907354105408,0.0072530448813627356
6120637540,0.03724068521641464,0.5787396253999512,0.5839581146500881,6.910495418090299e-06,0.0,0.004592424188387496,0.007604836326253472
6120637990,0.04209489433243466,0.6147226963255634,0.6149669619999146,0.004862907354105408,0.004592424188387496,0.0,0.00562767237025265
6121216620,0.050868562352828245,0.016845838447956566,0.06432285385419798,0.0072530448813627356,0.007604836326253472,0.00562767237025265,0.0
