,6120628270,6120632430,6120632790,6120637320,6120637540,6120637990,6121216620
6120628270,0.0,21.295357694338264,23.6125530060415,47.69503091770999,48.22854216531661,51.189800916529244,34.13855578668967
6120632430,21.295357694338264,0.0,2.3173541340423744,27.551206201597452,28.041836709255524,31.849283639608686,13.18057233844098
6120632790,23.6125530060415,2.3173541340423744,0.0,25.485730538239338,25.965263652678058,29.921541124153848,10.988495603191186
6120637320,47.69503091770999,27.551206201597452,25.485730538239338,0.0,0.562904597725755,5.51423560003402,14.653974770416077
6120637540,48.22854216531661,28.041836709255524,25.965263652678058,0.562904597725755,0.0,5.3660329268902975,15.105041533720327
6120637990,51.189800916529244,31.849283639608686,29.921541124153848,5.51423560003402,5.3660329268902975,0.0,19.45094492044281
6121216620,34.13855578668967,13.18057233844098,10.988495603191186,14.653974770416077,15.105041533720327,19.45094492044281,0.0
