,6120355220,6120358040,6120363370,6120365530,6120365940,6121102860
6120355220,0.0,0.000643447347074,0.644330221674,0.656295185853,0.666393312808,0.646186383018
6120358040,0.000643447347074,0.0,0.166086509931,0.103265619736,0.0146812144015,0.0395435720048
6120363370,0.644330221674,0.166086509931,0.0,0.0107616105019,0.0896296768687,0.0232319877973
6120365530,0.656295185853,0.103265619736,0.0107616105019,0.0,0.0414000111631,0.0622410193911
6120365940,0.666393312808,0.0146812144015,0.0896296768687,0.0414000111631,0.0,0.018990381883
6121102860,0.646186383018,0.0395435720048,0.0232319877973,0.0622410193911,0.018990381883,0.0
