,6120355220,6120358040,6120363370,6120365530,6120365940,6121102860
6120355220,0.0,14.0894683608,32.947848154,36.1376352744,42.4081380708,24.4156771806
6120358040,14.0894683608,0.0,19.016131811,22.095601248,28.7070567695,10.3371745194
6120363370,32.947848154,19.016131811,0.0,3.61610873823,14.818805649,9.39971741378
6120365530,36.1376352744,22.095601248,3.61610873823,0.0,11.8304674584,12.0214589619
6120365940,42.4081380708,28.7070567695,14.818805649,11.8304674584,0.0,18.7774950437
6121102860,24.4156771806,10.3371745194,9.39971741378,12.0214589619,18.7774950437,0.0
