,6120658460,6120664560,6121226310,6121226500,6121226600,6121227570,6121227790
6120658460,0.0,0.640892940349712,0.6567442504455627,0.0010344240169404017,0.6537331320419152,0.6147596836722917,0.6206858683814912
6120664560,0.640892940349712,0.0,0.1580932499886423,0.629494775330627,0.18496972148983715,0.019635629307653012,0.008776746514015096
6121226310,0.6567442504455627,0.1580932499886423,0.0,0.6674816154521859,0.039352182848688876,0.13390789532117062,0.11540739272877294
6121226500,0.0010344240169404017,0.629494775330627,0.6674816154521859,0.0,0.6384987745825486,0.6006110899760962,0.6111533359174949
6121226600,0.6537331320419152,0.18496972148983715,0.039352182848688876,0.6384987745825486,0.0,0.06725775866771525,0.1084392869330733
6121227570,0.6147596836722917,0.019635629307653012,0.13390789532117062,0.6006110899760962,0.06725775866771525,0.0,0.0017735825175386843
6121227790,0.6206858683814912,0.008776746514015096,0.11540739272877294,0.6111533359174949,0.1084392869330733,0.0017735825175386843,0.0
