,6120658460,6120664560,6121226310,6121226500,6121226600,6121227570,6121227790
6120658460,0.0,46.71025312588852,11.11652544355205,5.732906261719363,22.710963904386578,34.12156783115734,36.743630734091646
6120664560,46.71025312588852,0.0,38.95726176341888,41.13512009359635,29.934359358016657,16.950972928853375,13.151341303585982
6121226310,11.11652544355205,38.95726176341888,0.0,6.628771693533361,11.846909589086891,24.424103871330068,27.525086665850086
6121226500,5.732906261719363,41.13512009359635,6.628771693533361,0.0,17.401763587814493,28.40316888105497,31.0112905179937
6121226600,22.710963904386578,29.934359358016657,11.846909589086891,17.401763587814493,0.0,13.668617870808053,17.248634250054522
6121227570,34.12156783115734,16.950972928853375,24.424103871330068,28.40316888105497,13.668617870808053,0.0,3.8031555415429334
6121227790,36.743630734091646,13.151341303585982,27.525086665850086,31.0112905179937,17.248634250054522,3.8031555415429334,0.0
