,6120658460,6120664560,6121226310,6121226500,6121226600,6121227570,6121227790
6120658460,0.0,139.99706077575684,45.3935546875,17.3385009765625,81.28642272949219,123.17047309875488,129.82083320617676
6120664560,139.99706077575684,0.0,94.60350608825684,122.65855979919434,58.71063804626465,16.826587677001953,10.176227569580078
6121226310,45.3935546875,94.60350608825684,0.0,28.0550537109375,35.89286804199219,77.77691841125488,84.42727851867676
6121226500,17.3385009765625,122.65855979919434,28.0550537109375,0.0,63.94792175292969,105.83197212219238,112.48233222961426
6121226600,81.28642272949219,58.71063804626465,35.89286804199219,63.94792175292969,0.0,41.884050369262695,48.53441047668457
6121227570,123.17047309875488,16.826587677001953,77.77691841125488,105.83197212219238,41.884050369262695,0.0,6.650360107421875
6121227790,129.82083320617676,10.176227569580078,84.42727851867676,112.48233222961426,48.53441047668457,6.650360107421875,0.0
