,6120511790,6120512010,6120512120,6120512130,6120513620,6120514110,6120514970,6121164620
6120511790,0.0,0.0773276923034943,0.38828870655188613,0.39386463973512786,0.5372478730626622,0.5361154664544887,0.5199639822999609,0.08599122381420589
6120512010,0.0773276923034943,0.0,0.40023466972749255,0.3911861890940809,0.5492616752745663,0.5799416199671379,0.5485769252480045,0.0820690863491943
6120512120,0.38828870655188613,0.40023466972749255,0.0,0.0001537546889942403,0.4714614017809462,0.42996284802480267,0.39530710924975543,0.5886973005045034
6120512130,0.39386463973512786,0.3911861890940809,0.0001537546889942403,0.0,0.47692146237044913,0.43582469867489976,0.40131775940552417,0.5811682379825003
6120513620,0.5372478730626622,0.5492616752745663,0.4714614017809462,0.47692146237044913,0.0,0.013582588581717198,0.03455287843910337,0.6382159879058511
6120514110,0.5361154664544887,0.5799416199671379,0.42996284802480267,0.43582469867489976,0.013582588581717198,0.0,0.005410712833570905,0.6502238730040649
6120514970,0.5199639822999609,0.5485769252480045,0.39530710924975543,0.40131775940552417,0.03455287843910337,0.005410712833570905,0.0,0.6277196983869008
6121164620,0.08599122381420589,0.0820690863491943,0.5886973005045034,0.5811682379825003,0.6382159879058511,0.6502238730040649,0.6277196983869008,0.0
