,6120511790,6120512010,6120512120,6120512130,6120513620,6120514110,6120514970,6121164620
6120511790,0.0,20.94693418434509,2.7946772111309004,2.61217753269011,33.728436284901775,40.52890476014953,47.54039478514956,16.997669599593987
6120512010,20.94693418434509,0.0,23.184303520959627,22.956822115276083,13.604691762310201,20.41819453181106,27.556948962873886,6.793802789425656
6120512120,2.7946772111309004,23.184303520959627,0.0,0.22749195381818899,35.62069974405324,42.36366850865626,49.303106139093615,18.708402770082458
6120512130,2.61217753269011,22.956822115276083,0.22749195381818899,0.0,35.39701604661658,42.14141144885261,49.08277666428491,18.48731717572005
6120513620,33.728436284901775,13.604691762310201,35.62069974405324,35.39701604661658,0.0,6.854614467192754,13.979109143988651,16.96920362813307
6120514110,40.52890476014953,20.41819453181106,42.36366850865626,42.14141144885261,6.854614467192754,0.0,7.138756873584695,23.663428392269186
6120514970,47.54039478514956,27.556948962873886,49.303106139093615,49.08277666428491,13.979109143988651,7.138756873584695,0.0,30.597907203206375
6121164620,16.997669599593987,6.793802789425656,18.708402770082458,18.48731717572005,16.96920362813307,23.663428392269186,30.597907203206375,0.0
