,6120382390,6120382540,6120387850,6120388880,6120390830,6120391160,6121116180
6120382390,0.0,1.588821533394616e-06,0.6402164871539124,0.6729984879324049,0.12771615465863054,0.12949923199567911,0.6483119018258195
6120382540,1.588821533394616e-06,0.0,0.6424932479832242,0.6731538353721681,0.12832017869439857,0.13020531011337297,0.6487790518977201
6120387850,0.6402164871539124,0.6424932479832242,0.0,0.0791134498497814,0.6479445032260567,0.5876261950257948,0.09192677278769817
6120388880,0.6729984879324049,0.6731538353721681,0.0791134498497814,0.0,0.6744711226577789,0.6548381264221649,0.080325480900941
6120390830,0.12771615465863054,0.12832017869439857,0.6479445032260567,0.6744711226577789,0.0,0.010625022450320185,0.6676166907883875
6120391160,0.12949923199567911,0.13020531011337297,0.5876261950257948,0.6548381264221649,0.010625022450320185,0.0,0.6743979276486165
6121116180,0.6483119018258195,0.6487790518977201,0.09192677278769817,0.080325480900941,0.6676166907883875,0.6743979276486165,0.0
