,6120382390,6120382540,6120387850,6120388880,6120390830,6120391160,6121116180
6120382390,0.0,0.23035839916735135,20.173240681557658,24.23522084620148,31.13269129479179,32.49382839176506,41.12087046733852
6120382540,0.23035839916735135,0.0,19.9444044138811,24.00953633733422,30.906015013394974,32.26684646445281,40.89764462698806
6120387850,20.173240681557658,19.9444044138811,0.0,4.489169765026066,11.076197855985079,12.405063619621151,21.301961334538312
6120388880,24.23522084620148,24.00953633733422,4.489169765026066,0.0,6.924989955363673,8.301432241651158,16.95341245671078
6120390830,31.13269129479179,30.906015013394974,11.076197855985079,6.924989955363673,0.0,1.3821930546839127,10.301006241854981
6120391160,32.49382839176506,32.26684646445281,12.405063619621151,8.301432241651158,1.3821930546839127,0.0,9.085561485932402
6121116180,41.12087046733852,40.89764462698806,21.301961334538312,16.95341245671078,10.301006241854981,9.085561485932402,0.0
