,6120425620,6120429210,6120429750,6120430620,6120430950,6120434940,6120437050,6120437850
6120425620,1.0,0.968784689513,0.201025108405,0.723345599503,-0.560578215903,0.496315011251,0.310437200021,-0.132831551268
6120429210,0.968784689513,1.0,0.582028508698,0.886602019245,-0.511165496893,0.285123712581,0.115170785076,-0.296334230935
6120429750,0.201025108405,0.582028508698,1.0,0.864804284541,-0.519023343594,-0.149822586012,-0.391480047876,-0.723495714084
6120430620,0.723345599503,0.886602019245,0.864804284541,1.0,-0.606804433103,0.222232331643,-0.0562284333232,-0.476018222785
6120430950,-0.560578215903,-0.511165496893,-0.519023343594,-0.606804433103,1.0,-0.539704574384,-0.317790691404,0.620221901473
6120434940,0.496315011251,0.285123712581,-0.149822586012,0.222232331643,-0.539704574384,1.0,0.894582351937,0.541286117904
6120437050,0.310437200021,0.115170785076,-0.391480047876,-0.0562284333232,-0.317790691404,0.894582351937,1.0,0.848566491355
6120437850,-0.132831551268,-0.296334230935,-0.723495714084,-0.476018222785,0.620221901473,0.541286117904,0.848566491355,1.0
