,6120404940,6120405880,6120407830,6120408060,6120411150,6120413190,6120420870,6121125150,6121125460,6121126060,6121126470
6120404940,1.0,-0.652413896418,-0.645623595274,0.387668207476,-0.380338249164,-0.221618330204,0.513766616906,-0.0754048785737,-0.126079180963,-0.0684329424679,0.234396513688
6120405880,-0.652413896418,1.0,0.997309989727,0.219267450267,0.0557531776797,0.009908925505,-0.547604567363,-0.269123052559,-0.486748170936,-0.128927450001,-0.335846879246
6120407830,-0.645623595274,0.997309989727,1.0,0.27984937847,0.102957160445,0.0583859574827,-0.523517880012,-0.257211152529,-0.481631587974,-0.0869794570425,-0.299952638662
6120408060,0.387668207476,0.219267450267,0.27984937847,1.0,0.589879404265,0.639508987951,0.375169993211,-0.346808716332,-0.533078987122,0.526621266104,0.509565472261
6120411150,-0.380338249164,0.0557531776797,0.102957160445,0.589879404265,1.0,0.950233129819,0.254999066615,0.293611083562,-0.15426694019,0.611023532647,0.482526480405
6120413190,-0.221618330204,0.009908925505,0.0583859574827,0.639508987951,0.950233129819,1.0,0.326927977941,0.155109273243,-0.336353923592,0.5098504219,0.494604925226
6120420870,0.513766616906,-0.547604567363,-0.523517880012,0.375169993211,0.254999066615,0.326927977941,1.0,0.104605211048,0.0202034706342,0.696843739391,0.931311742145
6121125150,-0.0754048785737,-0.269123052559,-0.257211152529,-0.346808716332,0.293611083562,0.155109273243,0.104605211048,1.0,0.672841786234,-0.0740288541034,0.00361750172277
6121125460,-0.126079180963,-0.486748170936,-0.481631587974,-0.533078987122,-0.15426694019,-0.336353923592,0.0202034706342,0.672841786234,1.0,0.200883456021,-0.108191272229
6121126060,-0.0684329424679,-0.128927450001,-0.0869794570425,0.526621266104,0.611023532647,0.5098504219,0.696843739391,-0.0740288541034,0.200883456021,1.0,0.913506197791
6121126470,0.234396513688,-0.335846879246,-0.299952638662,0.509565472261,0.482526480405,0.494604925226,0.931311742145,0.00361750172277,-0.108191272229,0.913506197791,1.0
