,6120404940,6120405880,6120407830,6120408060,6120411150,6120413190,6120420870,6121125150,6121125460,6121126060,6121126470
6120404940,0.0,0.387393004217,0.39333793499,0.573116585963,0.576913553691,0.641355274444,0.496448526631,0.670647221803,0.663760714678,0.671323611562,0.637425038442
6120405880,0.387393004217,0.0,0.00362384774565,0.642054354757,0.672385685584,0.674416032322,0.472224748911,0.625631384465,0.514681370283,0.663270819672,0.598405295114
6120407830,0.39333793499,0.00362384774565,0.0,0.621659724551,0.667332626342,0.672183001501,0.48962625053,0.629860145698,0.518023291853,0.669379512007,0.613798019514
6120408060,0.573116585963,0.642054354757,0.621659724551,0.0,0.439790954734,0.398638071274,0.579547177563,0.593358036851,0.482812471709,0.487428121472,0.499348237906
6120411150,0.576913553691,0.672385685584,0.667332626342,0.439790954734,0.0,0.065463223796,0.630624369851,0.616336849679,0.658430733999,0.422664470309,0.517441336584
6120413190,0.641355274444,0.674416032322,0.672183001501,0.398638071274,0.065463223796,0.0,0.602392310511,0.6582549654,0.598175407538,0.499152312823,0.509480943356
6120420870,0.496448526631,0.472224748911,0.48962625053,0.579547177563,0.630624369851,0.602392310511,0.0,0.667101903976,0.674206947259,0.34695961068,0.0894757633846
6121125150,0.670647221803,0.625631384465,0.629860145698,0.593358036851,0.616336849679,0.6582549654,0.667101903976,0.0,0.369133301114,0.670785911861,0.67447343109
6121125460,0.663760714678,0.514681370283,0.518023291853,0.482812471709,0.658430733999,0.598175407538,0.674206947259,0.369133301114,0.0,0.647264090682,0.66658720575
6121126060,0.671323611562,0.663270819672,0.669379512007,0.487428121472,0.422664470309,0.499152312823,0.34695961068,0.670785911861,0.647264090682,0.0,0.111631148256
6121126470,0.637425038442,0.598405295114,0.613798019514,0.499348237906,0.517441336584,0.509480943356,0.0894757633846,0.67447343109,0.66658720575,0.111631148256,0.0
