,6120316370,6120320270,6120322870,6120324840,6120325790,6120326230,6121088680
6120316370,1.0,0.117822190237,0.379343466413,-0.43680391946,0.311286672842,-0.0430301254794,0.656442057877
6120320270,0.117822190237,1.0,-0.0774731702581,0.244566784293,-0.108075704365,0.55913302498,0.195531569297
6120322870,0.379343466413,-0.0774731702581,1.0,-0.238269684096,0.210909377203,0.0184842590969,0.844856040197
6120324840,-0.43680391946,0.244566784293,-0.238269684096,1.0,0.812453096864,0.862070694492,0.00349421759666
6120325790,0.311286672842,-0.108075704365,0.210909377203,0.812453096864,1.0,0.288930647458,0.527782499676
6120326230,-0.0430301254794,0.55913302498,0.0184842590969,0.862070694492,0.288930647458,1.0,0.35008427694
6121088680,0.656442057877,0.195531569297,0.844856040197,0.00349421759666,0.527782499676,0.35008427694,1.0
