,6120316370,6120320270,6120322870,6120324840,6120325790,6120326230,6120328270,6121088680
6120316370,0.0,15.2480745901,36.3177928192,50.6132333134,56.4081182809,38.2574153166,70.2118132165,26.4914800027
6120320270,15.2480745901,0.0,25.9370888679,41.5289948239,44.4468746697,27.8516117252,57.4701607784,15.3246448042
6120322870,36.3177928192,25.9370888679,0.0,15.688012266,20.3699709735,1.95901411264,34.5770957202,10.6240813962
6120324840,50.6132333134,41.5289948239,15.688012266,0.0,13.3323521823,13.8730437439,25.9537017124,26.2137997439
6120325790,56.4081182809,44.4468746697,20.3699709735,13.3323521823,0.0,18.5431473876,14.3308172949,29.9947750862
6120326230,38.2574153166,27.8516117252,1.95901411264,13.8730437439,18.5431473876,0.0,32.8001790278,12.5547124079
6120328270,70.2118132165,57.4701607784,34.5770957202,25.9537017124,14.3308172949,32.8001790278,0.0,43.7209138273
6121088680,26.4914800027,15.3246448042,10.6240813962,26.2137997439,29.9947750862,12.5547124079,43.7209138273,0.0
