,6120316370,6120320270,6120322870,6120324840,6120325790,6120326230,6120328270,6121088680
6120316370,0.0,8963.9003906,13243.6992188,31182.9699707,7840.9003906,20866.5,2940.9003906,2665.3007813
6120320270,8963.9003906,0.0,22207.5996094,22219.0695801,1123.0,11902.5996094,6023.0,11629.2011719
6120322870,13243.6992188,22207.5996094,0.0,44426.6691895,21084.5996094,34110.1992188,16184.5996094,10578.3984375
6120324840,31182.9699707,22219.0695801,44426.6691895,0.0,23342.0695801,10316.4699707,28242.0695801,33848.270752
6120325790,7840.9003906,1123.0,21084.5996094,23342.0695801,0.0,13025.5996094,4900.0,10506.2011719
6120326230,20866.5,11902.5996094,34110.1992188,10316.4699707,13025.5996094,0.0,17925.5996094,23531.8007813
6120328270,2940.9003906,6023.0,16184.5996094,28242.0695801,4900.0,17925.5996094,0.0,5606.2011719
6121088680,2665.3007813,11629.2011719,10578.3984375,33848.270752,10506.2011719,23531.8007813,5606.2011719,0.0
