,6120316370,6120320270,6120322870,6120324840,6120325790,6120326230,6120328270,6121088680
6120316370,1.0,0.349635360527,0.446407825025,-0.277052737259,0.411186958638,0.0788420166053,0.510612216178,0.79114150434
6120320270,0.349635360527,1.0,0.0632872905656,0.298534585084,0.1923965013,0.579986774025,-0.0794115511264,0.376648269641
6120322870,0.446407825025,0.0632872905656,1.0,-0.250947598336,0.241574806506,0.0980246097126,0.33094653612,0.845038223187
6120324840,-0.277052737259,0.298534585084,-0.250947598336,1.0,0.812037351004,0.864636884319,0.501655514862,0.0427742804386
6120325790,0.411186958638,0.1923965013,0.241574806506,0.812037351004,1.0,0.319537895261,0.963436461163,0.564143445374
6120326230,0.0788420166053,0.579986774025,0.0980246097126,0.864636884319,0.319537895261,1.0,0.124413636315,0.398235914576
6120328270,0.510612216178,-0.0794115511264,0.33094653612,0.501655514862,0.963436461163,0.124413636315,1.0,0.641362921506
6121088680,0.79114150434,0.376648269641,0.845038223187,0.0427742804386,0.564143445374,0.398235914576,0.641362921506,1.0
