,6120316370,6120320270,6120322870,6120324840,6120325790,6120326230,6120328270,6121088680
6120316370,0.0,0.592030251344,0.540071469547,0.62271020059,0.560444362138,0.670289632981,0.498627982052,0.252320521162
6120320270,0.592030251344,0.0,0.671780766509,0.614370443803,0.649515343291,0.447596774007,0.670228841309,0.578797561208
6120322870,0.540071469547,0.671780766509,0.0,0.632006941702,0.635120560874,0.668001276202,0.600609177039,0.192841492969
6120324840,0.62271020059,0.614370443803,0.632006941702,0.0,0.229725514232,0.170241384566,0.50474322921,0.673248198491
6120325790,0.560444362138,0.649515343291,0.635120560874,0.229725514232,0.0,0.6056146065,0.0484212062541,0.459822999961
6120326230,0.670289632981,0.447596774007,0.668001276202,0.170241384566,0.6056146065,0.0,0.664042113378,0.567514872835
6120328270,0.498627982052,0.670228841309,0.600609177039,0.50474322921,0.0484212062541,0.664042113378,0.0,0.397036411028
6121088680,0.252320521162,0.578797561208,0.192841492969,0.673248198491,0.459822999961,0.567514872835,0.397036411028,0.0
