,6120316370,6120320270,6120322870,6120324840,6120325790,6120326230,6121088680
6120316370,0.0,0.665119048669,0.577423272253,0.545792618386,0.60912533644,0.67323339183,0.383836942802
6120320270,0.665119048669,0.0,0.670433952943,0.634139509675,0.666604063431,0.463619045012,0.648695050866
6120322870,0.577423272253,0.670433952943,0.0,0.636190252489,0.644479421554,0.674251808687,0.193049145815
6120324840,0.545792618386,0.634139509675,0.636190252489,0.0,0.229269985656,0.173230055528,0.67447402245
6120325790,0.60912533644,0.666604063431,0.644479421554,0.229269985656,0.0,0.61817585884,0.486602279291
6120326230,0.67323339183,0.463619045012,0.674251808687,0.173230055528,0.61817585884,0.0,0.591818385925
6121088680,0.383836942802,0.648695050866,0.193049145815,0.67447402245,0.486602279291,0.591818385925,0.0
