,6120495610,6120495700,6120495930,6120496710,6120496900,6120497090,6120505460,6120505540,6120505550,6120505560,6120508230,6120508870,6120508880,6120509040,6120509050,6120509300,6120509440,6120509880,6120510580,6120511390,6120511400,6120511580,6120511930,6120512020,6120512630,6120513850,6120513920,6120515890,6120517560,6120517570,6120517630,6120517890,6120518290,6120519100,6120519110,6120519540,6120519550,6120519630,6120519640,6120519710,6120520530,6120520930,6120521500,6120523320,6120523540,6120523640,6120526470,6120526600,6120528990,6120529440,6120529450,6120535620,6120535710,6120535820,6120535830,6120538190,6120538300,6120538400,6120538410,6120538550,6120539920,6120542160,6120542250,6121158230,6121161690,6121163070,6121163350,6121163360,6121163390,6121164310,6121165230,6121165750,6121166340,6121166740,6121171290,6121171320,6121171380,6121171390,6121171400,6121171520,6121172160,6121172420,6121172900,6121173250,6121173600
6120495610,0.0,13.691944217516843,6.804328703676003,42.093746952146795,30.477195614397193,33.96947051287085,55.44525581270707,48.54226640999051,36.72805977157712,45.01916742888911,74.758848824209,51.53675435959519,64.49996813144877,69.08787881113972,63.63089234658942,71.47084061509072,69.49839816870333,92.43463381802913,61.858557382394345,75.80816347780078,66.46357870323233,75.43673137873284,74.69680646561507,77.88065330985341,82.45407445827311,94.76635459274502,90.48253664836707,100.34161098862631,97.6897347880425,109.20697564838521,89.27891804335673,97.46627626747149,106.4821487239799,108.47065161650865,117.18430846892822,111.54100574523379,109.84630541325001,113.34713688680276,125.28924191789025,109.77650680783412,113.04173358003858,115.20867935869892,117.90813191580729,141.29411482869926,135.93353193649102,130.6895100390538,145.87406398697064,149.30709012916896,146.7612286367149,160.1664395235804,149.95328462685967,175.3643675335122,175.8635718650779,187.25040366553364,180.54297994843068,189.5705633030317,187.19841029165678,194.19464381812745,189.81493888663618,198.01252701359968,204.3111495279508,204.63692248188008,203.4017977303016,21.322428821443587,45.31311549409693,78.19082146489572,84.01578869950185,99.23740242014865,92.61155645324257,70.72664748954841,89.29917126032105,88.29162233157811,97.25180512002225,107.06224668072848,154.23275610554725,158.66072694342702,157.09541796158067,151.1130676668879,151.85694306507,172.75547129030298,164.81155962309433,162.48494517545842,169.25802713002093,175.30617007839447,178.2476943363641
6120495700,13.691944217516843,0.0,13.086708680043692,33.12616562664359,20.17152549015249,20.813884942565036,50.82546175147962,40.52767348596983,23.692645295623688,31.471735886946746,68.25542205065037,38.68628668696842,51.5187966650007,55.65925318857752,49.95192830152099,57.849830452499546,55.96102803186686,78.99254247471777,49.38664008338018,69.10226454822545,55.471555207098675,67.71010116188599,64.75446807291857,69.74196706436963,73.54419800311838,84.6317828086194,81.3937194469324,91.06611388628615,85.64581218818012,96.38392371107783,77.25924656506903,85.79826450419924,97.16305732838163,95.09514238994184,103.76252038576581,98.48586118370504,96.69948887217384,104.69447239603237,112.55967414348875,99.83157850438131,102.44830417899716,107.10023839718271,106.50188373324715,128.73042804274303,125.70450038534392,121.9194759444954,135.18806738499222,139.01835883339842,135.57497086492072,148.71487533081694,138.15794166354289,163.24609093822477,164.72666165059184,176.21913813773705,168.82075748093837,177.6884552951957,176.06267086976496,183.08270572699686,177.47184380744773,185.8336964920794,193.39368843626187,194.78314722297335,192.5902407066853,9.333426825427999,36.37708374544565,64.499032927316,70.37436732749619,85.75386744151214,79.18453227685212,60.20980881739714,75.91049405013918,75.35908575105572,86.21936702852555,93.45598942619526,141.48088155008077,145.6947526226323,146.7344518393437,139.00637757142087,139.42682792062234,159.72287769039175,154.2859192811115,150.3862187957477,158.37311755641454,164.17355229583146,165.52486898844128
6120495930,6.804328703676003,13.086708680043692,0.0,45.08597299206548,32.59878014295557,33.80913169603856,48.69771455740972,42.36723861419589,33.425804128827046,42.41597584666359,68.16058863736782,47.75446436882499,60.74019043611418,65.98320888986018,61.42845061727968,68.8888433838262,66.64948093132223,91.56062079939699,57.603952754066874,69.23652908922374,61.204022258534636,69.04576882771357,68.93404787809432,71.5714837379144,76.32605531416401,89.00355278578532,84.38208171634096,94.27256370580322,92.9128860092935,105.07497062383541,84.5135947317448,92.44068001483393,100.4137344759908,105.11293356300544,113.9008859243186,107.67728307649988,106.11086767773122,107.08426943440836,121.0252890321411,103.90801128951125,107.4223194312536,108.81866426178074,112.67828211157988,136.84425433578284,130.1287992784181,124.43400709785341,140.24455617330682,143.50978608476,141.36834529301373,154.90121864127173,144.90603037556312,170.51146902796987,170.41628814561398,181.74212895224156,175.41879578598747,184.54166953241813,181.74174373519867,188.72119111644201,185.12352159929682,193.18657769265363,198.7376537998563,198.64184250251446,197.7803172148414,22.211216545259326,39.439833333539475,76.14991510011393,82.50571508973803,98.24875398201343,91.77300523916652,65.21697508758362,86.02176253389062,84.34650281140986,91.8746290578714,104.30385834734386,149.9487400716819,154.60980755112286,151.3185743876858,146.27719981949375,147.2749700100437,168.77291321922849,159.09433831451972,157.63033324990963,163.69457218706617,169.85719020732807,173.90943150034758
6120496710,42.093746952146795,33.12616562664359,45.08597299206548,0.0,13.133848492811262,20.66410917480924,77.83766426379438,63.64098766652863,37.17808662049767,35.915601778278564,91.06222190270603,46.81411060119347,55.339341603284424,54.212143638451884,44.214134203394515,52.5787839455918,52.80523577549677,60.65546206095401,57.01416781993649,91.47964625817087,68.5250768709859,88.18218071326746,79.99601202622641,89.14742210404351,90.78231412357432,97.48215736658229,97.55722460135746,106.07595283564997,90.76233595544483,95.99816931081959,83.25144888397998,92.71837002452838,111.69683987424055,89.77796041076209,97.3309569833213,96.14459216923976,93.66484882094748,120.68146189762767,111.89841457788252,112.32495847311533,112.5994759017273,124.36322644408357,113.23003013417888,128.4566129102207,136.08617285962654,136.89590037824792,143.59634791909878,148.74008258802604,141.99671272247457,153.58717195872995,141.7661682634929,164.50101833183177,170.53030152900365,182.2031607333395,171.93737879099228,179.8369504669846,181.62152168161336,188.6003085730143,177.16429255869417,186.2814524918986,199.5118417341463,204.72887213866298,199.1388165991433,24.089882846285366,58.48988995238947,54.607385990076224,56.46777617720281,67.51432770656311,60.64345137734819,74.21201602432092,72.06133437063755,75.94179826615517,95.77721082896387,84.5879594039666,139.51749803283886,142.02602451777818,155.9729920561952,141.00866608343603,139.5947968338038,155.14350809563865,162.72606363303433,152.0821454086023,165.34669541439507,170.0079720944448,163.10975313234212
6120496900,30.477195614397193,20.17152549015249,32.59878014295557,13.133848492811262,0.0,11.330973929206861,65.66466220939114,52.20373332360074,26.86696601138049,28.551205986010515,80.08819377923543,39.12184869647439,49.72740274303405,50.6563169074679,41.97627818309018,50.5875274498654,49.90516770140039,65.0885934660257,50.06646220953482,80.63070285509409,60.126039559654416,77.848278178316,71.14767023626126,79.14296783990704,81.46740944449421,89.69597413976304,88.6698268277478,97.66047314240357,85.64653769626611,93.09349428749196,77.67396729555672,86.96427336284013,103.49514192909434,88.79742024550873,96.9271431462074,94.02907303887194,91.79641217760681,112.06763668314935,109.29988255358082,104.82624474902033,105.92613382005223,115.35382445530031,107.80631451895009,125.8565575328958,129.52256389593765,128.7301121982603,137.79648427254727,142.49208474394936,136.9212864829027,149.16384224548497,137.75243100491105,161.52582316681284,165.83980168883699,177.49346609448304,168.2756855406589,176.58271874630972,177.06980251790833,184.0906071217286,174.85962236026126,183.7158754662462,194.8131217568502,198.62619153304132,194.2771226352185,10.986516313258944,47.176920793025026,54.79208461297347,58.61632722615965,72.026561289189,65.17872873105563,65.6454752079552,70.11661000856097,72.2819221129942,89.11493840376839,85.04602335650394,137.6717410284521,140.8851047921357,149.9395503171017,137.608619621638,136.90236974117536,154.4496440583297,157.0184210136518,148.86951870383083,160.19429156051706,165.30354807195351,161.5802226597023
6120497090,33.96947051287085,20.813884942565036,33.80913169603856,20.66410917480924,11.330973929206861,0.0,57.56787693776876,43.030293355110935,16.534361651619502,17.225083640521177,70.40399566981918,27.817564028763293,38.48911400693002,39.9153396066207,31.96009294654496,40.464290054589966,39.41292840495512,58.51121285694446,38.73653689696514,70.83405089995377,49.0078069597173,67.64739232114461,60.18724357698249,68.73079956709296,70.70473473774433,78.49044850948604,77.74950027426387,86.60360351101005,74.39034824065307,82.27363129902773,66.37953109924385,75.6501686963224,92.3887309004783,78.6745055700507,87.00217637238579,83.45108663134582,81.31398763323351,101.08056904186532,98.52070209175595,93.58589067653135,94.60679165714635,104.50322393516674,96.50347240609915,115.04143833120975,118.20273297516648,117.63211211660787,126.46863659698225,131.1631302858767,125.63451882897725,137.94474141429913,126.6036360670806,150.56860628272605,154.5811130211143,166.22927969548056,157.16847824131915,165.551397976825,165.82330378391504,172.84696445242693,164.06187148757704,172.8409628250548,183.54587650496504,187.29687956606188,182.99438580862275,12.917610927639654,37.86112864287617,45.67732295562979,50.597154043018435,65.34839778182356,58.67706567681337,54.58525919802626,59.74717357891513,61.339449058593345,77.79063059270018,75.61695670868374,127.0605914328898,130.50863501173953,138.60858548117386,126.57901446379483,126.0442135491995,144.21303092706432,145.69136304352253,137.869540326488,148.89476536933552,154.0435145644202,151.03311014881658
6120505460,55.44525581270707,50.82546175147962,48.69771455740972,77.83766426379438,65.66466220939114,57.56787693776876,0.0,16.128537589023917,42.020789025629014,48.4331199074351,20.665338908596436,42.02783386023255,48.50614750150542,57.241634934588305,61.06642028159412,63.30378934216707,59.70779900998966,93.388933024858,42.324342840931294,22.01764862448857,33.820099168170636,24.27845102707373,32.75739850787908,27.629811195249268,34.14623371291378,49.59742224706878,41.70734036296277,51.23556241387565,63.004063500808385,79.52328830117975,56.04459860846525,60.18550614213971,57.05915319883048,86.14402394557037,94.54699232349807,84.15220912236092,83.8573864347246,61.671385560072025,92.8233611907076,62.31354182389464,68.00465670034583,62.271922382818076,76.54844987961866,106.03384960495646,88.06465892610115,78.72756012724504,99.36732438632444,101.16524664015759,102.43551164207769,116.60946820924721,108.73476916550665,135.09778526874354,130.30730330838762,140.96372791684104,137.74136394915087,147.41311701266957,141.35897166751133,148.10270762591847,150.606185381375,157.4499744115677,157.23684250701677,154.0845053513688,155.9349380094375,56.40666760279614,20.994323962882515,72.6647586744331,81.47088229662998,98.28676097493734,93.81345796536108,33.311143316658885,70.69440794595525,63.59568739443182,56.175249052001845,90.2898518596747,119.84975883931324,126.1829123807321,108.97546298894041,111.80704038826379,114.85846561843036,140.31157456521376,117.07687988777619,122.59046374469284,122.8030079933496,129.74576519984439,142.4679113410626
6120505540,48.54226640999051,40.52767348596983,42.36723861419589,63.64098766652863,52.20373332360074,43.030293355110935,16.128537589023917,0.0,26.812299022657914,32.43830755178842,28.0905996951387,26.006639368849324,33.7386285554004,42.288820979523834,45.215721820418956,48.09226865602256,44.566643753974105,77.90872375081452,27.775761163228264,28.79250884450726,22.881030652493514,27.211798324545303,27.349576809433458,29.421194694883287,33.95913369647552,47.163338433448246,42.01940873106415,51.91949018573692,55.120463501865586,70.20399820534035,47.205681328523866,53.41500811006366,58.058945108748084,74.68071493727169,83.3889781923193,74.17377639688547,73.41683332394527,64.81237045127723,84.879223237637,61.77467074618361,65.84268480241134,66.83027253179694,72.34523294977828,99.44635516101357,88.05242558396726,82.15037150081946,98.5025455210439,101.42608909589477,100.25105193700493,114.10842767168221,104.92033905966122,131.0545525236003,129.04270194112274,140.19059501406892,134.98278226812803,144.3815488383082,140.31713331478136,147.2407497697799,146.18315309708296,153.69643006747083,157.01160716183566,156.30695515052423,155.95559986189133,44.15279358441708,5.203388816308184,57.435233879851495,66.12353091932455,83.07582010636843,78.31672771770769,24.952954955725446,57.733645024783314,51.98610597147374,51.29996881084627,77.53752979071116,113.09517876437208,118.7724096265238,109.25931190355321,107.08859079677663,109.12989378157263,133.0413762284359,117.1315076711926,118.26323929323699,122.04909126559015,128.48064288809618,136.5096195217397
6120505550,36.72805977157712,23.692645295623688,33.425804128827046,37.17808662049767,26.86696601138049,16.534361651619502,42.020789025629014,26.812299022657914,0.0,9.749217847452865,53.88647593958334,15.005140039101596,27.84123336077308,32.559978334542116,28.731881378240196,35.64896717692697,33.26151477219055,60.87166735386502,25.876056539750213,54.30338530824748,33.80552846235773,51.15403807211392,44.45640148476142,52.327833628949435,54.618730059386536,63.49056159912699,61.90629548567115,71.05253635537221,62.285326412784855,72.6921514860127,53.95187301487182,62.7633088383678,76.96977782916628,71.8016976138798,80.55421435873755,74.85560284543634,73.12672761426681,85.34811093378705,88.86830346863081,78.72087610591511,80.4775415021123,88.52721979493181,83.61529574071174,105.06066292369209,103.9987804227513,102.15670765525023,112.91513446386419,117.16918734645192,112.79549938281136,125.67051578512836,114.8649012263934,139.73191270669415,141.9251435725248,153.49259558600534,145.54319026973388,154.29877374399337,153.24256328890908,160.27274877459777,153.85456023181138,162.28044197688385,170.7434270527787,173.225537111579,170.04010164228035,21.897400799138282,21.609439742426574,43.45473170749496,50.61306815194276,67.16605533354576,61.165299768346934,39.139188077332086,52.66017315100018,51.6785504417003,63.873701899091486,70.90315011937858,117.78823686925436,122.0345214476703,124.7694354084954,115.51469341452638,115.79095391457854,136.08944805337964,132.11367940953576,126.89021640858087,135.82192367351402,141.37694120095182,141.83241824688906
6120505560,45.01916742888911,31.471735886946746,42.41597584666359,35.915601778278564,28.551205986010515,17.225083640521177,48.4331199074351,32.43830755178842,9.749217847452865,0.0,57.31571287509743,10.908282296187382,21.444586661063674,24.260784106059404,19.132169550191303,26.50573227620102,24.49075818964609,51.14003953702009,21.5552035629597,57.483395534536136,32.6167881023727,53.425317807172576,44.14815765056083,53.98581280044329,55.07945788831571,61.690613289392594,61.682492182691675,70.16431124530541,57.24747684844333,65.91330067702403,49.182620666881846,58.42992676885064,75.81330955892007,63.69753111150389,72.3225279651465,67.5477723199083,65.60920856704935,84.76588979520577,82.18016226406692,76.67044937537243,77.45883130673768,88.4860317456722,79.29260018449921,98.59985874585911,101.04890167845848,101.0339706317611,109.24527918862174,113.97065111658677,108.4391533455434,120.83556498990072,109.60133137135509,133.851633764384,137.41708474898363,149.0576093547962,140.21676080346327,148.71096951556626,148.67359914052554,155.70024783985875,147.58771364245416,156.23846030744554,166.369559099587,170.1008093961117,165.80065611004025,27.24311786782242,27.439275540591858,33.890372684766064,40.885079846408566,57.4173290515901,51.438451735920054,38.31588257809906,44.519518190164206,44.84078308068509,60.62671251193834,62.05412337419208,110.94423160830114,114.78510148579505,121.3984550330661,109.76463573222033,109.5123712956671,128.69258079355234,128.46733266938986,121.0938607014753,131.68496911485101,136.877861616972,134.98124138942077
6120508230,74.758848824209,68.25542205065037,68.16058863736782,91.06222190270603,80.08819377923543,70.40399566981918,20.665338908596436,28.0905996951387,53.88647593958334,57.31571287509743,0.0,47.982812514602266,49.05635977586782,57.39606300347177,64.34716370777765,63.7890716498525,60.22804103230592,93.4950110293793,43.217073707789986,1.5422763449037409,30.45503495810104,7.475362602163434,22.375205270179947,10.522093046386455,17.18255326231383,32.525439700937156,23.126178317524495,31.786286642860762,50.44847990631455,67.77967194340391,45.33889407253591,46.54649919043829,37.254223276371455,77.20808962148878,84.81073719168224,73.08853609512785,73.46033101006954,41.1166871112348,78.9007955718279,43.160037703417544,49.70136727571614,41.60836949665274,59.5131283410457,90.37520765523585,68.20687123218055,58.0833142763021,79.77235797057475,81.1068123293724,83.48377112269837,97.70025342175327,90.73800106857637,116.99540524686238,110.68960500231913,121.10130438821002,118.82764253764662,128.5996744783211,121.60076517104788,128.25067934993837,132.65420647265785,139.01670013931974,137.13730814708927,133.47254154034238,135.76227534432607,72.24312626526955,32.94844874252281,72.65191941454835,81.47383183026864,97.22130061460035,93.97563707325682,26.55424731659949,65.21516625813986,56.23792474314793,40.838037337181156,83.43082658834338,104.11764000167068,111.00457142785939,88.86790182113894,94.43472732837404,98.2687459984468,124.82002442292472,97.00907010287865,104.79837567956396,103.00759306976386,110.1310171221399,125.75826658564142
6120508870,51.53675435959519,38.68628668696842,47.75446436882499,46.81411060119347,39.12184869647439,27.817564028763293,42.02783386023255,26.006639368849324,15.005140039101596,10.908282296187382,47.982812514602266,0.0,12.993144973885261,19.12018924405157,19.35624110184037,23.70217513794119,20.590544789031426,52.43180792730669,11.131535191792764,47.988849678686705,21.757757057189163,43.47014129120075,33.363888470635956,43.73658481472127,44.4108782999521,50.803267336347744,50.85185696369255,59.26187031694036,47.49240539694448,57.720934966260685,39.23300978971159,48.26081889715549,64.90508340952799,57.43982894181263,66.26482441672464,60.01674792359102,58.37995765253399,73.87317064027384,73.87644348572798,65.82294354696458,66.81130676260233,77.6438842332102,69.15847737264554,90.05553955447039,90.40744943680855,90.12712288501658,98.85085034093599,103.41283999425961,98.35304834907787,111.02303620182332,100.05825575332133,124.78430352773528,127.427969143054,139.0350529075523,130.73088405703476,139.41684862327998,138.7223337649531,145.75362251228373,138.85999260672403,147.31143941775173,156.32192398005174,159.5457560271979,155.68590107985705,36.34361264446147,21.78249147802444,32.678013603824354,40.97219251560204,57.99880648087178,52.81239522602066,27.475079750946904,38.48011785597685,36.7563434927816,50.01633094539788,57.447638552595876,102.8044000756677,107.12754898341278,110.90258997546982,100.5840756233214,100.79162043217998,121.21931814273591,118.07664812881096,111.95452399399296,121.5065025447747,126.88368862189174,126.84476335057647
6120508880,64.49996813144877,51.5187966650007,60.74019043611418,55.339341603284424,49.72740274303405,38.48911400693002,48.50614750150542,33.7386285554004,27.84123336077308,21.444586661063674,49.05635977586782,12.993144973885261,0.0,8.76412020413219,15.959305975667318,15.027229973882251,11.396785641042355,45.21764565107952,6.21665521455043,48.652953739152046,18.803423167154065,43.0524560050609,29.71183263155913,42.27148146330211,40.89830930364563,43.344429478114115,45.796487195492986,52.8224667553321,35.920875833841286,44.884622595360284,28.047597324676044,37.4566537738065,57.905896684397064,44.56156096085315,53.40892090907446,47.04109482958465,45.386962499556766,67.45389373390294,61.10051600416207,57.578987596150384,57.3162440402676,71.89837259860273,58.17579977030335,77.39802068766518,80.75565262335346,82.6945136498598,88.38351896567225,93.4132348670402,87.22424011172774,99.45564058164919,88.1628274647094,112.45937868157607,116.1128152433936,127.76795880482356,118.77256085084811,127.27696462998014,127.34352385318819,134.3652998078802,126.3187933818382,134.8932903342323,145.08875465869346,149.45022823952723,144.5673063866178,48.484280888897,30.85111323892914,24.299585707051364,33.18197776840542,49.82450924473186,45.66738673814205,23.842786206560774,25.800150477288845,23.840294130433076,40.54421801934873,45.20201815250521,89.99038852655609,94.19462832187988,100.69172443547382,88.34214358234969,88.23313799297235,108.26200697991861,107.56713324346258,99.68188298753962,110.52653089268183,115.57685190988381,114.0396767185209
6120509040,69.08787881113972,55.65925318857752,65.98320888986018,54.212143638451884,50.6563169074679,39.9153396066207,57.241634934588305,42.288820979523834,32.559978334542116,24.260784106059404,57.39606300347177,19.12018924405157,8.76412020413219,0.0,10.617276965615401,6.394330970188231,2.884411289444462,36.489476090461274,14.98055221384275,56.91407924976622,26.954480592130697,51.13139032581778,37.13547747575258,50.08261159019004,48.03911542481167,48.320560961089726,52.132575640869675,58.23203200643803,36.923970751599064,42.43786053362742,30.105556983416808,39.51471899372521,62.857244031649984,39.44422124789573,48.106665655313826,43.557009593889894,41.49063270045203,72.63650482559828,58.64886492234515,61.62275649056459,60.25794948157203,77.43643836131956,59.402448947687304,75.20057328025754,83.20213656701978,87.0167294227407,89.8699617522695,95.38274032813611,87.88048834321414,99.37839525258197,87.61745365683235,110.92250839885509,116.32095431985069,127.99324426740941,117.93942695695483,126.0687286360173,127.41034004692916,134.39169279459117,124.20814436042697,133.06340286413294,145.30022297069456,151.03584093382747,144.93741303513053,51.29223142824963,39.118664743670074,15.548817802799256,24.439770360648076,41.0645820456922,36.94443249506328,31.530302989793014,20.261308535317344,21.795877478409544,43.96503095544801,38.46883374511052,87.14669375434357,90.7104121654126,102.37700175523867,87.12066008321719,86.24898980832108,104.53606138916314,108.86625561075115,98.32250739380251,111.22330784336576,115.79951212617989,111.12970179304033
6120509050,63.63089234658942,49.95192830152099,61.42845061727968,44.214134203394515,41.97627818309018,31.96009294654496,61.06642028159412,45.215721820418956,28.731881378240196,19.132169550191303,64.34716370777765,19.35624110184037,15.959305975667318,10.617276965615401,0.0,8.616138743167628,8.68197601244097,33.18402638207076,21.210747191146634,64.06091375035474,34.55685068072744,58.685510536555455,45.663524250748644,58.08800607399643,56.85745194602962,58.48640585467062,61.61564586714709,68.244820874593,47.4778613951165,51.82030974793912,40.72060927951486,50.13146868792236,73.06395277531146,46.833152698404,55.064493344684735,52.26379229814548,49.93169152226335,82.76872017637257,67.82902832874112,72.08356609781286,70.86207343821664,87.41628022354674,69.92667799920433,84.40916042254467,93.81673619372151,97.44067978825618,100.39557973304163,105.96465989440944,98.24158764767593,109.50020081677064,97.59131354544203,120.37002292752295,126.51358439645048,138.17839665393555,127.72325564716844,135.65691235329112,137.54241152970977,144.502036995617,133.28686885046488,142.29521173720076,155.4648411227953,161.5458171279791,155.15441604553519,44.25712734086663,41.132397838487,14.758964405948737,22.11117702880413,39.009061835194075,33.54750118891768,39.76363519046229,28.215769170042105,31.84202758858186,54.50209856869521,43.77121989146756,95.86701029342287,98.92346836584716,112.92271034411733,96.79989476896006,95.52699590367584,112.47523671376662,119.34561755689347,107.89760860855081,121.56524951578854,125.99748886322894,119.69910936991276
6120509300,71.47084061509072,57.849830452499546,68.8888433838262,52.5787839455918,50.5875274498654,40.464290054589966,63.30378934216707,48.09226865602256,35.64896717692697,26.50573227620102,63.7890716498525,23.70217513794119,15.027229973882251,6.394330970188231,8.616138743167628,0.0,3.6311918076510126,30.201221150473327,21.221338519339316,63.30204195812723,33.34370578843754,57.49913744249828,43.38905599059861,56.40204872722005,54.18621344403438,53.64155573303621,57.99141340036756,63.68280718795232,40.38316067475138,43.42936790359698,34.34643991735441,43.509733599231254,68.07547488623251,38.2428109768966,46.54075425387946,43.69680400573296,41.335514113730746,77.92290482432345,59.33968764469294,66.40236269520783,64.4630597761369,82.87402078239634,62.61565725056218,75.91148672709662,86.97557703640533,91.82348504778156,93.02512748808383,98.81372015678495,90.51321706858795,101.46368971926448,89.44006047992501,111.92578907474397,118.536074508417,130.18567062797317,119.42617813356635,127.26101403565512,129.49629814906962,136.43186338499817,124.73928049657918,133.7796945209833,147.442307997672,154.07736114194955,147.18811882039543,52.57748408287924,44.6491908167654,9.363483542148973,18.19137388946632,35.008488053214826,30.647255448042053,37.85429471105233,19.62017797201652,24.035837067365833,48.597605345361934,35.60947534349256,87.27501700287621,90.30747051519525,105.60452945377062,88.46749603674827,87.04117180668862,103.86986712349595,111.82597627254395,99.5091903246655,113.78256462888845,118.02616283609864,111.09087962430321
6120509440,69.49839816870333,55.96102803186686,66.64948093132223,52.80523577549677,49.90516770140039,39.41292840495512,59.70779900998966,44.566643753974105,33.26151477219055,24.49075818964609,60.22804103230592,20.590544789031426,11.396785641042355,2.884411289444462,8.68197601244097,3.6311918076510126,0.0,33.83107440443669,17.5904596562295,59.758884184618665,29.800123418619137,53.99604187010498,40.01974519989286,52.96297917583678,50.914900167380054,50.98272038922771,54.95168604446227,60.93893034746138,38.88118790805262,43.37447810026041,32.35553046032442,41.689179194947656,65.49251531582264,39.39913327802548,47.91828046567001,44.124265219206606,41.92155434285307,75.29643989818777,59.48678818176776,64.10924181548543,62.53525890768232,80.1440175949051,61.29537813650124,76.06565196414415,85.32922637590707,89.52165150671387,91.75999754185739,97.38295552770411,89.56071766175818,100.84032473607476,88.96437215930388,111.93431925667234,117.84259289508617,129.50894014134835,119.15897766338404,127.16633451515578,128.88216633575752,135.84644882618284,125.02125005716977,133.9592615572689,146.79929687819995,152.8974935929707,146.48084823807267,51.15570824089999,41.21413569691169,12.961153133046674,21.81366780340905,38.58476902220121,34.27780738831103,34.410813472882495,20.34459513027122,23.17332931555503,46.38608439125832,37.65463107879194,87.76670994343554,91.0974113577249,104.30031793235413,88.26705555040147,87.15754583301818,104.81252166735095,110.68603932997652,99.40704207348352,112.883394930318,117.32570997838073,111.68856035017455
6120509880,92.43463381802913,78.99254247471777,91.56062079939699,60.65546206095401,65.0885934660257,58.51121285694446,93.388933024858,77.90872375081452,60.87166735386502,51.14003953702009,93.4950110293793,52.43180792730669,45.21764565107952,36.489476090461274,33.18402638207076,30.201221150473327,33.83107440443669,0.0,51.420803726688796,92.90052910234856,63.10177917900718,86.88836622062195,72.20657096886853,85.43646535335775,82.32090095358122,78.42227297872958,84.76666710741429,88.5961623949963,59.83097741868193,53.5929088204617,57.0711646318169,64.34634469798597,91.88474204705953,40.915097450203646,45.0577910922271,50.432406465971134,47.47080884336134,101.72303470072369,65.53338776228209,88.49489278976964,84.3758840775069,107.22182241081335,78.7554854357433,80.36023047049395,103.97896791169171,113.14576391803948,107.09193883043028,113.85595480798916,102.41864652692712,110.41793725286382,97.84346390464135,115.49456116050459,127.41279152585719,138.5991466583008,124.9315017466033,131.13606198890082,137.43819567441363,143.97006536208156,125.61869149686252,135.22941092325007,155.18580185697454,165.89389454467366,155.44423773576463,71.37972581551293,74.10477329219084,20.95440534698121,12.062305491138169,6.941587297363009,0.5215466963647079,67.10903802761744,33.64742129923547,43.569458186745464,71.1653000703497,31.48962016526814,88.16264144984238,88.49969025655857,119.49911583971218,94.81368118309223,90.98514888313389,100.00189241307855,124.30704443900608,104.4998105277307,124.38681483173771,126.97269575889977,109.84199204883949
6120510580,61.858557382394345,49.38664008338018,57.603952754066874,57.01416781993649,50.06646220953482,38.73653689696514,42.324342840931294,27.775761163228264,25.876056539750213,21.5552035629597,43.217073707789986,11.131535191792764,6.21665521455043,14.98055221384275,21.210747191146634,21.221338519339316,17.5904596562295,51.420803726688796,0.0,42.88644135372308,13.454097830819732,37.47582693593542,24.930102485616917,36.95215047138968,36.21888112921563,40.53592838168458,41.781583922380285,49.50992152123825,36.42335275242456,47.47162033400197,28.125802353020106,37.13015998380745,54.911420268516736,48.776026815972145,57.63571242332861,50.24122130329196,48.86580803194741,64.1905211319439,63.456583755034615,55.31102433727849,55.904848465589104,68.3223731702878,58.028063969671074,79.44347926626035,79.49380708199766,80.00670481766109,87.77672736789363,92.4270809301567,87.22200571985506,99.90878272606999,89.0041544981134,113.87979786367104,116.29705940594206,127.9035213175109,119.68170470083281,128.4227182809976,127.59267997184382,134.6240296946446,128.09325005665298,136.4517244140924,145.19067706421652,148.5604577557998,144.55767874978025,47.45121590562807,25.222953478273396,30.51353405729486,39.39219203072008,56.03692659029355,51.868202559339146,18.91737033694721,30.615672448245437,26.919566824524402,39.071509096840266,50.32169105007743,92.39673040379874,97.01051530134875,99.87743001058567,89.65225777396162,90.0670704616306,111.18862227538597,107.00305070645392,101.02999102535567,110.3831355981427,115.75264738396838,116.39720210082703
6120511390,75.80816347780078,69.10226454822545,69.23652908922374,91.47964625817087,80.63070285509409,70.83405089995377,22.01764862448857,28.79250884450726,54.30338530824748,57.483395534536136,1.5422763449037409,47.988849678686705,48.652953739152046,56.91407924976622,64.06091375035474,63.30204195812723,59.758884184618665,92.90052910234856,42.88644135372308,0.0,29.959774615495817,6.373241383649529,21.442697946527776,9.203547114060926,15.758673024827559,31.029601729911565,21.592371855920444,30.248878205010783,49.14257201496674,66.48462531255723,44.16294658367532,45.18959393251152,35.73218824154531,76.05749113878045,83.60319713739898,71.82274586716066,72.23117700037743,39.69598926842298,77.48586186695144,41.61997453236189,48.16129535073419,40.289527994336204,57.99496107395819,88.88704458435929,66.6958793192198,56.71016118377445,78.24943984206466,79.61235911678243,81.94454153566937,96.16110610753783,89.19753670349387,115.4536245098607,109.17021777529641,119.59562591958951,117.28927937668607,127.06025751242478,120.08896640395957,126.74472914352177,131.112961501442,137.47466543776312,135.65060962658103,132.08011709757784,134.28268694880984,72.9294033825802,33.560792655753815,72.0981960657896,80.89729127081218,96.53987746260316,93.3841849102871,25.852131154729484,64.30935787208969,55.23775000096496,39.405187584880586,82.39554039799424,102.62340269576606,109.52662143144923,87.3787240382298,92.90190404672813,96.75175563893613,123.32912665980551,95.51703850674959,103.25916633409142,101.49668078553115,108.61146389164881,124.23511426770973
6120511400,66.46357870323233,55.471555207098675,61.204022258534636,68.5250768709859,60.126039559654416,49.0078069597173,33.820099168170636,22.881030652493514,33.80552846235773,32.6167881023727,30.45503495810104,21.757757057189163,18.803423167154065,26.954480592130697,34.55685068072744,33.34370578843754,29.800123418619137,63.10177917900718,13.454097830819732,29.959774615495817,0.0,24.254712027306716,11.708468919277285,23.531891345021126,22.946823599351603,29.686081910056,29.09842811755795,37.616240025875854,32.532089268734616,47.32698237670725,24.423714618440005,31.399615424208964,43.38176660232707,52.50275964190362,61.052905676562126,51.38453531581612,50.748638677620626,52.16946251026795,62.087642408082736,44.91631840907502,46.99706040329941,55.886148419590754,51.47920972247323,76.95283607463408,70.37493334868306,68.62459162614131,79.71684441452433,83.63346096975323,80.30730904494409,93.72182008563766,83.74615051530436,109.53302190914319,109.4288702021419,120.85895361909988,114.21850308134275,123.37777871454487,120.76654204268999,127.77208149291711,124.38853727361366,132.22012193297317,137.98485013401935,139.57478661395274,137.14710419481509,55.579447948866076,22.983568446661714,42.21481989308401,51.0595093931234,67.05234796292213,63.57727115100052,5.729149465350094,37.0136957179446,29.842034601302867,30.816134842390817,56.493499170606235,90.50017314850744,96.0105066520798,91.31257145410596,85.36611982303782,86.91196069417751,110.28620099226734,98.82136166574655,96.66791026133733,102.94395407559514,108.87264732660476,114.1000116258166
6120511580,75.43673137873284,67.71010116188599,69.04576882771357,88.18218071326746,77.848278178316,67.64739232114461,24.27845102707373,27.211798324545303,51.15403807211392,53.425317807172576,7.475362602163434,43.47014129120075,43.0524560050609,51.13139032581778,58.685510536555455,57.49913744249828,53.99604187010498,86.88836622062195,37.47582693593542,6.373241383649529,24.254712027306716,0.0,15.10922918532497,3.495711542824137,10.368329156529164,26.037169953562504,17.464576565285785,26.971286549336682,43.06745459524713,60.377093788118245,37.86375285786503,39.2704091591968,32.858875390375516,69.73480416010014,77.34008781044177,65.65276245748372,65.99870260201814,38.25234786560992,71.77961645984726,38.046217507088656,43.96824678574745,39.77579814247799,53.17613595557061,83.65941041672961,63.82366955458566,55.56750325219379,75.08924375015779,76.97941042427261,78.2455306324997,92.44084877186059,84.91512786581323,111.25468664639217,106.02885806354757,116.70277486519839,113.58250515103123,123.28972271902812,117.08529312830474,123.83894097411692,126.84723562080961,133.47349851645703,133.03793041827734,130.5388713428609,131.77100609603025,70.78004601886795,31.463222604285427,66.16537119197463,74.91997742594317,90.40314528070925,87.3764826408461,19.779514901941578,57.96911558517777,48.865902349330455,33.84612588558719,76.02300495367083,97.44497496539887,104.19704060800181,84.80537036414144,88.32002543863219,91.85547185723213,118.10758386979951,92.88270019723662,98.88911599693,98.53578728632992,105.46732691474229,119.42040174585883
6120511930,74.69680646561507,64.75446807291857,68.93404787809432,79.99601202622641,71.14767023626126,60.18724357698249,32.75739850787908,27.349576809433458,44.45640148476142,44.14815765056083,22.375205270179947,33.363888470635956,29.71183263155913,37.13547747575258,45.663524250748644,43.38905599059861,40.01974519989286,72.20657096886853,24.930102485616917,21.442697946527776,11.708468919277285,15.10922918532497,0.0,13.245354500915775,11.289394598790128,20.07451102318934,17.57433394556808,26.615782532517187,30.2997209429048,47.12971434428707,23.83784991937054,27.45652893205034,32.59929192355074,55.29432608365859,63.21747351793547,52.05767321467281,52.0882126458278,40.92007920174746,60.06672182235857,35.131889784511195,38.576867780838136,44.372109457465584,45.149356485568184,73.49251432522813,61.236729005586206,57.71821844668122,71.34822143630986,74.6109725370862,72.90700324172218,86.76168433003869,77.72377949953169,103.9556657130625,101.75017053232875,112.9582318269112,107.66013598434026,117.0943737045825,113.0421394989702,119.98511105527689,119.21813974337918,126.54955262568502,129.86585683338288,130.09391982402636,128.87145521981873,65.8517242393894,29.504579976781972,51.69967894577579,60.33116108042798,75.4956992375391,72.70247663549854,6.026377807275656,42.86679400516347,33.891045197764605,24.16828765416852,61.12164458055578,87.28599787491247,93.48500623798725,82.40470383326101,80.16111198313054,82.66485289882048,107.65083978471797,90.16047922637586,91.22651085975596,94.85118503703087,101.18865553048126,110.22154918793822
6120512020,77.88065330985341,69.74196706436963,71.5714837379144,89.14742210404351,79.14296783990704,68.73079956709296,27.629811195249268,29.421194694883287,52.327833628949435,53.98581280044329,10.522093046386455,43.73658481472127,42.27148146330211,50.08261159019004,58.08800607399643,56.40204872722005,52.96297917583678,85.43646535335775,36.95215047138968,9.203547114060926,23.531891345021126,3.495711542824137,13.245354500915775,0.0,6.88333940234264,22.543316712943493,14.077979665585751,23.725093592618585,39.94088600041674,57.281343981202845,35.053643533764266,36.026773924564395,29.691844504739503,66.96836751912427,74.44122879987634,62.62299697108622,63.051685458624945,35.529905357974386,68.44025417855151,34.68911694929351,40.5056587684485,37.41343589397784,49.681336155405894,80.20118751848275,60.582348958069105,52.87842161249016,71.77319295768228,73.78424244075006,74.83051182591107,89.01845720105712,81.43336876441055,107.77663109071534,102.70249068358372,113.42523876054858,110.15781587040802,119.85505568882617,113.78381748160218,120.55650767715898,123.36363317627358,130.01122095560285,129.82007218924213,127.62189258159553,128.57819088095673,72.43638181338981,33.37489174083592,64.86522180572071,73.53765044687174,88.7358974410012,85.93101431376579,18.55230922611119,55.81014420994924,46.48795339695199,30.44303902721904,73.52469888658598,93.98116978483205,100.75779355465025,81.61910111815075,84.82499841707703,88.36572595685936,114.65123959081971,89.67579524975805,95.40094901182742,95.24992510996277,102.14058422984226,115.92788964729381
6120512630,82.45407445827311,73.54419800311838,76.32605531416401,90.78231412357432,81.46740944449421,70.70473473774433,34.14623371291378,33.95913369647552,54.618730059386536,55.07945788831571,17.18255326231383,44.4108782999521,40.89830930364563,48.03911542481167,56.85745194602962,54.18621344403438,50.914900167380054,82.32090095358122,36.21888112921563,15.758673024827559,22.946823599351603,10.368329156529164,11.289394598790128,6.88333940234264,0.0,15.678482053964974,8.080180700660923,18.001723569190194,33.66613016903283,51.014386603700174,29.493044912819048,29.530014525708633,24.12762490512454,61.31590440359973,68.51563071894242,56.470797493656065,57.05761523358538,31.15396583900139,61.72719025620131,28.451166880275174,33.85870194731066,33.93036491766183,42.819015264304056,73.32863927176074,54.60766854391171,48.390824560569236,65.5661601959197,67.90959310871345,68.322428283231,82.47942970705309,74.68163507596914,101.03735824959871,96.44017084483973,107.2902278075539,103.6046261649011,113.26804177875938,107.5840822910627,114.4047532376841,116.5988191154174,123.32994010059002,123.8331112358234,122.3795684083937,122.65613263678604,75.49799823024897,37.313792779161446,62.16550696470583,70.61713738386294,85.18180179420862,82.82621535533787,17.311610740900214,51.43455960266033,41.73571466312388,23.655833258255715,68.37984670580873,87.1042281832558,93.90230988949887,75.75572453986989,77.99231752529832,81.48738908108922,107.77950074343835,83.74746575856943,88.61599851259624,89.10424482612228,95.87753420634161,109.05473208490629
