,6120495610,6120495700,6120495930,6120496710,6120496900,6120497090,6120505460,6120505540,6120505550,6120505560,6120508230,6120508870,6120508880,6120509040,6120509050,6120509300,6120509440,6120509880,6120510580,6120511390,6120511400,6120511580,6120511930,6120512020,6120512630,6120513850,6120513920,6120515890,6120517560,6120517570,6120517630,6120517890,6120518290,6120519100,6120519110,6120519540,6120519550,6120519630,6120519640,6120519710,6120520530,6120520930,6120521500,6120523320,6120523540,6120523640,6120526470,6120526600,6120528990,6120529440,6120529450,6120535620,6120535710,6120535820,6120535830,6120538190,6120538300,6120538400,6120538410,6120538550,6120539920,6120542160,6120542250,6121158230,6121161690,6121163070,6121163350,6121163360,6121163390,6121164310,6121165230,6121165750,6121166340,6121166740,6121171290,6121171320,6121171380,6121171390,6121171400,6121171520,6121172160,6121172420,6121172900,6121173250,6121173600
6120495610,1.0,0.9947004583801882,0.99464707975001,0.9877278055694172,0.9901277901250493,0.9908030962512174,0.9315988994638992,0.9599047050624263,0.9878501640583605,0.986872593686634,-0.28272700394256384,0.9806811197147397,0.967834321782848,0.9779661053333806,0.978869684324461,0.9758892526845491,0.9760855786659197,0.9664950428445426,0.9682528579250591,-0.2433226413906226,0.9444128932378304,0.6927513390870456,0.8770526264461127,-0.09859961824177328,-0.21513109484101586,0.8321744742791991,-0.18421368952282655,-0.20320841956753102,0.944522911491321,0.9331885726779597,0.9548331245800655,0.9339821523107195,-0.3167104885522835,0.9451483188890206,0.9288705844223647,0.9347809465334165,0.9389740622886893,-0.4648012870493132,0.8925560367360609,0.682521465085252,0.8338501484267058,-0.5191799586172142,0.8792368906391774,0.8134246374375875,-0.38797118062269126,0.3222150907222317,0.5960089358797008,0.5054192481163992,0.652009596576429,0.5497694837710361,0.6907182303718464,0.5654564099316636,-0.3644440702736932,-0.36609878912703325,0.4565031837858866,0.482745253527457,-0.35750614390674784,-0.046714650791230244,0.5830470572655354,0.5500039609271414,-0.3870550377649877,0.5336232628277482,-0.38115396457751216,0.9888663791016662,0.9691857117035008,0.9766133507571735,0.971614494129621,0.9605736624668877,0.9663439923235334,0.9205968293063151,0.9709118443786348,0.9694287914690951,0.9044820152339896,0.9504599967833482,0.7652530902233925,0.7716405134352731,-0.36020995292746555,0.7143711301129697,0.7434400654345361,0.7370221833690934,-0.44055768721584104,0.631744500477786,-0.15555961689538828,-0.367796520961797,0.6675905141181265
6120495700,0.9947004583801882,1.0,0.98851617715145,0.9941491471670009,0.9977530402160351,0.9980042523708784,0.9443402330976697,0.972019676208642,0.9966479631964555,0.9958784081538549,-0.2795827617640867,0.9918052299208711,0.9819806969734703,0.9895444474107467,0.9875167024482355,0.9877072447123735,0.9881625307070047,0.9736683351093349,0.9826897482111486,-0.23960092174159986,0.9600824524668263,0.7085226769367695,0.8943793547013961,-0.094297963367357,-0.20932817366549875,0.8454401859742683,-0.17499335316385578,-0.19702132805809658,0.9555297009911432,0.9417136256695605,0.9658541122231942,0.9454022877165488,-0.31346622839448807,0.9514493141623661,0.9335040770979728,0.9419025231805139,0.9464134360779142,-0.46126230905297433,0.8963628622275603,0.689364315357387,0.8397786436546175,-0.5158005190449193,0.8838641787507706,0.8136416951154931,-0.3837853554210331,0.3286050512533566,0.5936564201724661,0.5025872034898257,0.6498188364923573,0.5449020372889284,0.6883130754896315,0.5608751780158535,-0.3601793841158661,-0.3640150364945658,0.4503532948584983,0.4767858771152156,-0.3551486104893321,-0.04810270229811675,0.5782755234592795,0.5447509120948979,-0.38355449637407907,0.528308906010549,-0.3778392329742328,0.9981458006733285,0.9804260743478724,0.9864600388307688,0.9808317373240177,0.9663562800437948,0.9734960209743997,0.9370604415005857,0.9790529858498167,0.9786558338188034,0.9164477307008821,0.9562102955671119,0.7640544191199048,0.7705410225186907,-0.35778688780711604,0.7121722162665924,0.7418439606752476,0.7350412675978532,-0.43716230740789913,0.627832094551912,-0.15390039292142418,-0.3634610503277854,0.6654056421327563
6120495930,0.99464707975001,0.98851617715145,1.0,0.9766918032478531,0.9824487957102743,0.981487285214591,0.9425381353581531,0.9620368397412379,0.980928678813284,0.9786085395404293,-0.2956150060960483,0.9752829454251071,0.9751102008142771,0.9744899218342286,0.9669361186314067,0.9759063148523575,0.9761266004160445,0.9550359129401977,0.975837965604536,-0.25653748709212265,0.9535811628860029,0.7076143301522408,0.88784099755064,-0.11522851007365655,-0.24209726111648996,0.8330852768779929,-0.2040830261719503,-0.2243693052160817,0.9413204046095028,0.9270424008495142,0.9466515509023038,0.9316988924997088,-0.338120863217593,0.9306822359056061,0.9115981752915655,0.9241692803634853,0.9291166504932931,-0.4855414309209193,0.8760026139131044,0.6772387596585792,0.8214506645740236,-0.5397546796304413,0.8631918359507457,0.7920431032206754,-0.40169113010859403,0.3053675053010258,0.5768262796142946,0.48841416470571336,0.6318814747283349,0.526110098141472,0.6683829106075874,0.5428737598467678,-0.36921772859383567,-0.37683597397265056,0.43348997122484545,0.4598868340808366,-0.36695074873772177,-0.05790941789397887,0.559462819800106,0.5265167487210917,-0.39217356151004007,0.511277180856553,-0.38674780829721106,0.9894258475660352,0.9683774891094075,0.9712599331033869,0.9661202199467489,0.9460863445718827,0.9548743851124004,0.9305250924377886,0.9582339039883764,0.9581962305088452,0.9032975522990826,0.9349385405216272,0.7428813313236637,0.749331882367586,-0.3735534509487082,0.6915316077820184,0.7209862095952279,0.7139981647363193,-0.4526701057325355,0.6077324033813569,-0.168994760989826,-0.3726001122279769,0.6475255940816524
6120496710,0.9877278055694172,0.9941491471670009,0.9766918032478531,1.0,0.9987800143007248,0.9972637914216044,0.9108459890902978,0.9465773945024996,0.9890938522049254,0.991935017983872,-0.31174116959881326,0.983554684230866,0.9746705127788299,0.9902142810300358,0.9917840845717129,0.9907770544921682,0.989365299844322,0.9911558546263377,0.9711021641085238,-0.2709393658224457,0.9389800004303518,0.6572508127010684,0.8676942075344926,-0.11990783562603156,-0.2342743795718859,0.8451721719472045,-0.20081321768411414,-0.21171372629964877,0.965998305870117,0.9649075491804391,0.9696456879728698,0.9539144771297103,-0.32134458672359323,0.9762707037220293,0.964230845531768,0.9677775669376382,0.9709184808826187,-0.4744531385621688,0.9342327760065261,0.7070514250353132,0.8645848195033661,-0.5315919469402727,0.9162533601096446,0.8643073182321565,-0.39276193410671884,0.3423144052768678,0.6492118800852873,0.5551959917078164,0.7085470087223306,0.6100725965438787,0.7485545240436923,0.6261425766328272,-0.35630351229571006,-0.35194586589941046,0.5165049021291725,0.5425502181779279,-0.34454543178781744,-0.01259116561781257,0.6427549563093188,0.60948786636373,-0.37969396575434144,0.5919042804918837,-0.37377585679698966,0.9944816349158141,0.9593615206581996,0.9952983787961319,0.9932338432286183,0.9873735519989696,0.9910561306229618,0.9130664024244435,0.9920595530048826,0.9878276642447186,0.9222078329919827,0.9806809617849335,0.8194880288279879,0.825210486074982,-0.36111573150157333,0.7715104374858306,0.7991264103391269,0.7921663066462937,-0.4370692056546017,0.6916923267608932,-0.12530125622583851,-0.3599940548438728,0.7258904651787337
6120496900,0.9901277901250493,0.9977530402160351,0.9824487957102743,0.9987800143007248,1.0,0.9989916473008381,0.9256782358692955,0.9584926494309398,0.993484287895289,0.9949147582824962,-0.2991674686592155,0.9888458607901509,0.9802581700577528,0.9921467957343177,0.9913507380553762,0.9918376362614763,0.9912121177071131,0.9853656524496649,0.9784061929046229,-0.2586244372261678,0.9503772946911337,0.6798727800319999,0.8819619553761685,-0.10997843657076414,-0.22448328566398051,0.8488355889231338,-0.18967654703561906,-0.20568760148850246,0.964238718503778,0.9572463746156255,0.9705102009754799,0.9531412349255123,-0.31870522716984256,0.967427342972994,0.9525072688188044,0.9587594356353236,0.962494606763809,-0.4699425333677342,0.9197144655775327,0.70222772358987,0.8565121076424256,-0.5261100793645144,0.90446921324989,0.84369964936837,-0.39013999790241216,0.33718004502519017,0.6263343654977017,0.5333570587080234,0.6843072456617095,0.5823884723345073,0.7235305928089442,0.5983492505571224,-0.3589467937842088,-0.3584238532854029,0.4879520006780093,0.514181856414992,-0.35030718876924,-0.028732020643304934,0.6151911699801763,0.5816846432622572,-0.3825564879545147,0.5645642693439555,-0.3767289706725074,0.9981029506917881,0.9693752615552039,0.9935918837754308,0.9899306770104093,0.9796151709279146,0.9852331644222269,0.925895709780034,0.9882303162548953,0.9858807519311997,0.922879787384359,0.9716970337434022,0.7965447853150617,0.8025628589620584,-0.3609088875893765,0.746843362035584,0.7753980796759627,0.7682576217154448,-0.43844057739298353,0.6646765471222199,-0.1384850815377333,-0.3624661990431026,0.7005490785012051
6120497090,0.9908030962512174,0.9980042523708784,0.981487285214591,0.9972637914216044,0.9989916473008381,1.0,0.9322811444031059,0.9653640384276597,0.9968588828131234,0.9978784596352872,-0.2790593424936083,0.9926963666190218,0.9823416291128658,0.9927459593033864,0.9933964680943658,0.9901477741679191,0.990545121632781,0.9798436542583545,0.9818048829718573,-0.2390838338107432,0.9575719532603573,0.6958478327865897,0.8929707369485923,-0.09368706171708577,-0.20255069807364462,0.8533547311655211,-0.16793360888820716,-0.19025737026178483,0.9621583121025408,0.9494254344540556,0.9724606439648564,0.9521285097197311,-0.307208989796357,0.9603832446786696,0.9438780044847511,0.9503181266133641,0.9544056194695526,-0.45669155165426956,0.9075791251303694,0.6995160062179945,0.851005168747425,-0.5119359545380425,0.8958929591091163,0.8270795431953156,-0.3841805222089304,0.3357277127052977,0.6074504765462176,0.5150698588241264,0.6640141668059046,0.5597129791387766,0.702785193913131,0.57476860695367,-0.36307420236571253,-0.3649603227371796,0.4641940091854629,0.49023359948142026,-0.3564779798966836,-0.04375038057931231,0.5920140410770919,0.558201388611584,-0.3861272132610106,0.5408093092149314,-0.38023724273686693,0.9975946055487634,0.9759322722067909,0.9905232210291512,0.9852322338726798,0.9743341240755417,0.9796641374690706,0.9349188062832698,0.9866364802330745,0.9858141111175573,0.9236568580788602,0.9653189384308534,0.7776945481817595,0.7839171235881506,-0.35873883867769757,0.7265697410512311,0.755826253557284,0.7484673123913789,-0.4384067563265517,0.6424697757815157,-0.1503689599780856,-0.36640500633318007,0.6781874434295478
6120505460,0.9315988994638992,0.9443402330976697,0.9425381353581531,0.9108459890902978,0.9256782358692955,0.9322811444031059,1.0,0.9886426202635696,0.9514587952969915,0.9397051506903829,-0.17739014315235677,0.9456445264550903,0.9311546067495924,0.9146663265245981,0.9088006067445196,0.9066924720485294,0.9123063488636801,0.8567715893476091,0.9434838533784419,-0.1389023682551498,0.9463028452123876,0.8173102379925935,0.8899478713870768,-0.01193282827340647,-0.12755224180995653,0.7514004260671702,-0.10291602773893864,-0.1489671507900186,0.8421516778545715,0.803566906513148,0.8710379872812036,0.8346886073709652,-0.26855553971144763,0.8117675864999199,0.781880773625128,0.7973031301219232,0.8055182360994055,-0.3910251095861531,0.7245093759385788,0.5584096260580114,0.6844569413883734,-0.43632139613032855,0.7157317748977979,0.6199979891669622,-0.31818934875104476,0.25010050043986964,0.401391467222468,0.3265559531708583,0.4472762017108659,0.34232647975580427,0.4819651848871865,0.3597542230070049,-0.32317358647828914,-0.3461541112619469,0.2584366225080599,0.28362560068239173,-0.33494504557895494,-0.11522862432617537,0.378467522060765,0.3477889715285089,-0.3434585484654088,0.3344550359668054,-0.33898753577257007,0.938552022031742,0.9814495535732604,0.8899700072506062,0.8758833094151898,0.8429785260300146,0.8564367487898837,0.9286661887120742,0.8698670822203355,0.8760841763597695,0.80917048151003,0.8200310661028294,0.5658173071607905,0.5745710129913345,-0.30900648368692957,0.5070834021155208,0.5398989160589268,0.5377811444188866,-0.3864387163087045,0.42229341811837495,-0.19436668942439067,-0.32519723425988717,0.46635109377957895
6120505540,0.9599047050624263,0.972019676208642,0.9620368397412379,0.9465773945024996,0.9584926494309398,0.9653640384276597,0.9886426202635696,1.0,0.9813792325798131,0.9738528114836598,-0.1612291606481012,0.9798897203018817,0.9642429113187598,0.955146410124012,0.9502070023817905,0.9454575726023391,0.9508552107455712,0.9010970119883789,0.9753286041373465,-0.12315760542088841,0.9784773499612872,0.8203004752914566,0.9322655402724572,0.004460544733151576,-0.10334924444378171,0.809594962955458,-0.07228042153857028,-0.13064070550918164,0.8940250638343878,0.8527244110818655,0.924754100069522,0.8877155645043974,-0.25937164051392364,0.8627908134812047,0.8335142352552664,0.8480142862588765,0.855518763432587,-0.38832463592410693,0.7777226952299627,0.6076107161258263,0.7411208048454073,-0.4360001709544509,0.772722362316363,0.6720888878158743,-0.3287191689202009,0.2818854490486935,0.445424601483992,0.3644676992298283,0.49395519852095904,0.384875982981095,0.5303937468230856,0.4012939348867389,-0.33961657043187493,-0.35957336975027576,0.2953102471670089,0.321090876098077,-0.3487846598223911,-0.11083485213999972,0.42035069318558077,0.38796209531688114,-0.36022161148073845,0.3729032002264249,-0.35516785663259437,0.9666231408539656,0.9987742819080709,0.9318762331570228,0.9178037299745355,0.8887737614341223,0.9007337931440261,0.9646699307040497,0.9189123878303825,0.9266430826936455,0.8643442212548866,0.8699163243617958,0.6155163824033361,0.6238738629780272,-0.3195929394323665,0.5562058150391775,0.5894942841784577,0.5854053861549481,-0.40078707316701284,0.467830741522514,-0.19422371262421423,-0.34181232218401825,0.5102352985245162
6120505550,0.9878501640583605,0.9966479631964555,0.980928678813284,0.9890938522049254,0.993484287895289,0.9968588828131234,0.9514587952969915,0.9813792325798131,1.0,0.9992053400407467,-0.24019749241701913,0.9980826219901382,0.9861928378893037,0.9911229710228245,0.9900655264382965,0.9853676525344517,0.9876302197114102,0.963836162505127,0.9890812186813662,-0.20106511852863504,0.973174981103611,0.7358682119669671,0.9158503728254064,-0.0617683885279639,-0.16393719487505024,0.8555287035697389,-0.1288181519100606,-0.164221712491649,0.9528496380909284,0.928875464444769,0.9701711428729851,0.9446601739207439,-0.28799634495820925,0.939428312328124,0.9183825266677736,0.9278266112056823,0.9329473189192381,-0.43199899557600147,0.875646788066432,0.6848025806053863,0.8300576465915833,-0.4849803396725323,0.8688763619405675,0.7850781138201266,-0.36801597829370697,0.32886687546826965,0.5611806856526738,0.4711217133291169,0.615149005172382,0.5065242537085645,0.6530017777389496,0.5212722701024619,-0.3609984531400819,-0.36908753084138757,0.4105409434980515,0.4366149980979391,-0.3597370548400251,-0.06958596057621322,0.5391463142905186,0.5051533816638099,-0.38352576177165504,0.48816103067224986,-0.37779337509281474,0.9941591479755437,0.989287176672984,0.9813692576369444,0.9728377230474082,0.9562952048522493,0.9635796363851657,0.9539996850838622,0.9760977895784193,0.978708457799813,0.9190604619189873,0.9448252657125745,0.7318232664843672,0.7386298155996118,-0.3493552742155416,0.6776069881680151,0.708456118439949,0.7012483608365955,-0.4308465351756651,0.5901952329058355,-0.16839288842138256,-0.3639432532808743,0.6278335792962919
6120505560,0.986872593686634,0.9958784081538549,0.9786085395404293,0.991935017983872,0.9949147582824962,0.9978784596352872,0.9397051506903829,0.9738528114836598,0.9992053400407467,1.0,-0.24968582177521764,0.998172057355848,0.9875133784674965,0.9945429168754961,0.9943403886434369,0.9888451443810855,0.9908263586769164,0.9706961384817615,0.9884914966040191,-0.21045514502586524,0.9694872886502115,0.7195355492652186,0.9117845622157884,-0.07026623021232704,-0.1693204358438993,0.8624205235450573,-0.13305318931197918,-0.16603496934012407,0.959852527863414,0.9381197640368476,0.9753781113196962,0.9515879128674425,-0.28921910688398206,0.9488359273135327,0.929076037656245,0.9376396404745281,0.9423464320813598,-0.4352415647835847,0.8884674524585789,0.6961609813905659,0.8423497245858172,-0.4889715297833704,0.8819063931121455,0.8003831216243745,-0.3724587212746793,0.33547043599461174,0.5777399904682565,0.48641923677568205,0.6322686294255084,0.5239470109614712,0.6701476101571238,0.538109394804587,-0.3633323429322409,-0.3696695183746344,0.4270172711924574,0.45287477509312957,-0.3605780073546407,-0.06328323779630474,0.5556223525363311,0.521396471603065,-0.38607731837504616,0.5038588910902193,-0.3802640275851511,0.993946617918505,0.9835083000891579,0.9862534613066224,0.9783593754575663,0.9640179751085446,0.9704481055506731,0.9500447484011717,0.9827619701304874,0.9846871958283331,0.9261652875948551,0.9539276162065536,0.7476405609147826,0.7541318586198792,-0.3528542719179282,0.6944621149147454,0.7247999906786755,0.7169187896616446,-0.43397523520810927,0.6073684365871908,-0.1637860685500825,-0.366376608425492,0.64383177499574
6120508230,-0.28272700394256384,-0.2795827617640867,-0.2956150060960483,-0.31174116959881326,-0.2991674686592155,-0.2790593424936083,-0.17739014315235677,-0.1612291606481012,-0.24019749241701913,-0.24968582177521764,1.0,-0.22579614509325222,-0.2647668101016495,-0.27678922496061226,-0.2748811258606237,-0.30442692003713995,-0.2916490117979514,-0.35481116155644854,-0.2379200131044045,0.9949651221538226,-0.17971286025302172,-0.033153871078584446,-0.1283079890908111,0.9177883031004231,0.8351357486419145,-0.2456156853059145,0.6284454147701238,0.43842116940883735,-0.31762649932698706,-0.3931249394622322,-0.25727976257741064,-0.3073564596409909,0.372405612585738,-0.37101305899831505,-0.3887235960972148,-0.3867660994733306,-0.38325470287519897,0.4403617422390833,-0.41544135920285447,-0.28988159284832754,-0.33371315159101245,0.48223133749192754,-0.376323536123404,-0.44305838711754036,0.09132471955518133,-0.1830609401533153,-0.4072025648073756,-0.3786336782054023,-0.44011329386664516,-0.4290310268089422,-0.4522542612902078,-0.4413195629996057,-0.1594266858799073,-0.20472072605502986,-0.4024178693811134,-0.412769686665217,-0.20224812090724734,-0.27942140541024246,-0.43989412462000227,-0.43221130885802234,-0.15690047626423104,-0.4359950846177435,-0.15318999032757444,-0.29191484073151985,-0.17344995385460182,-0.3231396101014525,-0.34484772194145885,-0.3615808670883644,-0.3552453098278887,-0.15888140900739822,-0.3127403638422451,-0.2896076118712999,-0.2897352151073025,-0.3667817398050015,-0.45196607586310955,-0.45157089866502065,-0.013183563204880665,-0.4528973866524909,-0.45324744399783545,-0.455057997332752,-0.06403060203064377,-0.44871471480539715,-0.2859139879649404,-0.15723345282043014,-0.4696459587103728
6120508870,0.9806811197147397,0.9918052299208711,0.9752829454251071,0.983554684230866,0.9888458607901509,0.9926963666190218,0.9456445264550903,0.9798897203018817,0.9980826219901382,0.998172057355848,-0.22579614509325222,1.0,0.9893544483840605,0.9925205140531651,0.9893916853808461,0.9847329492663901,0.9878909290910924,0.958313029583428,0.9929982176208362,-0.18713769970947125,0.9787625161240159,0.7420463295499155,0.9280738117564282,-0.051769424750639316,-0.1447445069425474,0.8666863683734884,-0.10590647682783054,-0.14935037416714708,0.9538989964381461,0.9239266697519711,0.9737795816635968,0.9471543804306327,-0.2772167046519993,0.9336675611057171,0.9104558190248743,0.9220741350854925,0.9274655687168737,-0.41970132213469447,0.8663722302819773,0.6876453840160537,0.8287720762699609,-0.47202176399776463,0.8635127159862653,0.7712607420330512,-0.362710859269659,0.3296707662092827,0.5462678184387305,0.45650762271561157,0.5990415422078705,0.4876849513285692,0.6361233277458157,0.5017329485329174,-0.361026644408828,-0.37180617009651945,0.3906042054191328,0.41642922879072436,-0.36206242886938456,-0.08000398202715464,0.5194493658425827,0.48514645531527256,-0.38356089121470577,0.46790605344889685,-0.37791740480207636,0.9897364165559963,0.9880690848083011,0.9789604063088784,0.9688778697556077,0.9495948918186266,0.9580139249736178,0.9624915907768746,0.9741246918825848,0.978854790756138,0.9243640399905764,0.9385051535445188,0.7159106255224172,0.7227156923302235,-0.34711162914265553,0.6608581823113309,0.6921994357971485,0.6841839433669532,-0.4288460334026527,0.5715802759833859,-0.17543968299636156,-0.36383026084494396,0.6095359958723894
6120508880,0.967834321782848,0.9819806969734703,0.9751102008142771,0.9746705127788299,0.9802581700577528,0.9823416291128658,0.9311546067495924,0.9642429113187598,0.9861928378893037,0.9875133784674965,-0.2647668101016495,0.9893544483840605,1.0,0.9928204719763044,0.9833079311509171,0.990113153211903,0.9933071612714995,0.9548007219110922,0.9977463247418555,-0.22701787934769094,0.9822513620470645,0.7240495124009565,0.9348884956433086,-0.0980023537473162,-0.2017125476322056,0.8869397926012365,-0.1432976919493405,-0.17919189413549844,0.9647502899589,0.9353977661817585,0.9729831772451469,0.960237055756087,-0.3053133105091323,0.9320691098686971,0.9078506297812937,0.9261703324017236,0.9318165919997424,-0.4490935335747977,0.8681303714128129,0.7089807274561505,0.8387569712312734,-0.5024492522994983,0.8685824702312478,0.7709930512511167,-0.381670881401894,0.32846982837122224,0.5511728500674391,0.462428227203895,0.6032697647610504,0.4868629610558145,0.6371868636572302,0.5004035872020216,-0.3705633129387055,-0.38656765284517863,0.388011185238116,0.4135193698315699,-0.37585706844117467,-0.0840178065532541,0.5163957662883147,0.48161224017988147,-0.39348301177998324,0.46456533043408865,-0.38816853351130165,0.9844151105253411,0.972906439373332,0.9790145213744291,0.9697226806269628,0.9449411752521898,0.9544885076530983,0.9671971552720143,0.9699506961711302,0.975187693805868,0.9407749451950443,0.935010165301486,0.7145844037073122,0.7208192443400213,-0.36733418544257856,0.6607938819598267,0.6916788915382315,0.6813631588893799,-0.4468223369004233,0.5699645382056312,-0.18288914521981187,-0.3734964788199931,0.6099426383613878
6120509040,0.9779661053333806,0.9895444474107467,0.9744899218342286,0.9902142810300358,0.9921467957343177,0.9927459593033864,0.9146663265245981,0.955146410124012,0.9911229710228245,0.9945429168754961,-0.27678922496061226,0.9925205140531651,0.9928204719763044,1.0,0.9955401508497037,0.9962682778269187,0.9984774604948893,0.9777878145568069,0.9878800832156169,-0.23760147180658964,0.9645242009710714,0.6858416987008913,0.9082455125493901,-0.09794653714788737,-0.19348074044571462,0.8841191222561781,-0.1482419964751751,-0.17350576965384237,0.9758495627730517,0.956034679173362,0.9834942761631023,0.9686084829580175,-0.2954019014974396,0.9606581221216959,0.9412999240097807,0.9540577564810596,0.9583424348171151,-0.44476590436113617,0.9070036844412096,0.7253982501246382,0.867187239467393,-0.49985292073545506,0.9037256976230058,0.8200728461906762,-0.3817392227755973,0.34945220344669653,0.6025968101163284,0.5094012687057792,0.6570568837466496,0.5451820878561114,0.6928168267119351,0.5577226407378008,-0.3645766311967766,-0.3709706507303569,0.44475361922331536,0.47002814554571837,-0.36169899564962826,-0.056207214201368955,0.5734353169781853,0.5384094205502948,-0.38919901187861916,0.5202708804318426,-0.38366566279955144,0.9911347665562947,0.9672360881548357,0.9937690796505809,0.9870352832427512,0.9704049786268617,0.9775601637431163,0.9455039693201566,0.9891146673022789,0.9911086237999618,0.9454325238077124,0.9635662051253676,0.7668628817827389,0.7724993992441817,-0.3613364400934949,0.7159166650687219,0.7452986372845707,0.7346436918058787,-0.43975968326055276,0.6276947379937914,-0.15669151046167085,-0.36773525230281373,0.6638337142590308
6120509050,0.978869684324461,0.9875167024482355,0.9669361186314067,0.9917840845717129,0.9913507380553762,0.9933964680943658,0.9088006067445196,0.9502070023817905,0.9900655264382965,0.9943403886434369,-0.2748811258606237,0.9893916853808461,0.9833079311509171,0.9955401508497037,1.0,0.992243682123434,0.9929692465667792,0.9795803914392319,0.9774900200660205,-0.23562518093376503,0.9516836513538519,0.6763136159215122,0.8914989615476706,-0.09347333826367059,-0.1885520088507671,0.867250397812711,-0.1513203841808068,-0.17588280222065517,0.9662954685639531,0.951168461119821,0.9772940202498475,0.9577429194255668,-0.2957138146278987,0.962824204057678,0.9465626008942891,0.9518532125796757,0.9555331302932699,-0.44612765448983666,0.9108825149057252,0.7149233023351055,0.8626255352989542,-0.5013374175642584,0.9042981812576946,0.830037049732452,-0.3854849434654764,0.34329450768029035,0.61264880696055,0.5193341976699193,0.6678720712031566,0.5615347456134212,0.7055083593807526,0.573928637462693,-0.37134688802543414,-0.3733826712330484,0.4631376888293178,0.4881583787841047,-0.36488750551539884,-0.05063893132833791,0.5905378140130327,0.5560362893294616,-0.3942876513083881,0.5371901746684046,-0.38826770687777407,0.9862554270579297,0.9633546359076518,0.9902689576573884,0.9831686184148978,0.9753167129384769,0.9793471459301409,0.9309772167707153,0.9906717356981166,0.9898465066538503,0.9324141617296039,0.9677602137310821,0.7791657025436881,0.7848874916282413,-0.3631300095288745,0.7289439196692943,0.757765163346557,0.7484589744176684,-0.4437359770389896,0.6434891227578917,-0.15609435091121618,-0.37463468269779165,0.6764155046694792
6120509300,0.9758892526845491,0.9877072447123735,0.9759063148523575,0.9907770544921682,0.9918376362614763,0.9901477741679191,0.9066924720485294,0.9454575726023391,0.9853676525344517,0.9888451443810855,-0.30442692003713995,0.9847329492663901,0.990113153211903,0.9962682778269187,0.992243682123434,1.0,0.9992898226077093,0.9833481762270697,0.9847907676668003,-0.2645922270263093,0.9563988696826841,0.6662281806152518,0.8950661903288847,-0.12140766944214966,-0.22650501461819578,0.8791704008898061,-0.18009228450771486,-0.19650912775775958,0.9790047333054478,0.9669254048339151,0.9795886301106118,0.9705856998583403,-0.3132798743592441,0.9680624998171348,0.9508596625928238,0.9640662003158021,0.9680269383602634,-0.46514018508467087,0.9210792417928406,0.7299836321004489,0.873780748865447,-0.521527708724858,0.9138319384455195,0.8396917532715645,-0.3935993254123339,0.3484226065582802,0.6266022061650042,0.5328383387820708,0.6824334506373435,0.5726971605035519,0.7179041895195158,0.5857875716849461,-0.3635799505059307,-0.3677649973439083,0.4730007553025931,0.4981451186124718,-0.3587737567796828,-0.040322990894601486,0.60054659232714,0.565717255314271,-0.3884224166326369,0.5476411731130533,-0.3829713040531899,0.9910952159719558,0.9579498056197628,0.9966735561011538,0.9923987943573129,0.9764305903618732,0.9831651981826329,0.9349269009479874,0.9895482246280615,0.9894400830192619,0.9452652133430535,0.9702630191916409,0.7890516614410683,0.7943187278945729,-0.3689917017126451,0.7401867219185757,0.7685288050201029,0.7576637722806924,-0.44476630602773415,0.6541676995257071,-0.14541854005694288,-0.3669818288539744,0.6904565463408875
6120509440,0.9760855786659197,0.9881625307070047,0.9761266004160445,0.989365299844322,0.9912121177071131,0.990545121632781,0.9123063488636801,0.9508552107455712,0.9876302197114102,0.9908263586769164,-0.2916490117979514,0.9878909290910924,0.9933071612714995,0.9984774604948893,0.9929692465667792,0.9992898226077093,1.0,0.9790507597021227,0.9880015917886036,-0.25219041521037844,0.9621496425181738,0.6784774263393962,0.9035281208686718,-0.11133226107853471,-0.21310484578782732,0.8819726176651459,-0.1662517695121853,-0.18746679179109962,0.9772249449791512,0.9609535061594016,0.9805173979730084,0.9695389712753302,-0.30695576363742394,0.9624527349955028,0.9438351500436615,0.9576007242250058,0.96184138037838,-0.4574133260069273,0.911758779170077,0.7269938660145036,0.8687834811393369,-0.5131069997188372,0.9066061845044033,0.8269732611656598,-0.3897110676009646,0.34675410106435006,0.6118522705946817,0.5186730052132487,0.6668858436049164,0.5556250870364715,0.7022241349377134,0.5685926191371266,-0.3653512997797265,-0.37131770418916527,0.4556908598666068,0.4809403620270496,-0.36203685377394584,-0.050125398340891705,0.5837616915728185,0.5488594399967938,-0.3898921154823255,0.5309111121514952,-0.3844283276730805,0.9909422271609535,0.9628019306526574,0.9941790764301895,0.9888318244441299,0.9716070231260923,0.9788434583607221,0.9419820013111571,0.9877047076467176,0.9888694677743364,0.9454256879193457,0.9649067467053826,0.7749051588021802,0.7803793202913638,-0.3672749919601224,0.724887956477748,0.753821161640527,0.7430248310057953,-0.44436777875628647,0.6376110807749111,-0.15348110556303304,-0.3686375375790734,0.6743356494808981
6120509880,0.9664950428445426,0.9736683351093349,0.9550359129401977,0.9911558546263377,0.9853656524496649,0.9798436542583545,0.8567715893476091,0.9010970119883789,0.963836162505127,0.9706961384817615,-0.35481116155644854,0.958313029583428,0.9548007219110922,0.9777878145568069,0.9795803914392319,0.9833481762270697,0.9790507597021227,1.0,0.9456955789123372,-0.3135968806458213,0.9022444002003671,0.584104830970483,0.8255624770692228,-0.15839033776641795,-0.27304985792932157,0.8382365396181771,-0.23857901765349188,-0.2340266741882459,0.9687836225430971,0.9833753044084677,0.9613573257582656,0.954839849368138,-0.33308493489024377,0.9932651633972079,0.987324775758414,0.988320582151104,0.9898191411031455,-0.4910295852531271,0.9687762625870003,0.7237446166090687,0.8859831990586506,-0.5504053349036683,0.9449244012576915,0.9141553889915962,-0.4033139215569238,0.3505719892198853,0.7116450158613091,0.6151508232713584,0.7732398680840644,0.6818388047832004,0.8128613337644481,0.6963313077958009,-0.34640507643442797,-0.33458711846802114,0.5884537641401708,0.612558069951801,-0.3286200861727755,0.028672897830167923,0.7100816613903008,0.6768598606658454,-0.3713853099536741,0.657030298102382,-0.3655674814003973,0.9769158368523694,0.9183124272287287,0.9938565455902936,0.997257309413689,0.9985616915592703,0.9999985230425379,0.8733171795760658,0.9926798696160519,0.9843113694104523,0.9208306129279268,0.9957344596858129,0.8751865455476858,0.8795174087582476,-0.36457518951410245,0.8336033993016064,0.8579603436036156,0.8492305833674544,-0.4333858194869338,0.7595027022920362,-0.0878186392351903,-0.35051695334737887,0.7894199662704493
6120510580,0.9682528579250591,0.9826897482111486,0.975837965604536,0.9711021641085238,0.9784061929046229,0.9818048829718573,0.9434838533784419,0.9753286041373465,0.9890812186813662,0.9884914966040191,-0.2379200131044045,0.9929982176208362,0.9977463247418555,0.9878800832156169,0.9774900200660205,0.9847907676668003,0.9880015917886036,0.9456955789123372,1.0,-0.20019502420696608,0.9906843738315713,0.7503576725413621,0.948289430673556,-0.07318161465544283,-0.17288859106236387,0.883901200088638,-0.1149844596871456,-0.16030310848861942,0.9575497536972558,0.9220748147400925,0.9713866865689873,0.9536066580205981,-0.2892900295998065,0.9201895492917154,0.8938064941593205,0.9130227793831666,0.9192058365424237,-0.42962040508249477,0.850062253890767,0.6939877050944415,0.8233661300015324,-0.48188213002443747,0.8514916775461727,0.7481965305498779,-0.3655219029950865,0.32462197223122086,0.5245036902734783,0.43697339666761253,0.5758794193849228,0.4590164706830697,0.6103047381716251,0.47330341985737084,-0.3603979728232438,-0.3784597739784498,0.3612681270281062,0.3870637565844145,-0.36756787667638824,-0.09170862851482614,0.49000519700551626,0.4554588083414007,-0.3830761168103846,0.4389068815198254,-0.37790532095097673,0.9841285873880031,0.9824559269832481,0.9728743907757068,0.9623257180860948,0.9348544915630856,0.9453565832320203,0.9778271864244644,0.9631332640557277,0.9705663050734494,0.9347794926408101,0.9235428966894907,0.6903935460038353,0.6971259984974066,-0.3533043079454049,0.6346226061833472,0.6664870147304562,0.6571573690168527,-0.4328322995908642,0.5429230658135463,-0.1848005742682661,-0.36309814728102735,0.5842843841137976
6120511390,-0.2433226413906226,-0.23960092174159986,-0.25653748709212265,-0.2709393658224457,-0.2586244372261678,-0.2390838338107432,-0.1389023682551498,-0.12315760542088841,-0.20106511852863504,-0.21045514502586524,0.9949651221538226,-0.18713769970947125,-0.22701787934769094,-0.23760147180658964,-0.23562518093376503,-0.2645922270263093,-0.25219041521037844,-0.3135968806458213,-0.20019502420696608,1.0,-0.1431979065748278,-0.007083931919817093,-0.09445696478115664,0.9516851687186185,0.8279041729891783,-0.21564724082282538,0.6117390203576456,0.42314460891424666,-0.2792929005855508,-0.3526686849208416,-0.21944906848174325,-0.2700246235016936,0.3577060581135193,-0.3303426021522844,-0.3480186375662599,-0.34622728531927677,-0.34261793189153883,0.42063124741647917,-0.3755516521290244,-0.26537069760584275,-0.3001597895144876,0.459994477789511,-0.33910483750785153,-0.4044776581252771,0.08376329793213143,-0.17431516321656862,-0.3769410513112002,-0.352042846686872,-0.4068051589129904,-0.3983418431242045,-0.4170204697457057,-0.40939129017443254,-0.15507378231306262,-0.19729194937342473,-0.37495121156443373,-0.3840993135565932,-0.19485134148301386,-0.2667200813680902,-0.40740683335635464,-0.40084720044784156,-0.15393587882936735,-0.4049098774051996,-0.15034899476074884,-0.2518634179002166,-0.13551815339224618,-0.28264306473823547,-0.3038367038408215,-0.3203349456732205,-0.31402085705441646,-0.12365091349680028,-0.2727970942984362,-0.25035887754829417,-0.25462590370855054,-0.3259679268733639,-0.4142350462111022,-0.41355778429024237,-0.015423460722017526,-0.41683571682840687,-0.41623838238186067,-0.4177155199101494,-0.06451966628691327,-0.4148316242874834,-0.273927774481662,-0.1530157296966444,-0.4336047399083974
6120511400,0.9444128932378304,0.9600824524668263,0.9535811628860029,0.9389800004303518,0.9503772946911337,0.9575719532603573,0.9463028452123876,0.9784773499612872,0.973174981103611,0.9694872886502115,-0.17971286025302172,0.9787625161240159,0.9822513620470645,0.9645242009710714,0.9516836513538519,0.9563988696826841,0.9621496425181738,0.9022444002003671,0.9906843738315713,-0.1431979065748278,1.0,0.8040389295346867,0.9795905840295498,-0.02914092398556731,-0.12010531978938423,0.8722158094015549,-0.04697098765626323,-0.12086108262823439,0.9248771555072641,0.872091901885034,0.9517988668773311,0.9239390295387689,-0.2572559935373714,0.8703453412210586,0.8377150070530384,0.8603186878602107,0.8679692655168028,-0.38564814449371787,0.7837177155435668,0.6470986971510725,0.7669957630667416,-0.43482726870634525,0.7889049475101658,0.6695426001946029,-0.3277380622098478,0.3016129322043478,0.44048810371895086,0.35907047273103193,0.488528067865644,0.3714002064236765,0.5228419876005023,0.3869550724972879,-0.3398511903786762,-0.3673955746516676,0.2783417159341201,0.3040108048298485,-0.355724713630741,-0.11809167816514896,0.4048626089689124,0.37139403023013773,-0.3603861047973683,0.35566408062711696,-0.35564755669128467,0.9592328220420494,0.9821188340389506,0.9388345956792603,0.9236170002946292,0.8889811049281359,0.9017884500182802,0.9966275901827897,0.9285996567102504,0.9418801688418325,0.9099368873921292,0.8744115491703041,0.6083904411039214,0.6161772683565543,-0.3252956440829115,0.5484762705071476,0.5823622545118838,0.5750160403468191,-0.4037807187919004,0.4555429437578418,-0.19812572102110948,-0.34196407315173083,0.4996084248621376
6120511580,0.6927513390870456,0.7085226769367695,0.7076143301522408,0.6572508127010684,0.6798727800319999,0.6958478327865897,0.8173102379925935,0.8203004752914566,0.7358682119669671,0.7195355492652186,-0.033153871078584446,0.7420463295499155,0.7240495124009565,0.6858416987008913,0.6763136159215122,0.6662281806152518,0.6784774263393962,0.584104830970483,0.7503576725413621,-0.007083931919817093,0.8040389295346867,1.0,0.8162509979047998,0.05215698627003854,0.006110528043618098,0.5217558112910673,0.09018746173782219,-0.008913427902459274,0.5802697256430958,0.5148933003427066,0.6388161635341174,0.5764404817361991,-0.1453277385570347,0.5266921190627074,0.48905437935506446,0.5060426372978419,0.5167919454982891,-0.2203129943907003,0.417465673205238,0.2994129177114417,0.3829896232673574,-0.2559411571938795,0.40600798067213745,0.3117250943473315,-0.18215790651673688,0.1383397861845604,0.13116713130251706,0.08844762656506654,0.15979893808492002,0.08300300101727602,0.18759963130314014,0.10018459408723496,-0.2416329707869469,-0.29651190348176937,0.031838924015492355,0.05020198078113297,-0.2854083490649805,-0.15340477113319928,0.11724016951209688,0.09593832937224807,-0.25038021586018694,0.08448459416759277,-0.24708359653483813,0.6992522575584439,0.8041860754098012,0.6352886337971008,0.6115043896340832,0.5665961645116244,0.5835678907438562,0.8150877064680258,0.6128486306854226,0.6291387243848271,0.5564746476728154,0.537415325713351,0.26516423802341527,0.27477500069016547,-0.20867408803215562,0.21020061028835174,0.24011749756725664,0.24444279401944607,-0.27686976458947243,0.14440603521368392,-0.19882347687258695,-0.24226059656694637,0.18345266388036152
6120511930,0.8770526264461127,0.8943793547013961,0.88784099755064,0.8676942075344926,0.8819619553761685,0.8929707369485923,0.8899478713870768,0.9322655402724572,0.9158503728254064,0.9117845622157884,-0.1283079890908111,0.9280738117564282,0.9348884956433086,0.9082455125493901,0.8914989615476706,0.8950661903288847,0.9035281208686718,0.8255624770692228,0.948289430673556,-0.09445696478115664,0.9795905840295498,0.8162509979047998,1.0,-0.002916133916582085,-0.08159522533754465,0.8418673805187019,0.04547850413936965,-0.07348727422032707,0.8642821180083698,0.7936196246787951,0.904847325605453,0.8674285946408873,-0.2161160468519247,0.7905929503010782,0.7526596830677197,0.7786849803003629,0.7875405852036252,-0.3266822583414644,0.6907574384536969,0.5710636342424452,0.6796317304859807,-0.3724771834913539,0.697425189097119,0.5690386349070846,-0.27322310262965094,0.26724076914961203,0.3424621351326344,0.27064582354198025,0.38630806335318285,0.27556950743921665,0.41999965502374464,0.2925103644111826,-0.30020275394032714,-0.3375241816675671,0.19220566334645717,0.2166557709240506,-0.3257874103221019,-0.13137098454210497,0.31071155981535853,0.2798450949096079,-0.3167016899481183,0.2650401042701236,-0.31264087746202696,0.8928597280874625,0.9346352803971977,0.8713327021909676,0.8516161594128536,0.810509260449657,0.824980980089891,0.992537563849409,0.8624804982542521,0.8825614122837722,0.8600720801176758,0.7946638678054154,0.5075886304641681,0.516083397526615,-0.2800982550542454,0.44603344310668563,0.4805565380935088,0.47565307229117015,-0.3534432613313924,0.3565273672998518,-0.19513841065449583,-0.30168953282134814,0.4016848636879094
