,6120571720,6120572510,6120573200,6120574550,6121191770,6121191960
6120571720,0.0,0.0592058384143,0.56598742442,0.657488519844,0.0917341818084,0.389444664241
6120572510,0.0592058384143,0.0,0.663256025291,0.674443822473,0.222186763213,0.532829943724
6120573200,0.56598742442,0.663256025291,0.0,0.674339098606,0.669186204009,0.498859402498
6120574550,0.657488519844,0.674443822473,0.674339098606,0.0,0.350901932862,0.0697636310494
6121191770,0.0917341818084,0.222186763213,0.669186204009,0.350901932862,0.0,0.669752906816
6121191960,0.389444664241,0.532829943724,0.498859402498,0.0697636310494,0.669752906816,0.0
