,6120499800,6120503860,6120507220,6120508660,6120510560,6120512950,6121161600
6120499800,0.0,5.7508892885,18.9277876426,26.2706737751,36.525100912,45.0326781639,14.5887605132
6120503860,5.7508892885,0.0,13.3757104689,20.8420769241,31.2131218081,39.8046760353,8.86563518906
6120507220,18.9277876426,13.3757104689,0.0,7.54331002245,17.9840428869,26.6366243509,4.95497167753
6120508660,26.2706737751,20.8420769241,7.54331002245,0.0,10.4425922281,19.1006772587,12.4582760362
6120510560,36.525100912,31.2131218081,17.9840428869,10.4425922281,0.0,8.66420066457,22.8972499469
6120512950,45.0326781639,39.8046760353,26.6366243509,19.1006772587,8.66420066457,0.0,31.5583504508
6121161600,14.5887605132,8.86563518906,4.95497167753,12.4582760362,22.8972499469,31.5583504508,0.0
