,6120499800,6120503860,6120507220,6120508660,6120510560,6121161600
6120499800,1.0,-0.889869815565,-0.923318741987,0.008682321879,0.104811089301,0.108076840378
6120503860,-0.889869815565,1.0,-0.746780035998,-0.895395251809,-0.946203632047,-0.942043455082
6120507220,-0.923318741987,-0.746780035998,1.0,-0.0400760822771,0.000777692455874,-0.0541448113256
6120508660,0.008682321879,-0.895395251809,-0.0400760822771,1.0,0.990320398931,0.96209746181
6120510560,0.104811089301,-0.946203632047,0.000777692455874,0.990320398931,1.0,0.99004842957
6121161600,0.108076840378,-0.942043455082,-0.0541448113256,0.96209746181,0.99004842957,1.0
