,6120499800,6120503860,6120507220,6120508660,6120510560,6120512950,6121161600
6120499800,0.0,0.46136989398,0.388898100242,0.649291019338,0.672449969216,0.674475296865,0.592978478287
6120503860,0.46136989398,0.0,0.669175223075,0.42932013419,0.0593160483189,0.519804864739,0.368486245249
6120507220,0.388898100242,0.669175223075,0.0,0.658716863768,0.62395666362,0.672661460525,0.669993893061
6120508660,0.649291019338,0.42932013419,0.658716863768,0.0,0.392801876447,0.652810612012,0.0412300111393
6120510560,0.672449969216,0.0593160483189,0.62395666362,0.392801876447,0.0,0.0493790670645,0.399868268871
6120512950,0.674475296865,0.519804864739,0.672661460525,0.652810612012,0.0493790670645,0.0,0.636511115876
6121161600,0.592978478287,0.368486245249,0.669993893061,0.0412300111393,0.399868268871,0.636511115876,0.0
