,6120032030,6120043650,6120357070,6120358230,6120366820,6120372920,6121103380,6121103500
6120032030,1.0,-0.891860312894,-0.366578230523,0.257585786908,-0.893830628434,0.919157415643,-0.74075572763,-0.204920514167
6120043650,-0.891860312894,1.0,0.121523273742,-0.471007947618,0.999887734944,-0.84326421751,0.684213110386,0.514608759728
6120357070,-0.366578230523,0.121523273742,1.0,-0.656943731806,0.125122275134,-0.452532179834,0.702252531778,0.599665665828
6120358230,0.257585786908,-0.471007947618,-0.656943731806,1.0,-0.472294497054,-0.189397813502,-0.706501502775,-0.792197650355
6120366820,-0.893830628434,0.999887734944,0.125122275134,-0.472294497054,1.0,-0.838967010182,0.684637917711,0.511517745555
6120372920,0.919157415643,-0.84326421751,-0.452532179834,-0.189397813502,-0.838967010182,1.0,-0.427810444447,0.0272253138358
6121103380,-0.74075572763,0.684213110386,0.702252531778,-0.706501502775,0.684637917711,-0.427810444447,1.0,0.830817807416
6121103500,-0.204920514167,0.514608759728,0.599665665828,-0.792197650355,0.511517745555,0.0272253138358,0.830817807416,1.0
