,6120032030,6120043650,6120357070,6120358230,6120366820,6120372920,6121103380,6121103500
6120032030,0.0,707.210784912,385.933776855,158.825622558,707.210784912,134.84161377,468.791748047,412.849853515
6120043650,707.210784912,0.0,321.277008057,548.385162354,0.0,842.052398682,238.419036865,294.360931397
6120357070,385.933776855,321.277008057,0.0,227.108154297,321.277008057,520.775390625,82.857971192,26.91607666
6120358230,158.825622558,548.385162354,227.108154297,0.0,548.385162354,293.667236328,309.966125489,254.024230957
6120366820,707.210784912,0.0,321.277008057,548.385162354,0.0,842.052398682,238.419036865,294.360931397
6120372920,134.84161377,842.052398682,520.775390625,293.667236328,842.052398682,0.0,603.633361817,547.691467285
6121103380,468.791748047,238.419036865,82.857971192,309.966125489,238.419036865,603.633361817,0.0,55.941894532
6121103500,412.849853515,294.360931397,26.91607666,254.024230957,294.360931397,547.691467285,55.941894532,0.0
