,6120434000,6120437930,6120442040,6120442290,6120442790,6120443130,6121135590
6120434000,0.0,55.0928955078,1721.35992432,1238.9085083,1857.82720947,1893.64190674,14.9318847656
6120437930,55.0928955078,0.0,1666.26702881,1183.81561279,1802.73431396,1838.54901123,70.0247802734
6120442040,1721.35992432,1666.26702881,0.0,482.451416016,136.467285156,172.281982422,1736.29180908
6120442290,1238.9085083,1183.81561279,482.451416016,0.0,618.918701172,654.733398438,1253.84039307
6120442790,1857.82720947,1802.73431396,136.467285156,618.918701172,0.0,35.8146972656,1872.75909424
6120443130,1893.64190674,1838.54901123,172.281982422,654.733398438,35.8146972656,0.0,1908.5737915
6121135590,14.9318847656,70.0247802734,1736.29180908,1253.84039307,1872.75909424,1908.5737915,0.0
