,6120434000,6120437930,6120442040,6120442290,6120442790,6120443130,6121135590
6120434000,1.0,0.985707968099,-0.00375379673885,0.375285551158,-0.926055483822,-0.937980027864,0.911871670465
6120437930,0.985707968099,1.0,0.0838237198872,0.472529303307,-0.707070252085,-0.80042141601,0.956426864594
6120442040,-0.00375379673885,0.0838237198872,1.0,0.830985548331,0.142125782421,0.171634513458,0.349936472403
6120442290,0.375285551158,0.472529303307,0.830985548331,1.0,-0.379978131421,-0.388578492521,0.68831025713
6120442790,-0.926055483822,-0.707070252085,0.142125782421,-0.379978131421,1.0,0.997649042186,-0.622780771461
6120443130,-0.937980027864,-0.80042141601,0.171634513458,-0.388578492521,0.997649042186,1.0,-0.732171650615
6121135590,0.911871670465,0.956426864594,0.349936472403,0.68831025713,-0.622780771461,-0.732171650615,1.0
