,6120434000,6120437930,6120442040,6120442290,6120442790,6120443130,6120443580,6121135590
6120434000,1.0,0.969073550102,-0.105098453314,0.268364427445,-0.922227980847,-0.427335923759,-0.505027120414,0.846369905014
6120437930,0.969073550102,1.0,0.00836705450332,0.407177186888,-0.728213916346,-0.432084397461,-0.410853708888,0.941500089629
6120442040,-0.105098453314,0.00836705450332,1.0,0.808342391143,0.222853645856,-0.0277279852386,0.0519805028912,0.295304266534
6120442290,0.268364427445,0.407177186888,0.808342391143,1.0,-0.304795403381,-0.421178472424,-0.317909190169,0.655633186847
6120442790,-0.922227980847,-0.728213916346,0.222853645856,-0.304795403381,1.0,0.390345334861,0.186870623358,-0.629204773476
6120443130,-0.427335923759,-0.432084397461,-0.0277279852386,-0.421178472424,0.390345334861,1.0,0.979163694006,-0.373016452878
6120443580,-0.505027120414,-0.410853708888,0.0519805028912,-0.317909190169,0.186870623358,0.979163694006,1.0,-0.247847652118
6121135590,0.846369905014,0.941500089629,0.295304266534,0.655633186847,-0.629204773476,-0.373016452878,-0.247847652118,1.0
