,6120434000,6120437930,6120442040,6120442290,6120442790,6120443130,6120443580,6121135590
6120434000,0.0,55.092895508,1721.35992432,1238.9085083,1857.82720947,1893.64190674,2514.81524658,14.931884765
6120437930,55.092895508,0.0,1666.26702881,1183.81561279,1802.73431396,1838.54901123,2459.72235107,70.024780273
6120442040,1721.35992432,1666.26702881,0.0,482.45141602,136.46728515,172.28198242,793.45532226,1736.29180909
6120442290,1238.9085083,1183.81561279,482.45141602,0.0,618.91870117,654.73339844,1275.90673828,1253.84039306
6120442790,1857.82720947,1802.73431396,136.46728515,618.91870117,0.0,35.81469727,656.98803711,1872.75909424
6120443130,1893.64190674,1838.54901123,172.28198242,654.73339844,35.81469727,0.0,621.17333984,1908.57379151
6120443580,2514.81524658,2459.72235107,793.45532226,1275.90673828,656.98803711,621.17333984,0.0,2529.74713134
6121135590,14.931884765,70.024780273,1736.29180909,1253.84039306,1872.75909424,1908.57379151,2529.74713134,0.0
