,6120353830,6120355650,6120355820,6120359380,6120360550,6120361190,6121101480
6120353830,0.0,0.17595112899714543,0.14598282560262818,0.6551586205484742,0.22357224964003963,0.16547478736970372,0.6717539194303251
6120355650,0.17595112899714543,0.0,0.06324040052317294,0.5440783011002877,0.657858955293287,0.6668313449270635,0.5566605576974207
6120355820,0.14598282560262818,0.06324040052317294,0.0,0.4226214218838172,0.6702112535150891,0.6743724890074323,0.5350488085023476
6120359380,0.6551586205484742,0.5440783011002877,0.4226214218838172,0.0,0.2972523846111288,0.38012577532858877,0.045561853519336074
6120360550,0.22357224964003963,0.657858955293287,0.6702112535150891,0.2972523846111288,0.0,0.021866209952104115,0.4783729754369009
6120361190,0.16547478736970372,0.6668313449270635,0.6743724890074323,0.38012577532858877,0.021866209952104115,0.0,0.4323287032770569
6121101480,0.6717539194303251,0.5566605576974207,0.5350488085023476,0.045561853519336074,0.4783729754369009,0.4323287032770569,0.0
