,6120630920,6120639530,6120641310,6121217750,6121218160,6121218220,6121218250,6121218990
6120630920,0.0,0.551558271988,0.504968207109,0.342850547813,0.347766722001,0.0235361428407,0.0236880238176,0.366010373887
6120639530,0.551558271988,0.0,0.386114024362,0.483496581465,0.550343786625,0.554956885485,0.504900267561,0.552053419167
6120641310,0.504968207109,0.386114024362,0.0,0.516928556604,0.574659562765,0.447619615203,0.405539874829,0.0322838198049
6121217750,0.342850547813,0.483496581465,0.516928556604,0.0,0.00633606059703,0.342607019862,0.414383564922,0.470031878229
6121218160,0.347766722001,0.550343786625,0.574659562765,0.00633606059703,0.0,0.381148675072,0.442161877763,0.535468555733
6121218220,0.0235361428407,0.554956885485,0.447619615203,0.342607019862,0.381148675072,0.0,0.00441967124793,0.314186641845
6121218250,0.0236880238176,0.504900267561,0.405539874829,0.414383564922,0.442161877763,0.00441967124793,0.0,0.279308023542
6121218990,0.366010373887,0.552053419167,0.0322838198049,0.470031878229,0.535468555733,0.314186641845,0.279308023542,0.0
