,6120315920,6120319520,6120322600,6120322720,6120324670,6120326740,6120331050,6120332400
6120315920,1.0,0.722631115178099,0.15444046540277842,0.9532164333493048,0.40445263022308775,-0.1427949094796256,0.023461085890633452,0.43961653103617815
6120319520,0.722631115178099,1.0,0.8073989155261704,0.7980005160137172,0.5409938416387665,0.22375379924660463,-0.0480026130421069,-0.022520196042443166
6120322600,0.15444046540277842,0.8073989155261704,1.0,0.38683264918998467,0.6358001981470651,0.3962156346138429,0.012961969115336706,-0.3959103897869682
6120322720,0.9532164333493048,0.7980005160137172,0.38683264918998467,1.0,0.7714203896523464,0.6832420837175858,0.13710705128639095,0.46134982112196155
6120324670,0.40445263022308775,0.5409938416387665,0.6358001981470651,0.7714203896523464,1.0,0.9594876048882917,0.6436905750019184,0.35101623425092354
6120326740,-0.1427949094796256,0.22375379924660463,0.3962156346138429,0.6832420837175858,0.9594876048882917,1.0,-0.10532745865961816,-0.12168575794357134
6120331050,0.023461085890633452,-0.0480026130421069,0.012961969115336706,0.13710705128639095,0.6436905750019184,-0.10532745865961816,1.0,0.7933040308294079
6120332400,0.43961653103617815,-0.022520196042443166,-0.3959103897869682,0.46134982112196155,0.35101623425092354,-0.12168575794357134,0.7933040308294079,1.0
