,6120315920,6120319520,6120322720,6120324670,6120326740,6120331050,6120332400
6120315920,0.0,7093.0,2042.0,16391.0,37659.703125,14623.6015625,2068.0
6120319520,7093.0,0.0,9135.0,9298.0,30566.703125,7530.6015625,5025.0
6120322720,2042.0,9135.0,0.0,18433.0,39701.703125,16665.6015625,4110.0
6120324670,16391.0,9298.0,18433.0,0.0,21268.703125,1767.3984375,14323.0
6120326740,37659.703125,30566.703125,39701.703125,21268.703125,0.0,23036.1015625,35591.703125
6120331050,14623.6015625,7530.6015625,16665.6015625,1767.3984375,23036.1015625,0.0,12555.6015625
6120332400,2068.0,5025.0,4110.0,14323.0,35591.703125,12555.6015625,0.0
