,6120319520,6120322720,6120324670,6120326730,6120326740,6120331050,6120332400
6120319520,0.0,0.121183415236,0.01945614136,0.364923641531,0.541502183474,0.327064510225,0.369267725179
6120322720,0.121183415236,0.0,0.0480105001862,0.527764169782,0.277957910581,0.519283057664,0.4666649324
6120324670,0.01945614136,0.0480105001862,0.0,0.471257970182,0.332423575971,0.381325072146,0.427898551717
6120326730,0.364923641531,0.527764169782,0.471257970182,0.0,0.614396609729,0.667402436937,0.553091897431
6120326740,0.541502183474,0.277957910581,0.332423575971,0.614396609729,0.0,0.667660121517,0.65301973631
6120331050,0.327064510225,0.519283057664,0.381325072146,0.667402436937,0.667660121517,0.0,0.0335419692157
6120332400,0.369267725179,0.4666649324,0.427898551717,0.553091897431,0.65301973631,0.0335419692157,0.0
