,6120315920,6120319520,6120322600,6120322720,6120324670,6120326740,6120331050,6120332400
6120315920,0.0,15.785995163004777,17.887705346656517,25.167492114692774,33.945211474063704,38.50680549189032,56.694880212740614,69.4456867591003
6120319520,15.785995163004777,0.0,3.562067160940117,9.445553430437535,18.541666068707055,22.721631119122986,41.203789535005924,53.833193860132454
6120322600,17.887705346656517,3.562067160940117,0.0,7.685879639629217,16.059153310145035,21.147217417427928,38.807758120601115,51.57805991613953
6120322720,25.167492114692774,9.445553430437535,7.685879639629217,0.0,9.316946434516506,13.482381750629377,31.797646799004525,44.390268956501956
6120324670,33.945211474063704,18.541666068707055,16.059153310145035,9.316946434516506,0.0,7.643906513967538,22.749966420518014,35.5333973914754
6120326740,38.50680549189032,22.721631119122986,21.147217417427928,13.482381750629377,7.643906513967538,0.0,19.890039070311825,31.754107619156763
6120331050,56.694880212740614,41.203789535005924,38.807758120601115,31.797646799004525,22.749966420518014,19.890039070311825,0.0,12.929598669588492
6120332400,69.4456867591003,53.833193860132454,51.57805991613953,44.390268956501956,35.5333973914754,31.754107619156763,12.929598669588492,0.0
