,6120315920,6120319520,6120322720,6120324670,6120326740,6120331050,6120332400
6120315920,0.0,16.0021622535,25.0475944884,33.7802265376,38.3444277359,56.9954796185,69.3688051768
6120319520,16.0021622535,0.0,9.08827854419,18.0487755418,22.3529597994,41.203707662,53.4776641653
6120322720,25.0475944884,9.08827854419,0.0,9.11648808347,13.4823817506,32.1436245147,44.3902689565
6120324670,33.7802265376,18.0487755418,9.11648808347,0.0,7.39826341483,23.2158392156,35.6194489203
6120326740,38.3444277359,22.3529597994,13.4823817506,7.39826341483,0.0,20.1926643888,31.7541076192
6120331050,56.9954796185,41.203707662,32.1436245147,23.2158392156,20.1926643888,0.0,12.5608285986
6120332400,69.3688051768,53.4776641653,44.3902689565,35.6194489203,31.7541076192,12.5608285986,0.0
