,6120336410,6120337150,6120337290,6120338210,6120340130,6120344070,6120345990,6120347680,6120351550,6120353840,6120354900,6121094620,6121094960,6121096400,6121098610,6121101860
6120336410,1.0,-0.455514909806,0.993626566308,-0.758692448141,0.896029877705,0.559029814696,0.323985406102,0.334481541141,-0.0715870063175,-0.331352997377,-0.256571603093,-0.508757371699,-0.623649216776,0.434036993913,-0.263499680352,0.0521165455379
6120337150,-0.455514909806,1.0,-0.35488868988,0.799759858538,-0.169663087493,-0.289072091654,-0.145984757901,-0.409475678434,-0.563796179991,-0.0116053339995,-0.0546206458949,0.963836106588,0.932768295527,0.212661613686,0.0280009784257,-0.42387015963
6120337290,0.993626566308,-0.35488868988,1.0,-0.717228898334,0.939343330995,0.544059312427,0.408975695049,0.39308777041,-0.0991117631929,-0.317749868092,-0.235894588981,-0.444764745439,-0.565998307699,0.520405982831,-0.240597896429,0.0773625579498
6120338210,-0.758692448141,0.799759858538,-0.717228898334,1.0,-0.542747661063,-0.331467277834,-0.0910606772729,-0.2904317388,-0.400914815494,0.303113616155,0.238074053532,0.908610090774,0.959722179553,0.0151377320944,0.379675248142,-0.219727004404
6120340130,0.896029877705,-0.169663087493,0.939343330995,-0.542747661063,1.0,0.551747843688,0.654644405474,0.537718685712,-0.18940576256,-0.250788493607,-0.145153156269,-0.242615346433,-0.385972055412,0.769254344276,-0.14238875643,0.141110435556
6120344070,0.559029814696,-0.289072091654,0.544059312427,-0.331467277834,0.551747843688,1.0,0.449604856214,0.170497587311,-0.0168571721978,-0.404719632531,-0.457191136332,-0.181104363338,-0.285749870016,0.507061870079,-0.249644775797,-0.376585268504
6120345990,0.323985406102,-0.145984757901,0.408975695049,-0.0910606772729,0.654644405474,0.449604856214,1.0,0.845038999963,-0.0415769992781,0.0588395944296,0.176823378189,-0.0660139816909,-0.0959169924857,0.866063848494,0.241604912327,0.406781478063
6120347680,0.334481541141,-0.409475678434,0.39308777041,-0.2904317388,0.537718685712,0.170497587311,0.845038999963,1.0,0.315949831248,0.187615822881,0.202428128055,-0.359012851955,-0.354457445865,0.542493356805,0.421399043568,0.486901054037
6120351550,-0.0715870063175,-0.563796179991,-0.0991117631929,-0.400914815494,-0.18940576256,-0.0168571721978,-0.0415769992781,0.315949831248,1.0,-0.365496486693,-0.384695565306,-0.543798270884,-0.507321282797,-0.406901321915,-0.249412042534,0.273839331014
6120353840,-0.331352997377,-0.0116053339995,-0.317749868092,0.303113616155,-0.250788493607,-0.404719632531,0.0588395944296,0.187615822881,-0.365496486693,1.0,0.954702704894,0.0640600177082,0.152296676017,-0.0587137961357,0.922759778325,0.697609826642
6120354900,-0.256571603093,-0.0546206458949,-0.235894588981,0.238074053532,-0.145153156269,-0.457191136332,0.176823378189,0.202428128055,-0.384695565306,0.954702704894,1.0,0.00948595138799,0.0910388469617,0.0938524557103,0.913372630286,0.813175980989
6121094620,-0.508757371699,0.963836106588,-0.444764745439,0.908610090774,-0.242615346433,-0.181104363338,-0.0660139816909,-0.359012851955,-0.543798270884,0.0640600177082,0.00948595138799,1.0,0.988137865545,0.254813276818,0.135466388349,-0.415471900827
6121094960,-0.623649216776,0.932768295527,-0.565998307699,0.959722179553,-0.385972055412,-0.285749870016,-0.0959169924857,-0.354457445865,-0.507321282797,0.152296676017,0.0910388469617,0.988137865545,1.0,0.131505155505,0.222512495005,-0.354931233384
6121096400,0.434036993913,0.212661613686,0.520405982831,0.0151377320944,0.769254344276,0.507061870079,0.866063848494,0.542493356805,-0.406901321915,-0.0587137961357,0.0938524557103,0.254813276818,0.131505155505,1.0,0.138522396087,0.20457217654
6121098610,-0.263499680352,0.0280009784257,-0.240597896429,0.379675248142,-0.14238875643,-0.249644775797,0.241604912327,0.421399043568,-0.249412042534,0.922759778325,0.913372630286,0.135466388349,0.222512495005,0.138522396087,1.0,0.59048325525
6121101860,0.0521165455379,-0.42387015963,0.0773625579498,-0.219727004404,0.141110435556,-0.376585268504,0.406781478063,0.486901054037,0.273839331014,0.697609826642,0.813175980989,-0.415471900827,-0.354931233384,0.20457217654,0.59048325525,1.0
