,6120411390,6120412890,6120413800,6120416180,6120416190,6121126090
6120411390,0.0,321.144165039,594.516235352,905.080688477,905.080688477,272.555053711
6120412890,321.144165039,0.0,273.372070312,583.936523438,583.936523438,48.5891113281
6120413800,594.516235352,273.372070312,0.0,310.564453125,310.564453125,321.961181641
6120416180,905.080688477,583.936523438,310.564453125,0.0,0.0,632.525634766
6120416190,905.080688477,583.936523438,310.564453125,0.0,0.0,632.525634766
6121126090,272.555053711,48.5891113281,321.961181641,632.525634766,632.525634766,0.0
