,6120411390,6120412890,6120413800,6120416180,6120416190,6121126090
6120411390,0.0,0.194186400607,0.65812564695,0.161407105458,0.497608185039,0.417955539208
6120412890,0.194186400607,0.0,0.277354803234,0.468637231202,0.656534959699,0.671075134484
6120413800,0.65812564695,0.277354803234,0.0,0.674481974229,0.537983669141,0.362440327268
6120416180,0.161407105458,0.468637231202,0.674481974229,0.0,0.462015977575,0.00832786972403
6120416190,0.497608185039,0.656534959699,0.537983669141,0.462015977575,0.0,0.0249199605014
6121126090,0.417955539208,0.671075134484,0.362440327268,0.00832786972403,0.0249199605014,0.0
