,6120411390,6120412890,6120413800,6120416180,6120416190,6121126090
6120411390,1.0,0.84385757889,0.155726094784,-0.872178197977,-0.512090622274,0.616710066969
6120412890,0.84385757889,1.0,0.767325605882,-0.552439755084,-0.163122650914,-0.0710736545696
6120413800,0.155726094784,0.767325605882,1.0,-0.000648151566457,0.44986148773,-0.680175857707
6120416180,-0.872178197977,-0.552439755084,-0.000648151566457,1.0,0.561254378481,-0.993807297575
6120416190,-0.512090622274,-0.163122650914,0.44986148773,0.561254378481,1.0,-0.981352740277
6121126090,0.616710066969,-0.0710736545696,-0.680175857707,-0.993807297575,-0.981352740277,1.0
