,6120332810,6120332930,6120333010,6120334850,6120334860,6120341110,6120342790
6120332810,0.0,1.8485484384303819,0.46079755384057,22.18493725615591,21.62944796692138,42.74720456827246,41.8293965996617
6120332930,1.8485484384303819,0.0,1.9051105312807812,20.453816625474396,19.901696147066943,41.44901735995071,40.848355722607906
6120333010,0.46079755384057,1.9051105312807812,0.0,22.034039540513874,21.476670142371688,42.425487868999205,41.44428442608732
6120334850,22.18493725615591,20.453816625474396,22.034039540513874,0.0,0.5643965211824544,24.455112307041365,27.62840927824295
6120334860,21.62944796692138,19.901696147066943,21.476670142371688,0.5643965211824544,0.0,24.764796671056914,27.7676065664477
6120341110,42.74720456827246,41.44901735995071,42.425487868999205,24.455112307041365,24.764796671056914,0.0,9.154626836787951
6120342790,41.8293965996617,40.848355722607906,41.44428442608732,27.62840927824295,27.7676065664477,9.154626836787951,0.0
