,6120373890,6120377480,6120378790,6120379220,6120379480,6120379840,6120380050,6120380060
6120373890,0.0,458.276000977,72.029510498,97.2882385254,277.842468262,483.99041748,39.2497253418,77.1627197266
6120377480,458.276000977,0.0,386.246490479,360.987762451,180.433532715,25.7144165039,497.525726318,381.11328125
6120378790,72.029510498,386.246490479,0.0,25.2587280273,205.812957764,411.960906982,111.27923584,5.13320922852
6120379220,97.2882385254,360.987762451,25.2587280273,0.0,180.554229736,386.702178955,136.537963867,20.1255187988
6120379480,277.842468262,180.433532715,205.812957764,180.554229736,0.0,206.147949219,317.092193604,200.679748535
6120379840,483.99041748,25.7144165039,411.960906982,386.702178955,206.147949219,0.0,523.240142822,406.827697754
6120380050,39.2497253418,497.525726318,111.27923584,136.537963867,317.092193604,523.240142822,0.0,116.412445068
6120380060,77.1627197266,381.11328125,5.13320922852,20.1255187988,200.679748535,406.827697754,116.412445068,0.0
