,6120373890,6120377480,6120378790,6120379220,6120379480,6120379840,6120380050,6120380060
6120373890,0.0,0.194087659459,0.435727011013,0.0829263865975,0.517083422205,0.286535497427,0.37387109317,0.41314617053
6120377480,0.194087659459,0.0,0.578941227188,0.424013392942,0.635240881107,0.0349553081059,0.526172752254,0.61706187611
6120378790,0.435727011013,0.578941227188,0.0,0.40061469261,0.665332938472,0.609301878683,0.624144469103,0.620299604554
6120379220,0.0829263865975,0.424013392942,0.40061469261,0.0,0.496173575138,0.513730126066,0.346084913909,0.285326404446
6120379480,0.517083422205,0.635240881107,0.665332938472,0.496173575138,0.0,0.662323297475,0.669323652957,0.666770750174
6120379840,0.286535497427,0.0349553081059,0.609301878683,0.513730126066,0.662323297475,0.0,0.629132615092,0.502140238759
6120380050,0.37387109317,0.526172752254,0.624144469103,0.346084913909,0.669323652957,0.629132615092,0.0,0.00157844658798
6120380060,0.41314617053,0.61706187611,0.620299604554,0.285326404446,0.666770750174,0.502140238759,0.00157844658798,0.0
