,6120373890,6120377480,6120378790,6120379220,6120379480,6120379840,6120380050,6120380060
6120373890,1.0,-0.843944316244,0.594964696839,0.936510432125,-0.483076034221,-0.75840432268,0.667601475626,0.622464269321
6120377480,-0.843944316244,1.0,-0.376365403771,-0.609384787752,0.241205302826,0.973742577352,-0.468920509516,-0.291774794413
6120378790,0.594964696839,-0.376365403771,1.0,0.637213598362,0.116468671726,-0.310865964461,0.273188114533,0.283429380898
6120379220,0.936510432125,-0.609384787752,0.637213598362,1.0,-0.514163188949,-0.488194750446,0.697773630132,0.759585242424
6120379480,-0.483076034221,0.241205302826,0.116468671726,-0.514163188949,1.0,0.134265041916,-0.0874542372837,-0.106926259608
6120379840,-0.75840432268,0.973742577352,-0.310865964461,-0.488194750446,0.134265041916,1.0,0.259299493749,0.505487386468
6120380050,0.667601475626,-0.468920509516,0.273188114533,0.697773630132,-0.0874542372837,0.259299493749,1.0,0.998829197406
6120380060,0.622464269321,-0.291774794413,0.283429380898,0.759585242424,-0.106926259608,0.505487386468,0.998829197406,1.0
