,6120552520,6120552780,6120554070,6120554160,6121181400,6121182160
6120552520,0.0,16.2473088303,56.6683687471,40.1524749386,33.5261432172,69.5566695566
6120552780,16.2473088303,0.0,40.5441105029,24.165534214,17.4224278431,53.3199942619
6120554070,56.6683687471,40.5441105029,0.0,16.5979229044,23.1451145282,15.4476611564
6120554160,40.1524749386,24.165534214,16.5979229044,0.0,6.81104118237,30.7475127457
6121181400,33.5261432172,17.4224278431,23.1451145282,6.81104118237,0.0,36.550946036
6121182160,69.5566695566,53.3199942619,15.4476611564,30.7475127457,36.550946036,0.0
