,6120552520,6120552780,6120554070,6120554160,6121181400,6121182160
6120552520,0.0,0.0258156798947,0.554404341433,0.122705876939,0.0397488230058,0.642875534046
6120552780,0.0258156798947,0.0,0.0230054017112,0.0181528001713,0.00605410732968,0.0872879179629
6120554070,0.554404341433,0.0230054017112,0.0,0.0541896430838,0.0849946051357,0.0287035059492
6120554160,0.122705876939,0.0181528001713,0.0541896430838,0.0,0.00578600638331,0.0301407915483
6121181400,0.0397488230058,0.00605410732968,0.0849946051357,0.00578600638331,0.0,0.0513647595816
6121182160,0.642875534046,0.0872879179629,0.0287035059492,0.0301407915483,0.0513647595816,0.0
