,6120552520,6120552780,6120554070,6120554160,6120556030,6121181400,6121182160,6121182710
6120552520,0.0,14906.10009766,16159.77978516,16648.22021484,22265.6754989624,16807.62988281,16704.47021484,22268.888999939
6120552780,14906.10009766,0.0,1253.6796875,1742.1201171800003,7359.5754013024,1901.52978515,1798.3701171800003,7362.7889022790005
6120554070,16159.77978516,1253.6796875,0.0,488.4404296800003,6105.8957138024,647.85009765,544.6904296800003,6109.1092147790005
6120554160,16648.22021484,1742.1201171800003,488.4404296800003,0.0,5617.4552841223995,159.40966796999965,56.25,5620.668785099
6120556030,22265.6754989624,7359.5754013024,6105.8957138024,5617.4552841223995,0.0,5458.0456161524,5561.2052841223995,3.2135009766000024
6121181400,16807.62988281,1901.52978515,647.85009765,159.40966796999965,5458.0456161524,0.0,103.15966796999965,5461.2591171290005
6121182160,16704.47021484,1798.3701171800003,544.6904296800003,56.25,5561.2052841223995,103.15966796999965,0.0,5564.418785099
6121182710,22268.888999939,7362.7889022790005,6109.1092147790005,5620.668785099,3.2135009766000024,5461.2591171290005,5564.418785099,0.0
