,6120552520,6120552780,6120554070,6120554160,6121181400,6121182160
6120552520,1.0,0.98067588455,-0.421935732699,0.904474418482,0.970086414797,0.216473367846
6120552780,0.98067588455,1.0,0.982797925055,0.986451377018,0.995501917292,0.93305160713
6120554070,-0.421935732699,0.982797925055,1.0,0.958987707144,0.934871868238,0.978490493393
6120554160,0.904474418482,0.986451377018,0.958987707144,1.0,0.995701541028,0.977400992004
6121181400,0.970086414797,0.995501917292,0.934871868238,0.995701541028,1.0,0.961168896462
6121182160,0.216473367846,0.93305160713,0.978490493393,0.977400992004,0.961168896462,1.0
