,6120330510,6120330520,6120337280,6121092730,6121093280,6121095430,6121096850
6120330510,0.0,23.9384765625,2070.8651123046875,422.5050048828125,1030.1837158203125,2013.5235595703125,1127.7100830078125
6120330520,23.9384765625,0.0,2094.8035888671875,446.4434814453125,1054.1221923828125,2037.4620361328125,1151.6485595703125
6120337280,2070.8651123046875,2094.8035888671875,0.0,1648.360107421875,1040.681396484375,57.341552734375,943.155029296875
6121092730,422.5050048828125,446.4434814453125,1648.360107421875,0.0,607.6787109375,1591.0185546875,705.205078125
6121093280,1030.1837158203125,1054.1221923828125,1040.681396484375,607.6787109375,0.0,983.33984375,97.5263671875
6121095430,2013.5235595703125,2037.4620361328125,57.341552734375,1591.0185546875,983.33984375,0.0,885.8134765625
6121096850,1127.7100830078125,1151.6485595703125,943.155029296875,705.205078125,97.5263671875,885.8134765625,0.0
