,6120330510,6120330520,6120337280,6121092730,6121093280,6121095430,6121096850
6120330510,0.0,0.0006751359125659737,0.639618081520777,0.15390105461985756,0.13938826273346466,0.40585376743580737,0.6357589826483746
6120330520,0.0006751359125659737,0.0,0.6357256947653993,0.1680442627774454,0.13253639261420117,0.4066314273646105,0.640087207143097
6120337280,0.639618081520777,0.6357256947653993,0.0,0.65178411663312,0.6192122238592139,0.163840428347662,0.0011926293312491034
6121092730,0.15390105461985756,0.1680442627774454,0.65178411663312,0.0,0.02959693356304652,0.2196228170884225,0.6042559768230636
6121093280,0.13938826273346466,0.13253639261420117,0.6192122238592139,0.02959693356304652,0.0,0.24413075749191274,0.649589913009989
6121095430,0.40585376743580737,0.4066314273646105,0.163840428347662,0.2196228170884225,0.24413075749191274,0.0,0.2323782844380273
6121096850,0.6357589826483746,0.640087207143097,0.0011926293312491034,0.6042559768230636,0.649589913009989,0.2323782844380273,0.0
