,6120358330,6120361950,6120366630,6120366830,6120367210,6121104190,6121104410
6120358330,0.0,9.33789335614,26.4535457449,28.4210776443,34.4814952671,10.8953845291,20.3463187339
6120361950,9.33789335614,0.0,17.4300958183,19.3874449985,25.3221424869,1.56672682784,11.0801667167
6120366630,26.4535457449,17.4300958183,0.0,1.9675504158,8.13042847381,16.0260802277,9.26489916308
6120366830,28.4210776443,19.3874449985,1.9675504158,0.0,6.20756007036,17.9741870064,10.8378540012
6120367210,34.4814952671,25.3221424869,8.13042847381,6.20756007036,0.0,23.8543902886,15.701727775
6121104190,10.8953845291,1.56672682784,16.0260802277,17.9741870064,23.8543902886,0.0,9.51580684222
6121104410,20.3463187339,11.0801667167,9.26489916308,10.8378540012,15.701727775,9.51580684222,0.0
