,6120358330,6120361950,6120366630,6120366830,6120367210,6121104190,6121104410
6120358330,0.0,0.0151566674227,0.244926324217,0.220045498792,0.58953141125,0.0283848695431,0.0059971229161
6120361950,0.0151566674227,0.0,0.35850273437,0.346183082903,0.66158997786,0.00180231282825,0.0232223012062
6120366630,0.244926324217,0.35850273437,0.0,0.0117816256367,0.3675980675,0.408677938015,0.130835565554
6120366830,0.220045498792,0.346183082903,0.0117816256367,0.0,0.205231944942,0.392084257016,0.145880083726
6120367210,0.58953141125,0.66158997786,0.3675980675,0.205231944942,0.0,0.671380848858,0.578775743639
6121104190,0.0283848695431,0.00180231282825,0.408677938015,0.392084257016,0.671380848858,0.0,0.0128186219867
6121104410,0.0059971229161,0.0232223012062,0.130835565554,0.145880083726,0.578775743639,0.0128186219867,0.0
