,6120338090,6120358070,6120363170,6120371050,6120377640,6120378240,6120381710,6120383960,6121100990,6121101160,6121101940,6121102360,6121104540,6121105060,6121105160,6121105370,6121105560,6121106200,6121108110,6121111000
6120338090,0.0,0.587249771396,0.636316366702,0.444655486397,0.672887939425,0.667174028826,0.509149288235,0.495330597603,0.471871889674,0.101241524758,0.0678855524763,0.657380479491,0.616067980314,0.605731715633,0.549441696308,0.669395068001,0.629943023974,0.670997497595,0.674133928584,0.629116541377
6120358070,0.587249771396,0.0,0.6744766672,0.62826777091,0.486999684693,0.569220092735,0.606300503369,0.604787186614,0.0314644136729,0.254680642858,0.546882552948,0.491602989872,0.618053748271,0.673039838707,0.668096879259,0.604148103441,0.605166143764,0.586425700193,0.471887607936,0.566051839209
6120363170,0.636316366702,0.6744766672,0.0,0.661611041964,0.647898266856,0.6628034296,0.514992607434,0.519566051883,0.644422370639,0.647044531547,0.621858540499,0.490646225197,0.433381556506,0.368479532813,0.610033112214,0.632160657737,0.639822894446,0.670744847319,0.633209064709,0.654433990563
6120371050,0.444655486397,0.62826777091,0.661611041964,0.0,0.674332607072,0.668988749468,0.533206467517,0.527601263454,0.639239500301,0.554698617944,0.499677995542,0.672723241202,0.584092222493,0.545806966751,0.356802718534,0.629495641258,0.446936405733,0.645401482454,0.663801852409,0.603459865537
6120377640,0.672887939425,0.486999684693,0.647898266856,0.674332607072,0.0,0.150362795334,0.647582267892,0.657375647901,0.603743723325,0.65178843686,0.655928655678,0.551828009107,0.673524612523,0.660096184053,0.654607865556,0.672531630546,0.565807285127,0.636700778122,0.0276606955868,0.274779792556
6120378240,0.667174028826,0.569220092735,0.6628034296,0.668988749468,0.150362795334,0.0,0.646942505682,0.665121097915,0.641627529254,0.649099524754,0.649015961976,0.642807868231,0.65962470415,0.673052300692,0.671374342599,0.661000402789,0.618611194756,0.674094213912,0.264908609722,0.0647462040984
6120381710,0.509149288235,0.606300503369,0.514992607434,0.533206467517,0.647582267892,0.646942505682,0.0,0.00778427941795,0.602137440575,0.568288745707,0.516580142673,0.576168753279,0.557698773664,0.672195552697,0.67110310473,0.62725967808,0.666253013879,0.641877488423,0.644034441267,0.586761124529
6120383960,0.495330597603,0.604787186614,0.519566051883,0.527601263454,0.657375647901,0.665121097915,0.00778427941795,0.0,0.598490620195,0.558828602027,0.50469468535,0.579076350504,0.554936257599,0.673387082173,0.669319462236,0.624975658466,0.667655071436,0.639282092779,0.651230583887,0.573788068556
6121100990,0.471871889674,0.0314644136729,0.644422370639,0.639239500301,0.603743723325,0.641627529254,0.602137440575,0.598490620195,0.0,0.139552469061,0.473120543028,0.358008485288,0.656114123997,0.674479673548,0.669521359249,0.625600033413,0.657110278592,0.623719395423,0.587459188046,0.639164461398
6121101160,0.101241524758,0.254680642858,0.647044531547,0.554698617944,0.65178843686,0.649099524754,0.568288745707,0.558828602027,0.139552469061,0.0,0.0942213147185,0.653760811928,0.659888967144,0.651796028785,0.627622036528,0.672623721988,0.637534113607,0.671467912295,0.654282459761,0.614237169402
6121101940,0.0678855524763,0.546882552948,0.621858540499,0.499677995542,0.655928655678,0.649015961976,0.516580142673,0.50469468535,0.473120543028,0.0942213147185,0.0,0.621039227803,0.622383288655,0.64482350946,0.616087201696,0.674048263296,0.633940582826,0.674467461121,0.659510744051,0.604209485126
6121102360,0.657380479491,0.491602989872,0.490646225197,0.672723241202,0.551828009107,0.642807868231,0.576168753279,0.579076350504,0.358008485288,0.653760811928,0.621039227803,0.0,0.651513465164,0.551885074357,0.639069435347,0.588235617974,0.674211939909,0.587992199432,0.50222710884,0.655157866374
6121104540,0.616067980314,0.618053748271,0.433381556506,0.584092222493,0.673524612523,0.65962470415,0.557698773664,0.554936257599,0.656114123997,0.659888967144,0.622383288655,0.651513465164,0.0,0.652061428682,0.671426098257,0.222547570827,0.67315170869,0.526922149254,0.674238348292,0.623343724877
6121105060,0.605731715633,0.673039838707,0.368479532813,0.545806966751,0.660096184053,0.673052300692,0.672195552697,0.673387082173,0.674479673548,0.651796028785,0.64482350946,0.551885074357,0.652061428682,0.0,0.282139179967,0.671768034758,0.492174955197,0.67313251685,0.639773676196,0.672415284704
6121105160,0.549441696308,0.668096879259,0.610033112214,0.356802718534,0.654607865556,0.671374342599,0.67110310473,0.669319462236,0.669521359249,0.627622036528,0.616087201696,0.639069435347,0.671426098257,0.282139179967,0.0,0.671891881914,0.349429146435,0.671184924332,0.629116619674,0.670984796534
6121105370,0.669395068001,0.604148103441,0.632160657737,0.629495641258,0.672531630546,0.661000402789,0.62725967808,0.624975658466,0.625600033413,0.672623721988,0.674048263296,0.588235617974,0.222547570827,0.671768034758,0.671891881914,0.0,0.66326441844,0.241405509847,0.664442889292,0.625629036884
6121105560,0.629943023974,0.605166143764,0.639822894446,0.446936405733,0.565807285127,0.618611194756,0.666253013879,0.667655071436,0.657110278592,0.637534113607,0.633940582826,0.674211939909,0.67315170869,0.492174955197,0.349429146435,0.66326441844,0.0,0.540344815488,0.58873337569,0.629301989917
6121106200,0.670997497595,0.586425700193,0.670744847319,0.645401482454,0.636700778122,0.674094213912,0.641877488423,0.639282092779,0.623719395423,0.671467912295,0.674467461121,0.587992199432,0.526922149254,0.67313251685,0.671184924332,0.241405509847,0.540344815488,0.0,0.610024204522,0.653316138843
6121108110,0.674133928584,0.471887607936,0.633209064709,0.663801852409,0.0276606955868,0.264908609722,0.644034441267,0.651230583887,0.587459188046,0.654282459761,0.659510744051,0.50222710884,0.674238348292,0.639773676196,0.629116619674,0.664442889292,0.58873337569,0.610024204522,0.0,0.377884039757
6121111000,0.629116541377,0.566051839209,0.654433990563,0.603459865537,0.274779792556,0.0647462040984,0.586761124529,0.573788068556,0.639164461398,0.614237169402,0.604209485126,0.655157866374,0.623343724877,0.672415284704,0.670984796534,0.625629036884,0.629301989917,0.653316138843,0.377884039757,0.0
