,6120357570,6120361490,6120361890,6120361990,6120363160,6120363380,6120365550,6120365950,6120366540,6120367080,6120367220,6120368650,6120368750,6120368760,6120368770,6120368910,6120370420,6120370770,6120372390,6120372560,6120373040,6120373190,6120373200,6120373310,6120373600,6120374770,6120374930,6120377630,6120379730,6120379860,6120381530,6120381700,6120381970,6120382110,6121102760,6121104650,6121106670,6121106980,6121107060,6121108060,6121109000,6121109790,6121111460,6121112300
6120357570,0.0,311.9003905999998,1457.3007811999996,19195.87701416,19651.7181015015,5011.1992188,15633.6015625,19223.697021484,19439.427001953,19283.252990723,3350.3007813000004,19548.055999756,19327.57699585,6230.7001953,19661.0266036987,19687.1376991272,19445.769012451,6563.9003906,19630.408996582,19445.769012451,17041.44995117,19445.769012451,13469.1015625,19681.3190994263,19630.125,18663.0,1543.9003905999998,19386.661010742,19717.5443000793,3967.0996094,19674.5718994141,19450.540008545,5775.5996094,19703.7225990295,19685.0374984741,5956.0996094,19621.555000305,19712.2653007507,19689.4311981201,19638.621002197,19661.0354995728,2506.4003906,5882.5996094,19599.647003174
6120361490,311.9003905999998,0.0,1145.4003905999998,18883.97662356,19339.8177109015,5323.0996094,15945.5019531,18911.796630884,19127.526611353,18971.352600123,3662.2011719,19236.155609156,19015.67660525,5918.7998047,19349.1262130987,19375.2373085272,19133.868621851,6875.8007812,19318.508605982,19133.868621851,16729.54956057,19133.868621851,13781.0019531,19369.4187088263,19318.2246094,18351.0996094,1232.0,19074.760620142,19405.6439094793,4279.0,19362.6715088141,19138.639617945,6087.5,19391.8222084295,19373.1371078741,5644.1992188,19309.654609705,19400.3649101507,19377.5308075201,19326.720611597,19349.1351089728,2194.5,6194.5,19287.746612574
6120361890,1457.3007811999996,1145.4003905999998,0.0,17738.57623296,18194.4173203015,6468.5,17090.9023437,17766.396240284,17982.126220753,17825.952209523,4807.6015625,18090.755218556,17870.27621465,4773.3994141,18203.7258224987,18229.8369179272,17988.468231251,8021.201171799999,18173.108215382,17988.468231251,15584.14916997,17988.468231251,14926.4023437,18224.0183182263,18172.8242188,17205.6992188,86.59960940000019,17929.360229542,18260.2435188793,5424.4003906,18217.2711182141,17993.239227345,7232.9003906,18246.4218178295,18227.7367172741,4498.798828200001,18164.254219105,18254.9645195507,18232.1304169201,18181.320220997,18203.7347183728,1049.0996094000002,7339.9003906,18142.346221974
6120361990,19195.87701416,18883.97662356,17738.57623296,0.0,455.84108734149993,24207.07623296,34829.47857666,27.820007323999903,243.54998779299996,87.37597656299994,22546.17779546,352.17898559599996,131.69998168999996,12965.17681886,465.14958953869996,491.26068496719995,249.89199829099994,25759.77740476,434.53198242199994,249.89199829099994,2154.42706299,249.89199829099994,32664.97857666,485.44208526629996,434.24798583999996,532.87701416,17651.97662356,190.78399658199993,521.6672859193,23162.97662356,478.6948852541,254.66299438499993,24971.47662356,507.84558486949993,489.16048431409996,13239.77740476,425.677986145,516.3882865907,493.5541839601,442.74398803699995,465.15848541279996,16689.47662356,25078.47662356,403.769989014
6120363160,19651.7181015015,19339.8177109015,18194.4173203015,455.84108734149993,0.0,24662.9173203015,35285.3196640015,428.0210800175,212.2910995485,368.46511077850005,23002.0188828015,103.6621017455,324.14110565149997,13421.0179062015,9.3085021972,35.4195976257,205.94908905050002,26215.6184921015,21.3091049195,205.94908905050002,2610.2681503315,205.94908905050002,33120.8196640015,29.600997924799998,21.5931015015,988.7181015015,18107.8177109015,265.05709075950006,65.8261985778,23618.8177109015,22.8537979126,201.17809295650002,25427.3177109015,52.004497528,33.319396972599996,13695.6184921015,30.16310119650001,60.5471992492,37.7130966186,13.097099304500006,9.317398071300005,17145.3177109015,25534.3177109015,52.07109832750001
6120363380,5011.1992188,5323.0996094,6468.5,24207.07623296,24662.9173203015,0.0,10622.4023437,24234.896240284,24450.626220753,24294.452209523,1660.8984375,24559.255218556,24338.77621465,11241.8994141,24672.2258224987,24698.3369179272,24456.968231251,1552.7011717999994,24641.608215382,24456.968231251,22052.649169970002,24456.968231251,8457.9023437,24692.5183182263,24641.3242188,23674.1992188,6555.0996094,24397.860229542,24728.7435188793,1044.0996094000002,24685.7711182141,24461.739227345,764.4003905999998,24714.9218178295,24696.2367172741,10967.2988282,24632.754219105,24723.4645195507,24700.6304169201,24649.820220997,24672.2347183728,7517.5996094,871.4003905999998,24610.846221974
6120365550,15633.6015625,15945.5019531,17090.9023437,34829.47857666,35285.3196640015,10622.4023437,0.0,34857.298583984,35073.028564453,34916.854553223,12283.3007812,35181.657562256,34961.17855835,21864.3017578,35294.6281661987,35320.7392616272,35079.370574951,9069.7011719,35264.010559082,35079.370574951,32675.05151367,35079.370574951,2164.5,35314.9206619263,35263.7265625,34296.6015625,17177.5019531,35020.262573242,35351.1458625793,11666.5019531,35308.1734619141,35084.141571045,9858.0019531,35337.3241615295,35318.6390609741,21589.7011719,35255.156562805,35345.8668632507,35323.0327606201,35272.222564697,35294.6370620728,18140.0019531,9751.0019531,35233.248565674
6120365950,19223.697021484,18911.796630884,17766.396240284,27.820007323999903,428.0210800175,24234.896240284,34857.298583984,0.0,215.72998046900005,59.555969239000035,22573.997802784,324.35897827200006,103.87997436600006,12992.996826184,437.32958221470005,463.44067764320005,222.07199096700003,25787.597412084,406.71197509800004,222.07199096700003,2182.2470703139998,222.07199096700003,32692.798583984,457.62207794230005,406.42797851600005,560.697021484,17679.796630884,162.96398925800003,493.84727859530005,23190.796630884,450.87487793010007,226.84298706100003,24999.296630884,480.0255775455,461.34047699010006,13267.597412084,397.8579788210001,488.5682792667001,465.7341766361001,414.92398071300005,437.33847808880006,16717.296630884,25106.296630884,375.9499816900001
6120366540,19439.427001953,19127.526611353,17982.126220753,243.54998779299996,212.2910995485,24450.626220753,35073.028564453,215.72998046900005,0.0,156.17401123000002,22789.727783253,108.628997803,111.850006103,13208.726806653,221.5996017457,247.7106971742,6.342010497999979,26003.327392553,190.98199462899998,6.342010497999979,2397.977050783,6.342010497999979,32908.528564453,241.8920974733,190.697998047,776.427001953,17895.526611353,52.76599121100003,278.1172981263,23406.526611353,235.14489746110002,11.113006591999977,25215.026611353,264.29559707650003,245.6104965211,13483.327392553,182.127998352,272.8382987977,250.0041961671,199.194000244,221.6084976198,16933.026611353,25322.026611353,160.220001221
6120367080,19283.252990723,18971.352600123,17825.952209523,87.37597656299994,368.46511077850005,24294.452209523,34916.854553223,59.555969239000035,156.17401123000002,0.0,22633.553772023,264.803009033,44.32400512700002,13052.552795423,377.7736129757,403.8847084042,162.516021728,25847.153381322998,347.156005859,162.516021728,2241.803039553,162.516021728,32752.354553223,398.0661087033,346.872009277,620.252990723,17739.352600123,103.40802001899999,434.2913093563,23250.352600123,391.31890869110003,167.287017822,25058.852600123,420.46960830650005,401.7845077511,13327.153381323,338.302009582,429.01231002770004,406.17820739710004,355.368011474,377.7825088498,16776.852600123,25165.852600123,316.394012451
6120367220,3350.3007813000004,3662.2011719,4807.6015625,22546.17779546,23002.0188828015,1660.8984375,12283.3007812,22573.997802784,22789.727783253,22633.553772023,0.0,22898.356781056,22677.87777715,9581.0009766,23011.3273849987,23037.4384804272,22796.069793751,3213.5996092999994,22980.709777882,22796.069793751,20391.750732470002,22796.069793751,10118.8007812,23031.6198807263,22980.4257813,22013.3007813,4894.2011719,22736.961792042,23067.8450813793,616.7988280999998,23024.8726807141,22800.840789845,2425.2988281,23054.0233803295,23035.3382797741,9306.4003907,22971.855781605,23062.5660820507,23039.7319794201,22988.921783497,23011.3362808728,5856.7011719,2532.2988281,22949.947784474
6120368650,19548.055999756,19236.155609156,18090.755218556,352.17898559599996,103.6621017455,24559.255218556,35181.657562256,324.35897827200006,108.628997803,264.803009033,22898.356781056,0.0,220.479003906,13317.355804456,112.9706039427,139.0816993712,102.28698730500003,26111.956390356,82.352996826,102.28698730500003,2506.606048586,102.28698730500003,33017.157562256,133.2630996703,82.069000244,885.055999756,18004.155609156,161.39498901400003,169.4883003233,23515.155609156,126.5158996581,97.51599121100003,25323.655609156,155.6665992735,136.9814987181,13591.956390356,73.49900054899999,164.2093009947,141.3751983641,90.56500244099999,112.9794998168,17041.655609156,25430.655609156,51.591003417999985
6120368750,19327.57699585,19015.67660525,17870.27621465,131.69998168999996,324.14110565149997,24338.77621465,34961.17855835,103.87997436600006,111.850006103,44.32400512700002,22677.87777715,220.479003906,0.0,13096.87680055,333.4496078487,359.5607032772,118.19201660099998,25891.47738645,302.832000732,118.19201660099998,2286.12704468,118.19201660099998,32796.67855835,353.7421035763,302.54800415,664.57699585,17783.67660525,59.08401489199997,389.9673042293,23294.67660525,346.9949035641,122.96301269499997,25103.17660525,376.1456031795,357.4605026241,13371.47738645,293.978004455,384.6883049007,361.8542022701,311.044006347,333.4585037228,16821.17660525,25210.17660525,272.070007324
6120368760,6230.7001953,5918.7998047,4773.3994141,12965.17681886,13421.0179062015,11241.8994141,21864.3017578,12992.996826184,13208.726806653,13052.552795423,9581.0009766,13317.355804456,13096.87680055,0.0,13430.3264083987,13456.437503827201,13215.068817151001,12794.6005859,13399.708801282,13215.068817151001,10810.74975587,13215.068817151001,19699.8017578,13450.6189041263,13399.4248047,12432.2998047,4686.7998047,13155.960815442,13486.8441047793,10197.7998047,13443.8717041141,13219.839813245,12006.2998047,13473.0224037295,13454.3373031741,274.6005858999997,13390.854805005,13481.5651054507,13458.731002820101,13407.920806897,13430.3353042728,3724.2998047,12113.2998047,13368.946807874
6120368770,19661.0266036987,19349.1262130987,18203.7258224987,465.14958953869996,9.3085021972,24672.2258224987,35294.6281661987,437.32958221470005,221.5996017457,377.7736129757,23011.3273849987,112.9706039427,333.4496078487,13430.3264083987,0.0,26.1110954285,215.25759124770002,26224.9269942987,30.6176071167,215.25759124770002,2619.5766525287,215.25759124770002,33130.1281661987,20.2924957276,30.9016036987,998.0266036987,18117.1262130987,274.3655929567,56.5176963806,23628.1262130987,13.545295715400002,210.48659515370002,25436.6262130987,42.6959953308,24.010894775399997,13704.9269942987,39.47160339370001,51.238697052,28.4045944214,22.405601501700005,0.008895874100005585,17154.6262130987,25543.6262130987,61.37960052470001
6120368910,19687.1376991272,19375.2373085272,18229.8369179272,491.26068496719995,35.4195976257,24698.3369179272,35320.7392616272,463.44067764320005,247.7106971742,403.8847084042,23037.4384804272,139.0816993712,359.5607032772,13456.437503827201,26.1110954285,0.0,241.3686866762,26251.0380897272,56.7287025452,241.3686866762,2645.6877479572,241.3686866762,33156.2392616272,5.818599700900002,57.0126991272,1024.1376991272,18143.2373085272,300.4766883852,30.4066009521,23654.2373085272,12.565799713099999,236.59769058220002,25462.7373085272,16.584899902300002,2.1002006531000035,13731.0380897272,65.5826988222,25.1276016235,2.2934989928999983,48.516696930200006,26.102199554399995,17180.7373085272,25569.7373085272,87.4906959532
6120370420,19445.769012451,19133.868621851,17988.468231251,249.89199829099994,205.94908905050002,24456.968231251,35079.370574951,222.07199096700003,6.342010497999979,162.516021728,22796.069793751,102.28698730500003,118.19201660099998,13215.068817151001,215.25759124770002,241.3686866762,0.0,26009.669403051,184.639984131,0.0,2404.319061281,0.0,32914.870574951,235.55008697530002,184.35598754900002,782.769012451,17901.868621851,59.10800170900001,271.7752876283,23412.868621851,228.80288696310004,4.770996093999997,25221.368621851,257.9535865785,239.26848602310002,13489.669403051,175.785987854,266.49628829970004,243.6621856691,192.85198974600002,215.26648712180003,16939.368621851,25328.368621851,153.877990723
6120370770,6563.9003906,6875.8007812,8021.201171799999,25759.77740476,26215.6184921015,1552.7011717999994,9069.7011719,25787.597412084,26003.327392553,25847.153381322998,3213.5996092999994,26111.956390356,25891.47738645,12794.6005859,26224.9269942987,26251.0380897272,26009.669403051,0.0,26194.309387182,26009.669403051,23605.35034177,26009.669403051,6905.2011719,26245.2194900263,26194.0253906,25226.9003906,8107.8007812,25950.561401341998,26281.4446906793,2596.8007811999996,26238.4722900141,26014.440399144998,788.3007811999996,26267.6229896295,26248.9378890741,12520.0,26185.455390905,26276.1656913507,26253.3315887201,26202.521392797,26224.9358901728,9070.3007812,681.3007811999996,26163.547393774
6120372390,19630.408996582,19318.508605982,18173.108215382,434.53198242199994,21.3091049195,24641.608215382,35264.010559082,406.71197509800004,190.98199462899998,347.156005859,22980.709777882,82.352996826,302.832000732,13399.708801282,30.6176071167,56.7287025452,184.639984131,26194.309387182,0.0,184.639984131,2588.959045412,184.639984131,33099.510559082,50.9101028443,0.28399658200000033,967.408996582,18086.508605982,243.74798584,87.1353034973,23597.508605982,44.1629028321,179.868988037,25406.008605982,73.3136024475,54.6285018921,13674.309387182,8.853996277000007,81.8563041687,59.0222015381,8.212005614999995,30.626502990800006,17124.008605982,25513.008605982,30.76199340800001
6120372560,19445.769012451,19133.868621851,17988.468231251,249.89199829099994,205.94908905050002,24456.968231251,35079.370574951,222.07199096700003,6.342010497999979,162.516021728,22796.069793751,102.28698730500003,118.19201660099998,13215.068817151001,215.25759124770002,241.3686866762,0.0,26009.669403051,184.639984131,0.0,2404.319061281,0.0,32914.870574951,235.55008697530002,184.35598754900002,782.769012451,17901.868621851,59.10800170900001,271.7752876283,23412.868621851,228.80288696310004,4.770996093999997,25221.368621851,257.9535865785,239.26848602310002,13489.669403051,175.785987854,266.49628829970004,243.6621856691,192.85198974600002,215.26648712180003,16939.368621851,25328.368621851,153.877990723
6120373040,17041.44995117,16729.54956057,15584.14916997,2154.42706299,2610.2681503315,22052.649169970002,32675.05151367,2182.2470703139998,2397.977050783,2241.803039553,20391.750732470002,2506.606048586,2286.12704468,10810.74975587,2619.5766525287,2645.6877479572,2404.319061281,23605.35034177,2588.959045412,2404.319061281,0.0,2404.319061281,30510.55151367,2639.8691482563,2588.67504883,1621.55004883,15497.54956057,2345.211059572,2676.0943489092997,21008.54956057,2633.1219482440997,2409.090057375,22817.04956057,2662.2726478595,2643.5875473041,11085.35034177,2580.1050491349997,2670.8153495807,2647.9812469501,2597.171051027,2619.5855484027998,14535.04956057,22924.04956057,2558.197052004
6120373190,19445.769012451,19133.868621851,17988.468231251,249.89199829099994,205.94908905050002,24456.968231251,35079.370574951,222.07199096700003,6.342010497999979,162.516021728,22796.069793751,102.28698730500003,118.19201660099998,13215.068817151001,215.25759124770002,241.3686866762,0.0,26009.669403051,184.639984131,0.0,2404.319061281,0.0,32914.870574951,235.55008697530002,184.35598754900002,782.769012451,17901.868621851,59.10800170900001,271.7752876283,23412.868621851,228.80288696310004,4.770996093999997,25221.368621851,257.9535865785,239.26848602310002,13489.669403051,175.785987854,266.49628829970004,243.6621856691,192.85198974600002,215.26648712180003,16939.368621851,25328.368621851,153.877990723
6120373200,13469.1015625,13781.0019531,14926.4023437,32664.97857666,33120.8196640015,8457.9023437,2164.5,32692.798583984,32908.528564453,32752.354553223,10118.8007812,33017.157562256,32796.67855835,19699.8017578,33130.1281661987,33156.2392616272,32914.870574951,6905.2011719,33099.510559082,32914.870574951,30510.55151367,32914.870574951,0.0,33150.4206619263,33099.2265625,32132.1015625,15013.0019531,32855.762573242,33186.6458625793,9502.0019531,33143.6734619141,32919.641571045,7693.5019531,33172.8241615295,33154.1390609741,19425.2011719,33090.656562805,33181.3668632507,33158.5327606201,33107.722564697,33130.1370620728,15975.5019531,7586.5019531,33068.748565674
6120373310,19681.3190994263,19369.4187088263,18224.0183182263,485.44208526629996,29.600997924799998,24692.5183182263,35314.9206619263,457.62207794230005,241.8920974733,398.0661087033,23031.6198807263,133.2630996703,353.7421035763,13450.6189041263,20.2924957276,5.818599700900002,235.55008697530002,26245.2194900263,50.9101028443,235.55008697530002,2639.8691482563,235.55008697530002,33150.4206619263,0.0,51.1940994263,1018.3190994263,18137.4187088263,294.6580886843,36.225200653,23648.4187088263,6.747200012199997,230.77909088130002,25456.9187088263,22.403499603200004,3.7183990477999984,13725.2194900263,59.764099121300006,30.9462013244,8.1120986938,42.698097229300004,20.283599853499993,17174.9187088263,25563.9187088263,81.67209625230001
6120373600,19630.125,19318.2246094,18172.8242188,434.24798583999996,21.5931015015,24641.3242188,35263.7265625,406.42797851600005,190.697998047,346.872009277,22980.4257813,82.069000244,302.54800415,13399.4248047,30.9016036987,57.0126991272,184.35598754900002,26194.0253906,0.28399658200000033,184.35598754900002,2588.67504883,184.35598754900002,33099.2265625,51.1940994263,0.0,967.125,18086.2246094,243.46398925800003,87.4193000793,23597.2246094,44.4468994141,179.58499145500002,25405.7246094,73.5975990295,54.9124984741,13674.0253906,8.569999695000007,82.14030075069999,59.3061981201,8.496002196999996,30.910499572800006,17123.7246094,25512.7246094,30.47799682600001
6120374770,18663.0,18351.0996094,17205.6992188,532.87701416,988.7181015015,23674.1992188,34296.6015625,560.697021484,776.427001953,620.252990723,22013.3007813,885.055999756,664.57699585,12432.2998047,998.0266036987,1024.1376991272,782.769012451,25226.9003906,967.408996582,782.769012451,1621.55004883,782.769012451,32132.1015625,1018.3190994263,967.125,0.0,17119.0996094,723.6610107419999,1054.5443000793,22630.0996094,1011.5718994141,787.540008545,24438.5996094,1040.7225990295,1022.0374984741,12706.9003906,958.555000305,1049.2653007507,1026.4311981201,975.621002197,998.0354995728001,16156.5996094,24545.5996094,936.647003174
6120374930,1543.9003905999998,1232.0,86.59960940000019,17651.97662356,18107.8177109015,6555.0996094,17177.5019531,17679.796630884,17895.526611353,17739.352600123,4894.2011719,18004.155609156,17783.67660525,4686.7998047,18117.1262130987,18143.2373085272,17901.868621851,8107.8007812,18086.508605982,17901.868621851,15497.54956057,17901.868621851,15013.0019531,18137.4187088263,18086.2246094,17119.0996094,0.0,17842.760620142,18173.6439094793,5511.0,18130.6715088141,17906.639617945,7319.5,18159.8222084295,18141.1371078741,4412.1992188,18077.654609705,18168.3649101507,18145.5308075201,18094.720611597,18117.1351089728,962.5,7426.5,18055.746612574
6120377630,19386.661010742,19074.760620142,17929.360229542,190.78399658199993,265.05709075950006,24397.860229542,35020.262573242,162.96398925800003,52.76599121100003,103.40802001899999,22736.961792042,161.39498901400003,59.08401489199997,13155.960815442,274.3655929567,300.4766883852,59.10800170900001,25950.561401341998,243.74798584,59.10800170900001,2345.211059572,59.10800170900001,32855.762573242,294.6580886843,243.46398925800003,723.6610107419999,17842.760620142,0.0,330.8832893373,23353.760620142,287.91088867210004,63.878997803000004,25162.260620142,317.06158828750006,298.37648773210003,13430.561401342,234.89398956300002,325.60429000870005,302.77018737810005,251.95999145500002,274.37448883080003,16880.260620142,25269.260620142,212.98599243200002
6120379730,19717.5443000793,19405.6439094793,18260.2435188793,521.6672859193,65.8261985778,24728.7435188793,35351.1458625793,493.84727859530005,278.1172981263,434.2913093563,23067.8450813793,169.4883003233,389.9673042293,13486.8441047793,56.5176963806,30.4066009521,271.7752876283,26281.4446906793,87.1353034973,271.7752876283,2676.0943489092997,271.7752876283,33186.6458625793,36.225200653,87.4193000793,1054.5443000793,18173.6439094793,330.8832893373,0.0,23684.6439094793,42.9724006652,267.0042915343,25493.1439094793,13.821701049799998,32.5068016052,13761.4446906793,95.98929977430001,5.278999328600001,28.1131019592,78.9232978823,56.508800506499995,17211.1439094793,25600.1439094793,117.89729690530001
6120379860,3967.0996094,4279.0,5424.4003906,23162.97662356,23618.8177109015,1044.0996094000002,11666.5019531,23190.796630884,23406.526611353,23250.352600123,616.7988280999998,23515.155609156,23294.67660525,10197.7998047,23628.1262130987,23654.2373085272,23412.868621851,2596.8007811999996,23597.508605982,23412.868621851,21008.54956057,23412.868621851,9502.0019531,23648.4187088263,23597.2246094,22630.0996094,5511.0,23353.760620142,23684.6439094793,0.0,23641.6715088141,23417.639617945,1808.5,23670.8222084295,23652.1371078741,9923.1992188,23588.654609705,23679.3649101507,23656.5308075201,23605.720611597,23628.1351089728,6473.5,1915.5,23566.746612574
6120381530,19674.5718994141,19362.6715088141,18217.2711182141,478.6948852541,22.8537979126,24685.7711182141,35308.1734619141,450.87487793010007,235.14489746110002,391.31890869110003,23024.8726807141,126.5158996581,346.9949035641,13443.8717041141,13.545295715400002,12.565799713099999,228.80288696310004,26238.4722900141,44.1629028321,228.80288696310004,2633.1219482440997,228.80288696310004,33143.6734619141,6.747200012199997,44.4468994141,1011.5718994141,18130.6715088141,287.91088867210004,42.9724006652,23641.6715088141,0.0,224.03189086910004,25450.1715088141,29.1506996154,10.465599059999995,13718.4722900141,53.01689910910001,37.6934013366,14.859298705999997,35.95089721710001,13.536399841299996,17168.1715088141,25557.1715088141,74.92489624010001
6120381700,19450.540008545,19138.639617945,17993.239227345,254.66299438499993,201.17809295650002,24461.739227345,35084.141571045,226.84298706100003,11.113006591999977,167.287017822,22800.840789845,97.51599121100003,122.96301269499997,13219.839813245,210.48659515370002,236.59769058220002,4.770996093999997,26014.440399144998,179.868988037,4.770996093999997,2409.090057375,4.770996093999997,32919.641571045,230.77909088130002,179.58499145500002,787.540008545,17906.639617945,63.878997803000004,267.0042915343,23417.639617945,224.03189086910004,0.0,25226.139617945,253.18259048450003,234.49748992910003,13494.440399145,171.01499176000002,261.72529220570004,238.89118957510001,188.08099365200002,210.49549102780003,16944.139617945,25333.139617945,149.106994629
6120381970,5775.5996094,6087.5,7232.9003906,24971.47662356,25427.3177109015,764.4003905999998,9858.0019531,24999.296630884,25215.026611353,25058.852600123,2425.2988281,25323.655609156,25103.17660525,12006.2998047,25436.6262130987,25462.7373085272,25221.368621851,788.3007811999996,25406.008605982,25221.368621851,22817.04956057,25221.368621851,7693.5019531,25456.9187088263,25405.7246094,24438.5996094,7319.5,25162.260620142,25493.1439094793,1808.5,25450.1715088141,25226.139617945,0.0,25479.3222084295,25460.6371078741,11731.6992188,25397.154609705,25487.8649101507,25465.0308075201,25414.220611597,25436.6351089728,8282.0,107.0,25375.246612574
6120382110,19703.7225990295,19391.8222084295,18246.4218178295,507.84558486949993,52.004497528,24714.9218178295,35337.3241615295,480.0255775455,264.29559707650003,420.46960830650005,23054.0233803295,155.6665992735,376.1456031795,13473.0224037295,42.6959953308,16.584899902300002,257.9535865785,26267.6229896295,73.3136024475,257.9535865785,2662.2726478595,257.9535865785,33172.8241615295,22.403499603200004,73.5975990295,1040.7225990295,18159.8222084295,317.06158828750006,13.821701049799998,23670.8222084295,29.1506996154,253.18259048450003,25479.3222084295,0.0,18.685100555400005,13747.622989629499,82.16759872450001,8.542701721199997,14.291400909400004,65.10159683250001,42.6870994567,17197.3222084295,25586.3222084295,104.07559585550001
6121102760,19685.0374984741,19373.1371078741,18227.7367172741,489.16048431409996,33.319396972599996,24696.2367172741,35318.6390609741,461.34047699010006,245.6104965211,401.7845077511,23035.3382797741,136.9814987181,357.4605026241,13454.3373031741,24.010894775399997,2.1002006531000035,239.26848602310002,26248.9378890741,54.6285018921,239.26848602310002,2643.5875473041,239.26848602310002,33154.1390609741,3.7183990477999984,54.9124984741,1022.0374984741,18141.1371078741,298.37648773210003,32.5068016052,23652.1371078741,10.465599059999995,234.49748992910003,25460.6371078741,18.685100555400005,0.0,13728.937889074099,63.482498169100005,27.227802276600002,4.393699646000002,46.4164962771,24.00199890129999,17178.6371078741,25567.6371078741,85.39049530010001
6121104650,5956.0996094,5644.1992188,4498.798828200001,13239.77740476,13695.6184921015,10967.2988282,21589.7011719,13267.597412084,13483.327392553,13327.153381323,9306.4003907,13591.956390356,13371.47738645,274.6005858999997,13704.9269942987,13731.0380897272,13489.669403051,12520.0,13674.309387182,13489.669403051,11085.35034177,13489.669403051,19425.2011719,13725.2194900263,13674.0253906,12706.9003906,4412.1992188,13430.561401342,13761.4446906793,9923.1992188,13718.4722900141,13494.440399145,11731.6992188,13747.622989629499,13728.937889074099,0.0,13665.455390905,13756.1656913507,13733.3315887201,13682.521392797,13704.9358901728,3449.6992188000004,11838.6992188,13643.547393773999
6121106670,19621.555000305,19309.654609705,18164.254219105,425.677986145,30.16310119650001,24632.754219105,35255.156562805,397.8579788210001,182.127998352,338.302009582,22971.855781605,73.49900054899999,293.978004455,13390.854805005,39.47160339370001,65.5826988222,175.785987854,26185.455390905,8.853996277000007,175.785987854,2580.1050491349997,175.785987854,33090.656562805,59.764099121300006,8.569999695000007,958.555000305,18077.654609705,234.89398956300002,95.98929977430001,23588.654609705,53.01689910910001,171.01499176000002,25397.154609705,82.16759872450001,63.482498169100005,13665.455390905,0.0,90.7103004457,67.8761978151,17.066001892000003,39.48049926780001,17115.154609705,25504.154609705,21.907997131000002
6121106980,19712.2653007507,19400.3649101507,18254.9645195507,516.3882865907,60.5471992492,24723.4645195507,35345.8668632507,488.5682792667001,272.8382987977,429.01231002770004,23062.5660820507,164.2093009947,384.6883049007,13481.5651054507,51.238697052,25.1276016235,266.49628829970004,26276.1656913507,81.8563041687,266.49628829970004,2670.8153495807,266.49628829970004,33181.3668632507,30.9462013244,82.14030075069999,1049.2653007507,18168.3649101507,325.60429000870005,5.278999328600001,23679.3649101507,37.6934013366,261.72529220570004,25487.8649101507,8.542701721199997,27.227802276600002,13756.1656913507,90.7103004457,0.0,22.8341026306,73.6442985537,51.22980117789999,17205.8649101507,25594.8649101507,112.6182975767
6121107060,19689.4311981201,19377.5308075201,18232.1304169201,493.5541839601,37.7130966186,24700.6304169201,35323.0327606201,465.7341766361001,250.0041961671,406.17820739710004,23039.7319794201,141.3751983641,361.8542022701,13458.731002820101,28.4045944214,2.2934989928999983,243.6621856691,26253.3315887201,59.0222015381,243.6621856691,2647.9812469501,243.6621856691,33158.5327606201,8.1120986938,59.3061981201,1026.4311981201,18145.5308075201,302.77018737810005,28.1131019592,23656.5308075201,14.859298705999997,238.89118957510001,25465.0308075201,14.291400909400004,4.393699646000002,13733.3315887201,67.8761978151,22.8341026306,0.0,50.810195923100004,28.395698547299993,17183.0308075201,25572.0308075201,89.7841949461
6121108060,19638.621002197,19326.720611597,18181.320220997,442.74398803699995,13.097099304500006,24649.820220997,35272.222564697,414.92398071300005,199.194000244,355.368011474,22988.921783497,90.56500244099999,311.044006347,13407.920806897,22.405601501700005,48.516696930200006,192.85198974600002,26202.521392797,8.212005614999995,192.85198974600002,2597.171051027,192.85198974600002,33107.722564697,42.698097229300004,8.496002196999996,975.621002197,18094.720611597,251.95999145500002,78.9232978823,23605.720611597,35.95089721710001,188.08099365200002,25414.220611597,65.10159683250001,46.4164962771,13682.521392797,17.066001892000003,73.6442985537,50.810195923100004,0.0,22.41449737580001,17132.220611597,25521.220611597,38.973999023000005
6121109000,19661.0354995728,19349.1351089728,18203.7347183728,465.15848541279996,9.317398071300005,24672.2347183728,35294.6370620728,437.33847808880006,221.6084976198,377.7825088498,23011.3362808728,112.9794998168,333.4585037228,13430.3353042728,0.008895874100005585,26.102199554399995,215.26648712180003,26224.9358901728,30.626502990800006,215.26648712180003,2619.5855484027998,215.26648712180003,33130.1370620728,20.283599853499993,30.910499572800006,998.0354995728001,18117.1351089728,274.37448883080003,56.508800506499995,23628.1351089728,13.536399841299996,210.49549102780003,25436.6351089728,42.6870994567,24.00199890129999,13704.9358901728,39.48049926780001,51.22980117789999,28.395698547299993,22.41449737580001,0.0,17154.6351089728,25543.6351089728,61.388496398800015
6121109790,2506.4003906,2194.5,1049.0996094000002,16689.47662356,17145.3177109015,7517.5996094,18140.0019531,16717.296630884,16933.026611353,16776.852600123,5856.7011719,17041.655609156,16821.17660525,3724.2998047,17154.6262130987,17180.7373085272,16939.368621851,9070.3007812,17124.008605982,16939.368621851,14535.04956057,16939.368621851,15975.5019531,17174.9187088263,17123.7246094,16156.5996094,962.5,16880.260620142,17211.1439094793,6473.5,17168.1715088141,16944.139617945,8282.0,17197.3222084295,17178.6371078741,3449.6992188000004,17115.154609705,17205.8649101507,17183.0308075201,17132.220611597,17154.6351089728,0.0,8389.0,17093.246612574
6121111460,5882.5996094,6194.5,7339.9003906,25078.47662356,25534.3177109015,871.4003905999998,9751.0019531,25106.296630884,25322.026611353,25165.852600123,2532.2988281,25430.655609156,25210.17660525,12113.2998047,25543.6262130987,25569.7373085272,25328.368621851,681.3007811999996,25513.008605982,25328.368621851,22924.04956057,25328.368621851,7586.5019531,25563.9187088263,25512.7246094,24545.5996094,7426.5,25269.260620142,25600.1439094793,1915.5,25557.1715088141,25333.139617945,107.0,25586.3222084295,25567.6371078741,11838.6992188,25504.154609705,25594.8649101507,25572.0308075201,25521.220611597,25543.6351089728,8389.0,0.0,25482.246612574
6121112300,19599.647003174,19287.746612574,18142.346221974,403.769989014,52.07109832750001,24610.846221974,35233.248565674,375.9499816900001,160.220001221,316.394012451,22949.947784474,51.591003417999985,272.070007324,13368.946807874,61.37960052470001,87.4906959532,153.877990723,26163.547393774,30.76199340800001,153.877990723,2558.197052004,153.877990723,33068.748565674,81.67209625230001,30.47799682600001,936.647003174,18055.746612574,212.98599243200002,117.89729690530001,23566.746612574,74.92489624010001,149.106994629,25375.246612574,104.07559585550001,85.39049530010001,13643.547393773999,21.907997131000002,112.6182975767,89.7841949461,38.973999023000005,61.388496398800015,17093.246612574,25482.246612574,0.0
