,6120357570,6120361490,6120361890,6120361990,6120363160,6120363380,6120365550,6120365950,6120366540,6120367080,6120367220,6120368650,6120368750,6120368760,6120368770,6120368910,6120370420,6120370770,6120372390,6120372560,6120373040,6120373190,6120373200,6120373310,6120373600,6120374770,6120374930,6120377630,6120379730,6120379860,6120381530,6120381700,6120381970,6120382110,6121102760,6121104650,6121106670,6121106980,6121107060,6121108060,6121109000,6121109790,6121111460,6121112300
6120357570,0.0,2.372222873414166,10.55885387850982,19.167066243671563,19.386628506790284,21.072536928946757,23.404222125096055,23.624660463535285,34.382149028950636,48.36535440274418,35.025694923600724,47.247229416581675,35.50875361415762,48.44130519640741,55.27411940675698,58.277916700098565,42.33276107123563,60.78366082300531,45.44616937829487,44.44046660220702,66.71908686913338,45.35523287185231,65.05240440452283,50.77117906063825,74.94217781138913,74.78819133825817,68.20897267491397,90.80359941959003,87.27582801900854,77.29235475503425,103.59517051492178,95.07030553173283,77.25267863011182,87.1904724169552,31.810136539164073,32.12565132060765,54.36111930547865,57.03142080183794,61.42477400096283,52.91918407182674,80.50111452820737,71.1680952961061,76.31819457886549,104.07365596685113
6120361490,2.372222873414166,0.0,8.431685493572841,17.90306335764877,18.429188180555816,18.758173364108206,21.272407637869247,22.555882122983842,33.495489380211765,46.22700616166857,32.6793713625733,46.66828831086596,33.16752863686055,46.1371857218815,53.37987236681461,56.2468719625957,40.060007197587126,58.4972463011332,43.59690620787377,42.18294055878337,64.47494664338646,43.10071281026913,62.73075168170384,48.473744129513534,72.65540139962017,72.43637753147928,65.83787443684555,88.44206370346711,84.93702992743198,75.03637197806685,101.22862707117544,92.69808636713405,75.24725895742439,85.02755356291934,30.383797754809414,29.878149543874407,53.89175302245602,57.17989458226465,61.1914804738455,51.461931361919234,78.18305765007378,68.83761995553502,74.21578904479013,101.72391579375426
6120361890,10.55885387850982,8.431685493572841,0.0,19.86938427364476,13.125061729316556,10.916940907482932,12.85154075051362,24.82880599431399,35.87316039507956,37.81300693787482,24.981861528727578,49.78066332155362,27.165751257668248,38.08046765012231,45.0487097873161,47.821765348678824,34.83117737951729,50.35229584132606,41.388111336583115,37.076833839223774,56.20206276110191,38.010389257878366,54.751577911218234,42.858905535358154,64.50522915818057,64.69572115513589,58.80853535639326,80.82057888741316,78.60440019518884,69.66856655934622,93.69757397994037,85.47970443197906,71.73232563267104,80.38891853361679,23.033129506449537,21.633672289937497,57.25581580414824,62.334881351452324,65.2169672670887,51.090978213599364,70.17231663867014,62.6752289027863,70.06785678650611,95.18534007417563
6120361990,19.167066243671563,17.90306335764877,19.86938427364476,0.0,32.99443977002917,22.179473588008943,27.405716522945198,4.962258382726372,16.054867811673454,48.764264423487354,31.356275331165282,29.912734024626264,26.05979917327561,44.983849390649375,58.8229442769474,59.82278887077191,29.84266569455622,57.109741506303386,27.67606515577607,31.429653450510525,63.91527437533984,32.21340296318275,60.00193544568872,38.32376404067791,70.69589800055203,67.98073385262519,58.70990469313249,82.93671544346137,75.0274749945082,63.05225233000308,95.04950880095683,85.42344561085481,60.06700952159134,71.40920933761925,41.432464345289304,32.150767615332846,37.400342387752524,43.46241540480126,45.509809988556505,33.81372979740272,75.059527843561,58.9512360422118,59.987605767755575,92.05999162183508
6120363160,19.386628506790284,18.429188180555816,13.125061729316556,32.99443977002917,0.0,17.48279940971958,14.518601528092738,37.9535345869944,48.98659400809053,35.14847758864616,28.619921806119827,62.90538220950386,34.772166003322795,38.77040322406752,38.9374076920454,43.18837613902218,43.10915188960296,49.8707101053665,52.638432787776196,45.412133223784274,54.570300172127936,46.32158641333375,55.0545469124955,50.118664713915436,63.553121965883584,65.79174634527594,62.42791986941521,82.05758871662161,83.49991974517681,76.58186482239968,95.08229782868575,87.99651765970575,81.19390647734643,88.28159310863232,13.404606874927858,22.950321341500302,70.3763922810282,75.08762394000219,78.28131765039514,63.33773116041066,69.90031008224011,68.25313102096042,78.78280354314967,99.382293534879
6120363380,21.072536928946757,18.758173364108206,10.916940907482932,22.179473588008943,17.48279940971958,0.0,5.459238115216564,26.533295290969782,36.453039607626565,28.246293253969654,14.067071251524151,50.51982701905584,17.520537159027963,27.381082802186008,37.09933089106724,38.88247747820201,25.74545806564246,39.76153848082028,35.67615838617465,28.04849898973108,45.852001666386045,28.96860998504421,43.98034348470447,33.154448202239486,53.916187480306995,53.80806347876439,47.99432827529651,69.91172762770391,68.10028119143361,59.902234795770376,82.7817302762154,74.59211203128723,63.72437179908485,71.19560738781064,20.479075740285154,11.38593193636194,58.0660716404555,65.51656902855152,66.72290965536858,47.25485015235812,59.42865667306738,52.33184489096623,61.42851953059141,84.54206143214446
6120365550,23.404222125096055,21.272407637869247,12.85154075051362,27.405716522945198,14.518601528092738,5.459238115216564,0.0,31.874397041283427,41.901403476452856,24.961870296877603,14.241500885596945,55.975121606383595,20.6249713270695,25.898412894656275,32.68173898697553,35.072546154972635,29.01774162560051,37.90396082911596,40.40336797908425,31.303835657624706,43.52069757003886,32.191012137583286,42.58585465074677,35.68472861590365,52.005704740411005,52.90470626282993,48.39007914417298,69.15658462845217,69.18442251893475,62.06712601494434,82.1367177485638,74.4773343954694,67.24124148722406,73.84528961110097,15.10784642976731,9.298353233652845,63.52269933184759,70.8307904198067,72.16443282273053,52.34721314110741,57.88947087800973,53.794454968613266,64.55650768207954,85.2719417035728
6120365950,23.624660463535285,22.555882122983842,24.82880599431399,4.962258382726372,37.9535345869944,26.533295290969782,31.874397041283427,0.0,11.109927067952215,52.197115165986496,34.4474584236641,24.958958544655168,27.89852027786555,47.70347433404637,62.662398264096176,63.31274987655242,30.36522094006917,59.55900590067911,25.373150882657743,31.664438625185394,66.47600684001074,32.36012308005802,62.07498365576645,38.54355885778295,72.84306557451022,69.49129601283109,59.54317514319373,84.01084621295477,74.74641462939788,62.09978500386875,95.84427016139601,85.94232669568026,57.68634198176987,69.69265750327295,46.16788838809801,35.91710601834556,32.45830218892676,38.98629129326292,40.64872721042681,29.879444108890223,76.86396246952258,58.84944966824947,58.083679640504805,91.7478244985014
6120366540,34.382149028950636,33.495489380211765,35.87316039507956,16.054867811673454,48.98659400809053,36.453039607626565,41.901403476452856,11.109927067952215,0.0,59.94751962744727,41.96201792099802,14.116830311907133,33.49613365075797,54.12143157274416,71.12083073250105,71.0392276960874,33.22501589129425,65.18509697710203,22.311220738801374,33.82136818554472,72.22687673868337,34.275804783990544,66.8714786358081,40.200802450293665,77.63236120235956,72.96598655873184,61.75228309015344,86.33634376336175,74.19533954351037,60.26880044621991,97.42894393532035,87.02039987796464,52.597252895816005,65.94184581434403,56.60986708955554,44.61088588101257,21.674097744064262,30.260870904698066,30.28031172930911,21.673090748519975,80.86622043017181,59.0225842817222,54.12768477237175,90.9050305433274
6120367080,48.36535440274418,46.22700616166857,37.81300693787482,48.764264423487354,35.14847758864616,28.246293253969654,24.961870296877603,52.197115165986496,59.94751962744727,0.0,17.986944317565257,72.98657778668542,27.43162985325237,9.79677976257073,12.247673416252466,11.128775654189658,32.42525400269195,15.5396401224952,48.99238609842567,33.80044984138996,19.437946952351925,34.22996161530833,21.210919978647865,33.27453071368018,28.519807372418814,32.22269858947278,33.183213796504695,48.10005744735319,54.790956823515224,53.15576711823538,61.02046064710923,55.24969547261122,64.97265203303866,66.3669733976054,24.32937322877416,16.95119307646654,80.14706730833696,90.18880428428473,89.31582822528799,62.54279740206505,35.0838469278464,42.525345358824886,60.339567831041805,68.64930597846994
6120367220,35.025694923600724,32.6793713625733,24.981861528727578,31.356275331165282,28.619921806119827,14.067071251524151,14.241500885596945,34.4474584236641,41.96201792099802,17.986944317565257,0.0,55.10137730985937,10.523099832309931,13.934337445543493,29.424988073700597,29.094651459742632,17.82044453054,26.362301933675482,32.884172100400924,19.85387132838837,32.881861130165404,20.597809954033252,30.16406761598206,22.654857455134085,40.4034510457989,39.76863334646697,34.24207498177386,55.846622348637936,54.94453747580588,48.281838889991285,68.71575432861668,60.62040052300846,55.21857681902403,60.46070204920552,24.74678552383522,6.416907937075118,62.33799518493909,72.20205894292586,71.4684463874095,46.179073070918555,45.61902418779273,39.64046708636942,51.878026479343966,71.06061712949783
6120368650,47.247229416581675,46.66828831086596,49.78066332155362,29.912734024626264,62.90538220950386,50.51982701905584,55.975121606383595,24.958958544655168,14.116830311907133,72.98657778668542,55.10137730985937,0.0,45.853835577374404,66.41594868983746,84.48188714372385,83.97489051316668,43.83842301717618,76.74658533191715,29.18635759291005,43.86201168339678,83.78438298462463,44.09142570208753,77.76317362771479,49.389644646066536,88.35270664686786,82.62512869489301,70.51624087885399,94.68184136737545,79.75555327601244,64.8119649498081,104.85711054173447,94.07978450071116,53.21653598883155,67.81706138452141,70.72454712918989,58.25799792711266,7.557657296076557,18.902753044301217,16.401369837625595,21.055165152642402,90.86538224532414,65.85999053491578,56.266031019329795,95.75515449191079
6120368750,35.50875361415762,33.16752863686055,27.165751257668248,26.05979917327561,34.772166003322795,17.520537159027963,20.6249713270695,27.89852027786555,33.49613365075797,27.43162985325237,10.523099832309931,45.853835577374404,0.0,20.650548177032565,39.38630386231243,38.233893344110236,8.392906028962752,31.868055742558237,22.36108778822604,10.680594509506887,38.871207073218386,11.574074432599772,34.17685047608481,15.728282878448722,44.949445480687004,41.92764532117165,33.28320816107032,57.07986409989353,51.76972796529034,42.545971228851855,69.43224558803543,60.233888980374445,46.61879237105267,53.67583220563436,33.94841741050947,16.089573244083823,52.866747581896234,63.64592870767046,62.07330484952524,35.68880820665131,49.04759752689379,35.68787400877289,44.01265621765532,68.57584416474829
6120368760,48.44130519640741,46.1371857218815,38.08046765012231,44.983849390649375,38.77040322406752,27.381082802186008,25.898412894656275,47.70347433404637,54.12143157274416,9.79677976257073,13.934337445543493,66.41594868983746,20.650548177032565,0.0,21.600851116100596,18.59323387701842,23.934637368791957,12.450914106749334,40.70053590789672,24.994502247644004,18.979887247956594,25.301936386252066,16.703331582804253,23.700087729400718,26.565221865528837,27.095348040047476,24.913186602291738,43.374660779632194,46.64599228642461,43.7358596958862,56.389055528284445,49.29172035988273,55.175875831397875,56.86626817468566,30.433690686064867,16.613284484181428,73.30617021038285,84.29611990886636,82.53271485847795,54.22207828966465,32.09294102464322,33.36278944197318,50.56901793166986,61.474912572931885
6120368770,55.27411940675698,53.37987236681461,45.0487097873161,58.8229442769474,38.9374076920454,37.09933089106724,32.68173898697553,62.662398264096176,71.12083073250105,12.247673416252466,29.424988073700597,84.48188714372385,39.38630386231243,21.600851116100596,0.0,6.448791404724924,44.6669473665914,21.936998405180226,61.189666492358654,46.0464720029253,21.89819512745226,46.46908567713375,27.38439007222414,45.29634066058712,30.68280477765415,37.522123953352974,42.01996216549284,51.83385933563952,62.78157199291742,63.302570468254025,64.12387024076966,60.25357747099032,76.38760602796664,76.59013882922342,25.906231711992078,26.745492681041554,91.75343008888589,101.22642294574254,100.8661068846911,74.72988633431555,37.64434872085643,52.34014306742724,71.46800352079032,74.96762463694044
6120368910,58.277916700098565,56.2468719625957,47.821765348678824,59.82278887077191,43.18837613902218,38.88247747820201,35.072546154972635,63.31274987655242,71.0392276960874,11.128775654189658,29.094651459742632,83.97489051316668,38.233893344110236,18.59323387701842,6.448791404724924,0.0,42.468920001120686,16.08903966644947,59.21350949237089,43.58503876263011,15.458743418799731,43.8943241879055,21.29003727071896,41.949493134799475,24.250850596120458,31.169726837004816,36.38728031203275,45.386334098181145,56.752461586541884,58.05390864103028,57.70629777915518,53.82379655791455,71.97969201347226,71.3218881442475,30.698952511099538,27.80497800321006,91.07632068257173,101.29040275992726,100.26686970711555,72.7574345130528,31.214600107840276,47.0015221842228,66.81978489949533,68.620944942244
6120370420,42.33276107123563,40.060007197587126,34.83117737951729,29.84266569455622,43.10915188960296,25.74545806564246,29.01774162560051,30.36522094006917,33.22501589129425,32.42525400269195,17.82044453054,43.83842301717618,8.392906028962752,23.934637368791957,44.6669473665914,42.468920001120686,0.0,33.03562681418567,16.76694752724887,2.3040170855176574,40.037831975694,3.2242422076800166,33.952229876502344,8.607210661938797,44.61661576356547,39.77824313651045,29.193990807325317,53.73088863160461,45.49870681724669,34.993925219847675,65.47906132439563,55.644713256925414,38.22662782553958,45.60167806652275,42.1088569069121,23.945047081551966,50.281229311333874,62.4029450117905,59.48838447812284,30.292076707341423,47.64264505809971,29.329604308545488,35.68729096265874,62.498129040287246
6120370770,60.78366082300531,58.4972463011332,50.35229584132606,57.109741506303386,49.8707101053665,39.76153848082028,37.90396082911596,59.55900590067911,65.18509697710203,15.5396401224952,26.362301933675482,76.74658533191715,31.868055742558237,12.450914106749334,21.936998405180226,16.08903966644947,33.03562681418567,0.0,49.3399872332888,33.41788244013861,7.050408014196366,33.43030819632369,5.758021452389489,29.781547661826604,14.158547512717732,16.711990319243334,20.318037105341332,32.58628348787378,40.8544610357062,42.17727905212591,45.54393077822811,39.785727640396225,57.0464689902737,55.400512028835514,39.801954981274555,28.740157403178827,83.30653964005349,95.07158461245152,92.5196741513724,62.4709566406686,20.07045438395124,31.087582687250652,51.582281967681716,53.632465633345554
6120372390,45.44616937829487,43.59690620787377,41.388111336583115,27.67606515577607,52.638432787776196,35.67615838617465,40.40336797908425,25.373150882657743,22.311220738801374,48.99238609842567,32.884172100400924,29.18635759291005,22.36108778822604,40.70053590789672,61.189666492358654,59.21350949237089,16.76694752724887,49.3399872332888,0.0,15.964167310751517,56.23361224091117,15.909697000979344,49.545410472815995,20.47076629116142,59.86522483199509,53.588722651483536,41.3352817800445,65.53296245441202,51.96362900412563,37.97315400280417,75.97956305333946,65.34363585084614,32.40942055334034,44.43988765896962,55.08341515413061,38.16321988489907,34.7748497283341,48.08909007207706,43.81296304298477,13.556529175760401,61.92602383632702,37.14138767118821,32.75239470978201,68.6075149822957
6120372560,44.44046660220702,42.18294055878337,37.076833839223774,31.429653450510525,45.412133223784274,28.04849898973108,31.303835657624706,31.664438625185394,33.82136818554472,33.80044984138996,19.85387132838837,43.86201168339678,10.680594509506887,24.994502247644004,46.0464720029253,43.58503876263011,2.3040170855176574,33.41788244013861,15.964167310751517,0.0,40.355230833034014,0.9336879526499087,33.94389148798729,6.904931788655754,44.49139685003551,39.175751234745945,28.11689782719791,52.71842640061637,43.689513076124044,32.853549077958775,64.26667458383962,54.27936986840592,35.949815738761515,43.33105611988382,44.28336004343118,26.06020887462767,50.10319761602778,62.56510710808418,59.27470927354483,29.33756403048258,47.20176321467513,27.554257459460484,33.38332756317215,60.71168808868516
6120373040,66.71908686913338,64.47494664338646,56.20206276110191,63.91527437533984,54.570300172127936,45.852001666386045,43.52069757003886,66.47600684001074,72.22687673868337,19.437946952351925,32.881861130165404,83.78438298462463,38.871207073218386,18.979887247956594,21.89819512745226,15.458743418799731,40.037831975694,7.050408014196366,56.23361224091117,40.355230833034014,0.0,40.333442301355134,8.153522257514878,36.415303717009195,9.231013164649593,15.952410597680583,23.839410866477305,30.01261045999087,42.34773790008585,45.99202527238844,42.54329548702535,38.368259600939766,62.03178741881545,58.96434890586771,43.50444538956262,34.596927065055766,90.31804702475594,102.12177174305623,99.526146265053,69.26266639542581,16.089407958836738,34.983474935520384,56.310364880683345,53.31094568710813
6120373190,45.35523287185231,43.10071281026913,38.010389257878366,32.21340296318275,46.32158641333375,28.96860998504421,32.191012137583286,32.36012308005802,34.275804783990544,34.22996161530833,20.597809954033252,44.09142570208753,11.574074432599772,25.301936386252066,46.46908567713375,43.8943241879055,3.2242422076800166,33.43030819632369,15.909697000979344,0.9336879526499087,40.333442301355134,0.0,33.797428406826874,6.184007159082583,44.28789297187954,38.78919346284789,27.560355825794947,52.16858096096071,42.86458259333183,31.93724063803361,63.64055853197474,53.60131849047268,35.07755476752628,42.39770367059034,45.091599878589044,26.840446547903923,50.248441600100314,62.83869725143366,59.40102084137838,29.17540383289866,46.87214384257968,26.746056070852937,32.46772397650974,59.891252223564194
6120373200,65.05240440452283,62.73075168170384,54.751577911218234,60.00193544568872,55.0545469124955,43.98034348470447,42.58585465074677,62.07498365576645,66.8714786358081,21.210919978647865,30.16406761598206,77.76317362771479,34.17685047608481,16.703331582804253,27.38439007222414,21.29003727071896,33.952229876502344,5.758021452389489,49.545410472815995,33.94389148798729,8.153522257514878,33.797428406826874,0.0,29.301101206076105,10.792607136079006,11.015478609922287,15.82510828093473,27.086915291652872,35.46256824160658,37.98006471585835,40.09437918743038,34.05312902362208,53.880037146265984,51.04800957384934,45.369266732697504,33.312339585155584,84.04120412093953,96.35287012154002,93.19844753915629,62.256791545302406,15.459232022362123,26.92645460306314,48.15969977900904,47.90156804593321
6120373310,50.77117906063825,48.473744129513534,42.858905535358154,38.32376404067791,50.118664713915436,33.154448202239486,35.68472861590365,38.54355885778295,40.200802450293665,33.27453071368018,22.654857455134085,49.389644646066536,15.728282878448722,23.700087729400718,45.29634066058712,41.949493134799475,8.607210661938797,29.781547661826604,20.47076629116142,6.904931788655754,36.415303717009195,6.184007159082583,29.301101206076105,0.0,39.44355766649584,33.23720926533819,21.551539161838985,46.14289646085665,36.8918139024484,26.819435581506117,57.494944157052494,47.420188452065055,32.76783756907046,38.16522019835508,47.381382854136206,29.071734258865767,55.22879917153825,68.24301382686515,64.28366339348686,32.956423494036585,41.498341235704814,20.725215889789446,29.2234656522617,53.89473110695606
6120373600,74.94217781138913,72.65540139962017,64.50522915818057,70.69589800055203,63.553121965883584,53.916187480306995,52.005704740411005,72.84306557451022,77.63236120235956,28.519807372418814,40.4034510457989,88.35270664686786,44.949445480687004,26.565221865528837,30.68280477765415,24.250850596120458,44.61661576356547,14.158547512717732,59.86522483199509,44.49139685003551,9.231013164649593,44.28789297187954,10.792607136079006,39.44355766649584,0.0,10.159676205989607,22.08246816564642,21.229415704531537,36.70223488115281,43.191870186536434,33.46600350653061,30.149410215376314,60.72028392713565,55.4797318441721,52.70057692604395,42.88316464018304,94.5134797635234,107.00925946780342,103.63373533784835,72.27438741940696,6.964276595767164,32.78506596121747,54.66461673991377,45.68598185680219
6120374770,74.78819133825817,72.43637753147928,64.69572115513589,67.98073385262519,65.79174634527594,53.80806347876439,52.90470626282993,69.49129601283109,72.96598655873184,32.22269858947278,39.76863334646697,82.62512869489301,41.92764532117165,27.095348040047476,37.522123953352974,31.169726837004816,39.77824313651045,16.711990319243334,53.588722651483536,39.175751234745945,15.952410597680583,38.78919346284789,11.015478609922287,33.23720926533819,10.159676205989607,0.0,13.140529230665193,16.279859260720983,26.82704381985298,33.18508997544005,29.29909901752934,23.08814138984857,51.07516316690248,45.334798571887674,56.368303550514575,43.60790662601779,88.3514794891832,101.47902776780732,97.32088811331145,65.2343514012497,8.536830183067698,23.093970870080774,44.93250949092603,37.45162530077362
6120374930,68.20897267491397,65.83787443684555,58.80853535639326,58.70990469313249,62.42791986941521,47.99432827529651,48.39007914417298,59.54317514319373,61.75228309015344,33.183213796504695,34.24207498177386,70.51624087885399,33.28320816107032,24.913186602291738,42.01996216549284,36.38728031203275,29.193990807325317,20.318037105341332,41.3352817800445,28.11689782719791,23.839410866477305,27.560355825794947,15.82510828093473,21.551539161838985,22.08246816564642,13.140529230665193,0.0,24.608420105889454,21.742040879033013,22.161553916155263,36.344448035937525,26.959241863058498,38.7452438404042,35.23507942252897,55.277109166378594,39.47993022729796,75.93872862424386,89.41776666156746,84.79324961874401,52.43701748848891,21.656758362759422,11.152948346379565,32.79648940926586,36.9580813727236
6120377630,90.80359941959003,88.44206370346711,80.82057888741316,82.93671544346137,82.05758871662161,69.91172762770391,69.15658462845217,84.01084621295477,86.33634376336175,48.10005744735319,55.846622348637936,94.68184136737545,57.07986409989353,43.374660779632194,51.83385933563952,45.386334098181145,53.73088863160461,32.58628348787378,65.53296245441202,52.71842640061637,30.01261045999087,52.16858096096071,27.086915291652872,46.14289646085665,21.229415704531537,16.279859260720983,24.608420105889454,0.0,23.304158310035227,36.17430166063187,13.024727091271215,9.839079573339435,55.09879976806794,45.14695866258763,72.38818357090672,59.86385883681106,99.75470221156942,113.5693071804379,108.39875541983078,75.72349377404123,14.370254867230253,29.722075305183356,48.852035575248316,25.951526372112614
6120379730,87.27582801900854,84.93702992743198,78.60440019518884,75.0274749945082,83.49991974517681,68.10028119143361,69.18442251893475,74.74641462939788,74.19533954351037,54.790956823515224,54.94453747580588,79.75555327601244,51.76972796529034,46.64599228642461,62.78157199291742,56.752461586541884,45.49870681724669,40.8544610357062,51.96362900412563,43.689513076124044,42.34773790008585,42.86458259333183,35.46256824160658,36.8918139024484,36.70223488115281,26.82704381985298,21.742040879033013,23.304158310035227,0.0,15.456164041250517,27.567093488895694,16.83765890040959,33.3233021469239,21.909678471006824,76.94817257677354,60.61208547750594,83.6444098677411,98.18071738109379,91.60141872108007,59.227359113736036,32.11398348755419,16.176946676923695,27.372014457290685,17.03252120885141
6120379860,77.29235475503425,75.03637197806685,69.66856655934622,63.05225233000308,76.58186482239968,59.902234795770376,62.06712601494434,62.09978500386875,60.26880044621991,53.15576711823538,48.281838889991285,64.8119649498081,42.545971228851855,43.7358596958862,63.302570468254025,58.05390864103028,34.993925219847675,42.17727905212591,37.97315400280417,32.853549077958775,45.99202527238844,31.93724063803361,37.98006471585835,26.819435581506117,43.191870186536434,33.18508997544005,22.161553916155263,36.17430166063187,15.456164041250517,0.0,42.68772738440347,31.730592689956698,18.93885809351056,13.287582347326074,72.30285077936617,54.531787550926815,68.40896808669245,83.03531683892245,76.23699657494505,44.05126222977566,40.72327049968871,11.094784066307632,12.678649234143565,30.957487043512817
6120381530,103.59517051492178,101.22862707117544,93.69757397994037,95.04950880095683,95.08229782868575,82.7817302762154,82.1367177485638,95.84427016139601,97.42894393532035,61.02046064710923,68.71575432861668,104.85711054173447,69.43224558803543,56.389055528284445,64.12387024076966,57.70629777915518,65.47906132439563,45.54393077822811,75.97956305333946,64.26667458383962,42.54329548702535,63.64055853197474,40.09437918743038,57.494944157052494,33.46600350653061,29.29909901752934,36.344448035937525,13.024727091271215,27.567093488895694,42.68772738440347,0.0,11.006125534747284,60.88819057662143,48.59063354386161,85.33514985087596,72.84977486244132,109.45098916093282,123.63348870733599,117.80274888425487,85.10739483558972,26.50442910023475,39.0065898681483,54.922239321554585,21.215563985832485
6120381700,95.07030553173283,92.69808636713405,85.47970443197906,85.42344561085481,87.99651765970575,74.59211203128723,74.4773343954694,85.94232669568026,87.02039987796464,55.24969547261122,60.62040052300846,94.07978450071116,60.233888980374445,49.29172035988273,60.25357747099032,53.82379655791455,55.644713256925414,39.785727640396225,65.34363585084614,54.27936986840592,38.368259600939766,53.60131849047268,34.05312902362208,47.420188452065055,30.149410215376314,23.08814138984857,26.959241863058498,9.839079573339435,16.83765890040959,31.730592689956698,11.006125534747284,0.0,50.108577445881934,38.406629898614256,79.23257693618422,65.29464548585874,98.55995132437029,112.80997896985134,106.86055164980044,74.18623938223291,23.60507557905951,28.235956480218338,44.0705057655011,16.11490024007364
6120381970,77.25267863011182,75.24725895742439,71.73232563267104,60.06700952159134,81.19390647734643,63.72437179908485,67.24124148722406,57.68634198176987,52.597252895816005,64.97265203303866,55.21857681902403,53.21653598883155,46.61879237105267,55.175875831397875,76.38760602796664,71.97969201347226,38.22662782553958,57.0464689902737,32.40942055334034,35.949815738761515,62.03178741881545,35.07755476752628,53.880037146265984,32.76783756907046,60.72028392713565,51.07516316690248,38.7452438404042,55.09879976806794,33.3233021469239,18.93885809351056,60.88819057662143,50.108577445881934,0.0,15.04055262896102,79.94824593509546,61.60689283473295,55.14384607896343,69.94910767423198,61.84790312533441,32.402366047628895,59.0467968486844,27.986360412717634,6.282472893119474,45.942772812087895
6120382110,87.1904724169552,85.02755356291934,80.38891853361679,71.40920933761925,88.28159310863232,71.19560738781064,73.84528961110097,69.69265750327295,65.94184581434403,66.3669733976054,60.46070204920552,67.81706138452141,53.67583220563436,56.86626817468566,76.59013882922342,71.3218881442475,45.60167806652275,55.400512028835514,44.43988765896962,43.33105611988382,58.96434890586771,42.39770367059034,51.04800957384934,38.16522019835508,55.4797318441721,45.334798571887674,35.23507942252897,45.14695866258763,21.909678471006824,13.287582347326074,48.59063354386161,38.406629898614256,15.04055262896102,0.0,84.85732391687718,66.81684736361814,70.06972674637068,84.88496897511914,76.88276581208312,46.81283244890294,52.22746255846795,24.324076769473454,11.816142010362006,31.60417504384502
6121102760,31.810136539164073,30.383797754809414,23.033129506449537,41.432464345289304,13.404606874927858,20.479075740285154,15.10784642976731,46.16788838809801,56.60986708955554,24.32937322877416,24.74678552383522,70.72454712918989,33.94841741050947,30.433690686064867,25.906231711992078,30.698952511099538,42.1088569069121,39.801954981274555,55.08341515413061,44.28336004343118,43.50444538956262,45.091599878589044,45.369266732697504,47.381382854136206,52.70057692604395,56.368303550514575,55.277109166378594,72.38818357090672,76.94817257677354,72.30285077936617,85.33514985087596,79.23257693618422,79.94824593509546,84.85732391687718,0.0,18.34297540477713,78.28217309125135,84.78867190169038,86.75928936348984,67.34065024641126,59.37073134522837,62.80123958977302,76.59975474632473,91.89458643946878
6121104650,32.12565132060765,29.878149543874407,21.633672289937497,32.150767615332846,22.950321341500302,11.38593193636194,9.298353233652845,35.91710601834556,44.61088588101257,16.95119307646654,6.416907937075118,58.25799792711266,16.089573244083823,16.613284484181428,26.745492681041554,27.80497800321006,23.945047081551966,28.740157403178827,38.16321988489907,26.06020887462767,34.596927065055766,26.840446547903923,33.312339585155584,29.071734258865767,42.88316464018304,43.60790662601779,39.47993022729796,59.86385883681106,60.61208547750594,54.531787550926815,72.84977486244132,65.29464548585874,61.60689283473295,66.81684736361814,18.34297540477713,0.0,65.66424676867926,74.56721513001082,74.65537935050679,51.15498706663631,48.6564727200391,45.6140015888401,58.29493413849991,76.43230034445875
6121106670,54.36111930547865,53.89175302245602,57.25581580414824,37.400342387752524,70.3763922810282,58.0660716404555,63.52269933184759,32.45830218892676,21.674097744064262,80.14706730833696,62.33799518493909,7.557657296076557,52.866747581896234,73.30617021038285,91.75343008888589,91.07632068257173,50.281229311333874,83.30653964005349,34.7748497283341,50.10319761602778,90.31804702475594,50.248441600100314,84.04120412093953,55.22879917153825,94.5134797635234,88.3514794891832,75.93872862424386,99.75470221156942,83.6444098677411,68.40896808669245,109.45098916093282,98.55995132437029,55.14384607896343,70.06972674637068,78.28217309125135,65.66424676867926,0.0,14.816423810501957,9.230367810378967,24.429861316735845,96.70082850999384,70.48944157687279,58.875533091258774,99.16711453156744
6121106980,57.03142080183794,57.17989458226465,62.334881351452324,43.46241540480126,75.08762394000219,65.51656902855152,70.8307904198067,38.98629129326292,30.260870904698066,90.18880428428473,72.20205894292586,18.902753044301217,63.64592870767046,84.29611990886636,101.22642294574254,101.29040275992726,62.4029450117905,95.07158461245152,48.08909007207706,62.56510710808418,102.12177174305623,62.83869725143366,96.35287012154002,68.24301382686515,107.00925946780342,101.47902776780732,89.41776666156746,113.5693071804379,98.18071738109379,83.03531683892245,123.63348870733599,112.80997896985134,69.94910767423198,84.88496897511914,84.78867190169038,74.56721513001082,14.816423810501957,0.0,10.41014686521681,38.984420024766855,109.6811792524145,84.62698142414067,73.67996893230425,113.86754750494283
6121107060,61.42477400096283,61.1914804738455,65.2169672670887,45.509809988556505,78.28131765039514,66.72290965536858,72.16443282273053,40.64872721042681,30.28031172930911,89.31582822528799,71.4684463874095,16.401369837625595,62.07330484952524,82.53271485847795,100.8661068846911,100.26686970711555,59.48838447812284,92.5196741513724,43.81296304298477,59.27470927354483,99.526146265053,59.40102084137838,93.19844753915629,64.28366339348686,103.63373533784835,97.32088811331145,84.79324961874401,108.39875541983078,91.60141872108007,76.23699657494505,117.80274888425487,106.86055164980044,61.84790312533441,76.88276581208312,86.75928936348984,74.65537935050679,9.230367810378967,10.41014686521681,0.0,32.72271621011468,105.70687792551482,78.95207618277166,66.068376500616,106.73450537147124
6121108060,52.91918407182674,51.461931361919234,51.090978213599364,33.81372979740272,63.33773116041066,47.25485015235812,52.34721314110741,29.879444108890223,21.673090748519975,62.54279740206505,46.179073070918555,21.055165152642402,35.68880820665131,54.22207828966465,74.72988633431555,72.7574345130528,30.292076707341423,62.4709566406686,13.556529175760401,29.33756403048258,69.26266639542581,29.17540383289866,62.256791545302406,32.956423494036585,72.27438741940696,65.2343514012497,52.43701748848891,75.72349377404123,59.227359113736036,44.05126222977566,85.10739483558972,74.18623938223291,32.402366047628895,46.81283244890294,67.34065024641126,51.15498706663631,24.429861316735845,38.984420024766855,32.72271621011468,0.0,73.72069931775536,46.22941250226574,35.2160104357799,74.91302646600501
6121109000,80.50111452820737,78.18305765007378,70.17231663867014,75.059527843561,69.90031008224011,59.42865667306738,57.88947087800973,76.86396246952258,80.86622043017181,35.0838469278464,45.61902418779273,90.86538224532414,49.04759752689379,32.09294102464322,37.64434872085643,31.214600107840276,47.64264505809971,20.07045438395124,61.92602383632702,47.20176321467513,16.089407958836738,46.87214384257968,15.459232022362123,41.498341235704814,6.964276595767164,8.536830183067698,21.656758362759422,14.370254867230253,32.11398348755419,40.72327049968871,26.50442910023475,23.60507557905951,59.0467968486844,52.22746255846795,59.37073134522837,48.6564727200391,96.70082850999384,109.6811792524145,105.70687792551482,73.72069931775536,0.0,31.185146057266866,52.83546000238337,39.43748837166798
6121109790,71.1680952961061,68.83761995553502,62.6752289027863,58.9512360422118,68.25313102096042,52.33184489096623,53.794454968613266,58.84944966824947,59.0225842817222,42.525345358824886,39.64046708636942,65.85999053491578,35.68787400877289,33.36278944197318,52.34014306742724,47.0015221842228,29.329604308545488,31.087582687250652,37.14138767118821,27.554257459460484,34.983474935520384,26.746056070852937,26.92645460306314,20.725215889789446,32.78506596121747,23.093970870080774,11.152948346379565,29.722075305183356,16.176946676923695,11.094784066307632,39.0065898681483,28.235956480218338,27.986360412717634,24.324076769473454,62.80123958977302,45.6140015888401,70.48944157687279,84.62698142414067,78.95207618277166,46.22941250226574,31.185146057266866,0.0,21.882771879695518,33.169557710466435
6121111460,76.31819457886549,74.21578904479013,70.06785678650611,59.987605767755575,78.78280354314967,61.42851953059141,64.55650768207954,58.083679640504805,54.12768477237175,60.339567831041805,51.878026479343966,56.266031019329795,44.01265621765532,50.56901793166986,71.46800352079032,66.81978489949533,35.68729096265874,51.582281967681716,32.75239470978201,33.38332756317215,56.310364880683345,32.46772397650974,48.15969977900904,29.2234656522617,54.66461673991377,44.93250949092603,32.79648940926586,48.852035575248316,27.372014457290685,12.678649234143565,54.922239321554585,44.0705057655011,6.282472893119474,11.816142010362006,76.59975474632473,58.29493413849991,58.875533091258774,73.67996893230425,66.068376500616,35.2160104357799,52.83546000238337,21.882771879695518,0.0,40.863755173476115
6121112300,104.07365596685113,101.72391579375426,95.18534007417563,92.05999162183508,99.382293534879,84.54206143214446,85.2719417035728,91.7478244985014,90.9050305433274,68.64930597846994,71.06061712949783,95.75515449191079,68.57584416474829,61.474912572931885,74.96762463694044,68.620944942244,62.498129040287246,53.632465633345554,68.6075149822957,60.71168808868516,53.31094568710813,59.891252223564194,47.90156804593321,53.89473110695606,45.68598185680219,37.45162530077362,36.9580813727236,25.951526372112614,17.03252120885141,30.957487043512817,21.215563985832485,16.11490024007364,45.942772812087895,31.60417504384502,91.89458643946878,76.43230034445875,99.16711453156744,113.86754750494283,106.73450537147124,74.91302646600501,39.43748837166798,33.169557710466435,40.863755173476115,0.0
