,6120317930,6120318230,6120318370,6120319510,6120319970,6120321030,6120321170,6120323580,6120327620,6120327630,6120327790,6120328290,6120332160,6121087170,6121089110,6121090140,6121090290,6121090300,6121090870,6121091680
6120317930,1.0,-0.0524635298136,0.200159861941,0.405308566709,0.245425958214,0.0588927649013,0.975818509987,0.237909477028,0.0785691683062,0.00941068369917,0.0748688158689,-0.0389908725096,-0.433742348186,0.582234977457,-0.442783444481,0.194720499995,-0.325582856459,0.153357949094,0.0118105816254,-0.0719909814075
6120318230,-0.0524635298136,1.0,0.19763400911,0.450280247279,0.383634496813,0.789210716627,-0.0635447318314,0.694094826296,-0.290327523863,-0.327831838284,-0.303304958792,-0.294146779864,-0.164510178054,0.247094978651,0.285436534891,-0.175608443007,-0.136693721656,-0.202943606797,-0.314510713413,-0.329985416814
6120318370,0.200159861941,0.19763400911,1.0,-0.0280236156144,0.00295622291762,0.268550061941,0.154676321914,0.59435228335,-0.399189104227,-0.446321980815,-0.408365404927,-0.350196790446,-0.233064413945,0.133867814603,-0.124163089511,-0.255235253938,-0.248431734604,-0.339493537251,-0.430952767125,-0.362986032617
6120319510,0.405308566709,0.450280247279,-0.0280236156144,1.0,0.669998505442,0.219578917115,0.461926101945,0.25693393526,0.204880305484,0.123084689598,0.194753990997,0.0442036005279,-0.377592066034,0.712955690423,-0.287768943044,0.377311416637,-0.175195400915,0.303385501509,0.120804609466,-0.0404979475135
6120319970,0.245425958214,0.383634496813,0.00295622291762,0.669998505442,1.0,0.378595834384,0.297761359542,0.438962083832,0.214482470015,0.0314003937395,0.185733221288,0.0146196719148,-0.348618261623,0.640790910335,0.163950231246,0.732426316569,0.0733509688875,0.431344618737,0.0306822876537,-0.171235466223
6120321030,0.0588927649013,0.789210716627,0.268550061941,0.219578917115,0.378595834384,1.0,0.0428173989206,0.899292504395,-0.238521396463,-0.317544874076,-0.246653955908,-0.231375554884,-0.173369796109,0.530629650977,0.137046392801,-0.0907358845803,-0.145902070015,-0.159859164909,-0.304263222764,-0.29363548237
6120321170,0.975818509987,-0.0635447318314,0.154676321914,0.461926101945,0.297761359542,0.0428173989206,1.0,0.290249288513,0.0899244108172,0.0554911171383,0.0865314824745,-0.0446374928217,-0.475283484622,0.654764082986,-0.450116816802,0.238413788612,-0.351165347439,0.199505619309,0.0563991955973,-0.0586634704022
6120323580,0.237909477028,0.694094826296,0.59435228335,0.25693393526,0.438962083832,0.899292504395,0.290249288513,1.0,-0.183634527912,-0.303035223556,-0.198009151996,-0.215300441675,-0.205663884137,0.723676956289,0.110846027874,-0.0717662586917,-0.110268376178,-0.142220729594,-0.292111962367,-0.325830634516
6120327620,0.0785691683062,-0.290327523863,-0.399189104227,0.204880305484,0.214482470015,-0.238521396463,0.0899244108172,-0.183634527912,1.0,0.455599132899,0.989189210932,0.791752134455,0.206500497525,0.225606494559,-0.289002270408,0.483680402287,0.356013767692,0.537943564683,0.433663014122,0.458937304857
6120327630,0.00941068369917,-0.327831838284,-0.446321980815,0.123084689598,0.0314003937395,-0.317544874076,0.0554911171383,-0.303035223556,0.455599132899,1.0,0.424685365484,0.175302656869,-0.237575619889,0.179973674418,-0.177842423349,0.483682915822,-0.122889171761,0.786404733653,0.998019358869,0.453764237451
6120327790,0.0748688158689,-0.303304958792,-0.408365404927,0.194753990997,0.185733221288,-0.246653955908,0.0865314824745,-0.198009151996,0.989189210932,0.424685365484,1.0,0.859737441917,0.286888500446,0.220305945218,-0.334400894548,0.45433163605,0.272577709047,0.505176121199,0.408512910013,0.566675223215
6120328290,-0.0389908725096,-0.294146779864,-0.350196790446,0.0442036005279,0.0146196719148,-0.231375554884,-0.0446374928217,-0.215300441675,0.791752134455,0.175302656869,0.859737441917,1.0,0.727230015437,0.0738212636973,-0.346622175955,0.203575948711,0.139115231405,0.195044967264,0.162508842634,0.806055105597
6120332160,-0.433742348186,-0.164510178054,-0.233064413945,-0.377592066034,-0.348618261623,-0.173369796109,-0.475283484622,-0.205663884137,0.206500497525,-0.237575619889,0.286888500446,0.727230015437,1.0,-0.315778850126,0.0513453274721,-0.32539304478,0.294483787711,-0.341297673531,-0.246139700599,0.295800797562
6121087170,0.582234977457,0.247094978651,0.133867814603,0.712955690423,0.640790910335,0.530629650977,0.654764082986,0.723676956289,0.225606494559,0.179973674418,0.220305945218,0.0738212636973,-0.315778850126,1.0,-0.209001092278,0.3156088078,-0.133451646764,0.289341485916,0.173859801789,0.0127351543151
6121089110,-0.442783444481,0.285436534891,-0.124163089511,-0.287768943044,0.163950231246,0.137046392801,-0.450116816802,0.110846027874,-0.289002270408,-0.177842423349,-0.334400894548,-0.346622175955,0.0513453274721,-0.209001092278,1.0,0.0677261237772,0.422229858826,0.0275304069018,-0.157243931593,-0.406344388521
6121090140,0.194720499995,-0.175608443007,-0.255235253938,0.377311416637,0.732426316569,-0.0907358845803,0.238413788612,-0.0717662586917,0.483680402287,0.483682915822,0.45433163605,0.203575948711,-0.32539304478,0.3156088078,0.0677261237772,1.0,0.158958331096,0.843033658199,0.490697082822,0.0608742938672
6121090290,-0.325582856459,-0.136693721656,-0.248431734604,-0.175195400915,0.0733509688875,-0.145902070015,-0.351165347439,-0.110268376178,0.356013767692,-0.122889171761,0.272577709047,0.139115231405,0.294483787711,-0.133451646764,0.422229858826,0.158958331096,1.0,0.129552380054,-0.0985404669213,-0.215945040352
6121090300,0.153357949094,-0.202943606797,-0.339493537251,0.303385501509,0.431344618737,-0.159859164909,0.199505619309,-0.142220729594,0.537943564683,0.786404733653,0.505176121199,0.195044967264,-0.341297673531,0.289341485916,0.0275304069018,0.843033658199,0.129552380054,1.0,0.808816040903,0.134835482198
6121090870,0.0118105816254,-0.314510713413,-0.430952767125,0.120804609466,0.0306822876537,-0.304263222764,0.0563991955973,-0.292111962367,0.433663014122,0.998019358869,0.408512910013,0.162508842634,-0.246139700599,0.173859801789,-0.157243931593,0.490697082822,-0.0985404669213,0.808816040903,1.0,0.421356410607
6121091680,-0.0719909814075,-0.329985416814,-0.362986032617,-0.0404979475135,-0.171235466223,-0.29363548237,-0.0586634704022,-0.325830634516,0.458937304857,0.453764237451,0.566675223215,0.806055105597,0.295800797562,0.0127351543151,-0.406344388521,0.0608742938672,-0.215945040352,0.134835482198,0.421356410607,1.0
