,6120413810,6120415500,6120418030,6120420890,6120421550,6120422410,6121126480
6120413810,0.0,2019.41009521,1494.47991943,388.940002445,48094.6915894,70737.0900269,311.130065915
6120415500,2019.41009521,0.0,524.93017578,1630.47009277,46075.2814941,68717.6799316,1708.2800293
6120418030,1494.47991943,524.93017578,0.0,1105.53991699,46600.2116699,69242.6101074,1183.34985352
6120420890,388.940002445,1630.47009277,1105.53991699,0.0,47705.7515869,70348.1500244,77.80993653
6120421550,48094.6915894,46075.2814941,46600.2116699,47705.7515869,0.0,22642.3984375,47783.5615234
6120422410,70737.0900269,68717.6799316,69242.6101074,70348.1500244,22642.3984375,0.0,70425.9599609
6121126480,311.130065915,1708.2800293,1183.34985352,77.80993653,47783.5615234,70425.9599609,0.0
