,6120413810,6120415500,6120418030,6120420890,6120421550,6120422410,6121126480
6120413810,0.0,19.2265040607,31.3239418918,47.8998816369,49.8550527409,60.1787692885,37.7679442589
6120415500,19.2265040607,0.0,12.3136239744,28.6968931896,62.1259069318,70.0279390842,18.6268421382
6120418030,31.3239418918,12.3136239744,0.0,16.7140703294,73.1077719364,80.0449362904,8.4652522943
6120420890,47.8998816369,28.6968931896,16.7140703294,0.0,86.2332953778,91.6022298078,11.0615473955
6120421550,49.8550527409,62.1259069318,73.1077719364,86.2332953778,0.0,13.0548220945,75.2912515983
6120422410,60.1787692885,70.0279390842,80.0449362904,91.6022298078,13.0548220945,0.0,80.9998529943
6121126480,37.7679442589,18.6268421382,8.4652522943,11.0615473955,75.2912515983,80.9998529943,0.0
