,6120542320,6120542580,6120542590,6120544730,6120546160,6120549170,6120549770,6120549930,6120549940,6120550030,6120550040,6120550140,6120550260,6120550650,6120550660,6120550850,6120551030,6120553760,6120555470,6120558960,6120559160,6120561950,6120562670,6120563960,6120564180,6120564190,6120564890,6120565280,6120566220,6120566390,6120567600,6120568540,6120571440,6120572200,6120576200,6120577240,6120579310,6120580890,6120581940,6120583620,6120583690,6120583700,6121177050,6121177220,6121177230,6121177530,6121177590,6121177870,6121178160,6121178680,6121178960,6121180450,6121180580,6121181110,6121181990,6121182490,6121183270,6121183720,6121184410,6121185180,6121186950,6121187120,6121187370,6121188080,6121191270,6121191690,6121195610,6121196510
6120542320,0.0,2768.04150391,5282.88684082,2205.99121094,3455.71337891,948.232910156,176.390625,4699.96704102,1856.98339844,1537.34863281,5451.90612793,3455.71337891,612.329589844,931.821777344,5467.42230225,1373.24316406,2032.38623047,3621.37133789,3333.00512695,3333.00512695,3442.3918457,3186.16772461,2281.59912109,5899.66308594,2856.36401367,3743.33618164,2769.21142578,3578.6472168,5995.00888062,4176.37280273,6040.13748169,4502.7199707,4502.7199707,5462.42382812,5344.21142578,5131.88891602,5380.97338867,4858.61706543,5595.86175537,5973.09832764,5629.14019775,6063.68963623,5524.70605469,5553.49621582,5322.79321289,5404.02368164,5235.4029541,5517.45819092,5422.28112793,5489.66473389,5456.20013428,1158.43554688,4625.55883789,5169.62023926,5265.07434082,5306.60339355,5053.19348145,5686.3460083,5906.02410889,6019.39779663,4168.62695312,3312.78930664,3483.01733398,4971.38134766,4863.1505127,5083.77050781,5983.22332764,5998.57745361
6120542580,2768.04150391,0.0,8050.92834473,4974.03271484,687.671875,3716.27441406,2591.65087891,7468.00854492,4625.02490234,4305.39013672,8219.94763184,687.671875,3380.37109375,1836.21972656,8235.46380615,1394.79833984,4800.42773438,6389.4128418,6101.04663086,6101.04663086,6210.43334961,5954.20922852,5049.640625,8667.70458984,5624.40551758,6511.37768555,5537.25292969,6346.6887207,8763.05038452,6944.41430664,8808.1789856,7270.76147461,7270.76147461,8230.46533203,8112.25292969,7899.93041992,8149.01489258,7626.65856934,8363.90325928,8741.13983154,8397.18170166,8831.73114014,8292.74755859,8321.53771973,8090.8347168,8172.06518555,8003.44445801,8285.49969482,8190.32263184,8257.70623779,8224.24163818,3926.47705078,7393.6003418,7937.66174316,8033.11584473,8074.64489746,7821.23498535,8454.38751221,8674.06561279,8787.43930054,6936.66845703,6080.83081055,6251.05883789,7739.42285156,7631.1920166,7851.81201172,8751.26483154,8766.61895752
6120542590,5282.88684082,8050.92834473,0.0,3076.89562988,8738.60021973,4334.65393066,5459.27746582,582.919799805,3425.90344238,3745.53820801,169.019287109,8738.60021973,4670.55725098,6214.70861816,184.535461426,6656.13000488,3250.50061035,1661.51550293,1949.88171387,1949.88171387,1840.49499512,2096.71911621,3001.28771973,616.776245117,2426.52282715,1539.55065918,2513.67541504,1704.23962402,712.122039795,1106.51403809,757.250640869,780.166870117,780.166870117,179.536987305,61.3245849609,150.997924805,98.0865478516,424.269775391,312.974914551,690.211486816,346.253356934,780.80279541,241.819213867,270.609375,39.9063720703,121.13684082,47.4838867188,234.571350098,139.394287109,206.777893066,173.313293457,4124.45129395,657.32800293,113.266601562,17.8125,23.7165527344,229.693359375,403.45916748,623.137268066,736.510955811,1114.2598877,1970.09753418,1799.86950684,311.505493164,419.736328125,199.116333008,700.336486816,715.690612793
6120544730,2205.99121094,4974.03271484,3076.89562988,0.0,5661.70458984,1257.75830078,2382.38183594,2493.97583008,349.0078125,668.642578125,3245.91491699,5661.70458984,1593.66162109,3137.81298828,3261.43109131,3579.234375,173.604980469,1415.38012695,1127.01391602,1127.01391602,1236.40063477,980.176513672,75.6079101562,3693.671875,650.372802734,1537.3449707,563.220214844,1372.65600586,3789.01766968,1970.3815918,3834.14627075,2296.72875977,2296.72875977,3256.43261719,3138.22021484,2925.89770508,3174.98217773,2652.62585449,3389.87054443,3767.1071167,3423.14898682,3857.69842529,3318.71484375,3347.50500488,3116.80200195,3198.0324707,3029.41174316,3311.46697998,3216.28991699,3283.67352295,3250.20892334,1047.55566406,2419.56762695,2963.62902832,3059.08312988,3100.61218262,2847.20227051,3480.35479736,3700.03289795,3813.40658569,1962.63574219,1106.7980957,1277.02612305,2765.39013672,2657.15930176,2877.77929688,3777.2321167,3792.58624268
6120546160,3455.71337891,687.671875,8738.60021973,5661.70458984,0.0,4403.94628906,3279.32275391,8155.68041992,5312.69677734,4993.06201172,8907.61950684,0.0,4068.04296875,2523.89160156,8923.13568115,2082.47021484,5488.09960938,7077.0847168,6788.71850586,6788.71850586,6898.10522461,6641.88110352,5737.3125,9355.37646484,6312.07739258,7199.04956055,6224.92480469,7034.3605957,9450.72225952,7632.08618164,9495.8508606,7958.43334961,7958.43334961,8918.13720703,8799.92480469,8587.60229492,8836.68676758,8314.33044434,9051.57513428,9428.81170654,9084.85357666,9519.40301514,8980.41943359,9009.20959473,8778.5065918,8859.73706055,8691.11633301,8973.17156982,8877.99450684,8945.37811279,8911.91351318,4614.14892578,8081.2722168,8625.33361816,8720.78771973,8762.31677246,8508.90686035,9142.05938721,9361.73748779,9475.11117554,7624.34033203,6768.50268555,6938.73071289,8427.09472656,8318.8638916,8539.48388672,9438.93670654,9454.29083252
6120549170,948.232910156,3716.27441406,4334.65393066,1257.75830078,4403.94628906,0.0,1124.62353516,3751.73413086,908.750488281,589.115722656,4503.67321777,4403.94628906,335.903320312,1880.0546875,4519.18939209,2321.47607422,1084.15332031,2673.13842773,2384.7722168,2384.7722168,2494.15893555,2237.93481445,1333.36621094,4951.43017578,1908.13110352,2795.10327148,1820.97851562,2630.41430664,5046.77597046,3228.13989258,5091.90457153,3554.48706055,3554.48706055,4514.19091797,4395.97851562,4183.65600586,4432.74047852,3910.38415527,4647.62884521,5024.86541748,4680.9072876,5115.45672607,4576.47314453,4605.26330566,4374.56030273,4455.79077148,4287.17004395,4569.22528076,4474.04821777,4541.43182373,4507.96722412,210.202636719,3677.32592773,4221.3873291,4316.84143066,4358.3704834,4104.96057129,4738.11309814,4957.79119873,5071.16488647,3220.39404297,2364.55639648,2534.78442383,4023.1484375,3914.91760254,4135.53759766,5034.99041748,5050.34454346
6120549770,176.390625,2591.65087891,5459.27746582,2382.38183594,3279.32275391,1124.62353516,0.0,4876.35766602,2033.37402344,1713.73925781,5628.29675293,3279.32275391,788.720214844,755.431152344,5643.81292725,1196.85253906,2208.77685547,3797.76196289,3509.39575195,3509.39575195,3618.7824707,3362.55834961,2457.98974609,6076.05371094,3032.75463867,3919.72680664,2945.60205078,3755.0378418,6171.39950562,4352.76342773,6216.52810669,4679.1105957,4679.1105957,5638.81445312,5520.60205078,5308.27954102,5557.36401367,5035.00769043,5772.25238037,6149.48895264,5805.53082275,6240.08026123,5701.09667969,5729.88684082,5499.18383789,5580.41430664,5411.7935791,5693.84881592,5598.67175293,5666.05535889,5632.59075928,1334.82617188,4801.94946289,5346.01086426,5441.46496582,5482.99401855,5229.58410645,5862.7366333,6082.41473389,6195.78842163,4345.01757812,3489.17993164,3659.40795898,5147.77197266,5039.5411377,5260.16113281,6159.61395264,6174.96807861
6120549930,4699.96704102,7468.00854492,582.919799805,2493.97583008,8155.68041992,3751.73413086,4876.35766602,0.0,2842.98364258,3162.6184082,751.939086914,8155.68041992,4087.63745117,5631.78881836,767.45526123,6073.21020508,2667.58081055,1078.59570312,1366.96191406,1366.96191406,1257.57519531,1513.79931641,2418.36791992,1199.69604492,1843.60302734,956.630859375,1930.75561523,1121.31982422,1295.0418396,523.594238281,1340.17044067,197.247070312,197.247070312,762.456787109,644.244384766,431.921875,681.006347656,158.650024414,895.894714355,1273.13128662,929.173156738,1363.72259521,824.739013672,853.529174805,622.826171875,704.056640625,535.435913086,817.491149902,722.314086914,789.697692871,756.233093262,3541.53149414,74.408203125,469.653198242,565.107299805,606.636352539,353.22644043,986.378967285,1206.05706787,1319.43075562,531.340087891,1387.17773438,1216.94970703,271.414306641,163.18347168,383.803466797,1283.25628662,1298.6104126
6120549940,1856.98339844,4625.02490234,3425.90344238,349.0078125,5312.69677734,908.750488281,2033.37402344,2842.98364258,0.0,319.634765625,3594.92272949,5312.69677734,1244.65380859,2788.80517578,3610.43890381,3230.2265625,175.402832031,1764.38793945,1476.02172852,1476.02172852,1585.40844727,1329.18432617,424.615722656,4042.6796875,999.380615234,1886.3527832,912.228027344,1721.66381836,4138.02548218,2319.3894043,4183.15408325,2645.73657227,2645.73657227,3605.44042969,3487.22802734,3274.90551758,3523.98999023,3001.63366699,3738.87835693,4116.1149292,3772.15679932,4206.70623779,3667.72265625,3696.51281738,3465.80981445,3547.0402832,3378.41955566,3660.47479248,3565.29772949,3632.68133545,3599.21673584,698.547851562,2768.57543945,3312.63684082,3408.09094238,3449.61999512,3196.21008301,3829.36260986,4049.04071045,4162.41439819,2311.64355469,1455.8059082,1626.03393555,3114.39794922,3006.16711426,3226.78710938,4126.2399292,4141.59405518
6120550030,1537.34863281,4305.39013672,3745.53820801,668.642578125,4993.06201172,589.115722656,1713.73925781,3162.6184082,319.634765625,0.0,3914.55749512,4993.06201172,925.019042969,2469.17041016,3930.07366943,2910.59179688,495.037597656,2084.02270508,1795.65649414,1795.65649414,1905.04321289,1648.8190918,744.250488281,4362.31445312,1319.01538086,2205.98754883,1231.86279297,2041.29858398,4457.6602478,2639.02416992,4502.78884888,2965.37133789,2965.37133789,3925.07519531,3806.86279297,3594.5402832,3843.62475586,3321.26843262,4058.51312256,4435.74969482,4091.79156494,4526.34100342,3987.35742188,4016.14758301,3785.44458008,3866.67504883,3698.05432129,3980.10955811,3884.93249512,3952.31610107,3918.85150146,378.913085938,3088.21020508,3632.27160645,3727.72570801,3769.25476074,3515.84484863,4148.99737549,4368.67547607,4482.04916382,2631.27832031,1775.44067383,1945.66870117,3434.03271484,3325.80187988,3546.421875,4445.87469482,4461.2288208
6120550040,5451.90612793,8219.94763184,169.019287109,3245.91491699,8907.61950684,4503.67321777,5628.29675293,751.939086914,3594.92272949,3914.55749512,0.0,8907.61950684,4839.57653809,6383.72790527,15.5161743164,6825.14929199,3419.51989746,1830.53479004,2118.90100098,2118.90100098,2009.51428223,2265.73840332,3170.30700684,447.756958008,2595.54211426,1708.56994629,2682.69470215,1873.25891113,543.102752686,1275.5333252,588.23135376,949.186157227,949.186157227,10.5177001953,107.694702148,320.017211914,70.9327392578,593.2890625,143.955627441,521.192199707,177.234069824,611.783508301,72.7999267578,101.590087891,129.112915039,47.8824462891,216.503173828,65.5520629883,29.625,37.758605957,4.29400634766,4293.47058105,826.347290039,282.285888672,186.831787109,145.302734375,398.712646484,234.439880371,454.117980957,567.491668701,1283.2791748,2139.11682129,1968.88879395,480.524780273,588.755615234,368.135620117,531.317199707,546.671325684
6120550140,3455.71337891,687.671875,8738.60021973,5661.70458984,0.0,4403.94628906,3279.32275391,8155.68041992,5312.69677734,4993.06201172,8907.61950684,0.0,4068.04296875,2523.89160156,8923.13568115,2082.47021484,5488.09960938,7077.0847168,6788.71850586,6788.71850586,6898.10522461,6641.88110352,5737.3125,9355.37646484,6312.07739258,7199.04956055,6224.92480469,7034.3605957,9450.72225952,7632.08618164,9495.8508606,7958.43334961,7958.43334961,8918.13720703,8799.92480469,8587.60229492,8836.68676758,8314.33044434,9051.57513428,9428.81170654,9084.85357666,9519.40301514,8980.41943359,9009.20959473,8778.5065918,8859.73706055,8691.11633301,8973.17156982,8877.99450684,8945.37811279,8911.91351318,4614.14892578,8081.2722168,8625.33361816,8720.78771973,8762.31677246,8508.90686035,9142.05938721,9361.73748779,9475.11117554,7624.34033203,6768.50268555,6938.73071289,8427.09472656,8318.8638916,8539.48388672,9438.93670654,9454.29083252
6120550260,612.329589844,3380.37109375,4670.55725098,1593.66162109,4068.04296875,335.903320312,788.720214844,4087.63745117,1244.65380859,925.019042969,4839.57653809,4068.04296875,0.0,1544.15136719,4855.0927124,1985.57275391,1420.05664062,3009.04174805,2720.67553711,2720.67553711,2830.06225586,2573.83813477,1669.26953125,5287.33349609,2244.03442383,3131.0065918,2156.88183594,2966.31762695,5382.67929077,3564.04321289,5427.80789185,3890.39038086,3890.39038086,4850.09423828,4731.88183594,4519.55932617,4768.64379883,4246.28747559,4983.53216553,5360.76873779,5016.81060791,5451.36004639,4912.37646484,4941.16662598,4710.46362305,4791.6940918,4623.07336426,4905.12860107,4809.95153809,4877.33514404,4843.87054443,546.105957031,4013.22924805,4557.29064941,4652.74475098,4694.27380371,4440.8638916,5074.01641846,5293.69451904,5407.06820679,3556.29736328,2700.4597168,2870.68774414,4359.05175781,4250.82092285,4471.44091797,5370.89373779,5386.24786377
6120550650,931.821777344,1836.21972656,6214.70861816,3137.81298828,2523.89160156,1880.0546875,755.431152344,5631.78881836,2788.80517578,2469.17041016,6383.72790527,2523.89160156,1544.15136719,0.0,6399.24407959,441.421386719,2964.20800781,4553.19311523,4264.8269043,4264.8269043,4374.21362305,4117.98950195,3213.42089844,6831.48486328,3788.18579102,4675.15795898,3701.03320312,4510.46899414,6926.83065796,5108.19458008,6971.95925903,5434.54174805,5434.54174805,6394.24560547,6276.03320312,6063.71069336,6312.79516602,5790.43884277,6527.68353271,6904.92010498,6560.9619751,6995.51141357,6456.52783203,6485.31799316,6254.61499023,6335.84545898,6167.22473145,6449.27996826,6354.10290527,6421.48651123,6388.02191162,2090.25732422,5557.38061523,6101.4420166,6196.89611816,6238.4251709,5985.01525879,6618.16778564,6837.84588623,6951.21957397,5100.44873047,4244.61108398,4414.83911133,5903.203125,5794.97229004,6015.59228516,6915.04510498,6930.39923096
6120550660,5467.42230225,8235.46380615,184.535461426,3261.43109131,8923.13568115,4519.18939209,5643.81292725,767.45526123,3610.43890381,3930.07366943,15.5161743164,8923.13568115,4855.0927124,6399.24407959,0.0,6840.66546631,3435.03607178,1846.05096436,2134.41717529,2134.41717529,2025.03045654,2281.25457764,3185.82318115,432.240783691,2611.05828857,1724.08612061,2698.21087646,1888.77508545,527.586578369,1291.04949951,572.715179443,964.702331543,964.702331543,4.99847412109,123.210876465,335.53338623,86.4489135742,608.805236816,128.439453125,505.676025391,161.717895508,596.267333984,57.2837524414,86.0739135742,144.629089355,63.3986206055,232.019348145,50.0358886719,45.1411743164,22.2424316406,11.2221679688,4308.98675537,841.863464355,297.802062988,202.347961426,160.818908691,414.228820801,218.923706055,438.601806641,551.975494385,1298.79534912,2154.63299561,1984.40496826,496.04095459,604.271789551,383.651794434,515.801025391,531.155151367
6120550850,1373.24316406,1394.79833984,6656.13000488,3579.234375,2082.47021484,2321.47607422,1196.85253906,6073.21020508,3230.2265625,2910.59179688,6825.14929199,2082.47021484,1985.57275391,441.421386719,6840.66546631,0.0,3405.62939453,4994.61450195,4706.24829102,4706.24829102,4815.63500977,4559.41088867,3654.84228516,7272.90625,4229.60717773,5116.5793457,4142.45458984,4951.89038086,7368.25204468,5549.6159668,7413.38064575,5875.96313477,5875.96313477,6835.66699219,6717.45458984,6505.13208008,6754.21655273,6231.86022949,6969.10491943,7346.3414917,7002.38336182,7436.93280029,6897.94921875,6926.73937988,6696.03637695,6777.2668457,6608.64611816,6890.70135498,6795.52429199,6862.90789795,6829.44329834,2531.67871094,5998.80200195,6542.86340332,6638.31750488,6679.84655762,6426.43664551,7059.58917236,7279.26727295,7392.64096069,5541.87011719,4686.0324707,4856.26049805,6344.62451172,6236.39367676,6457.01367188,7356.4664917,7371.82061768
6120551030,2032.38623047,4800.42773438,3250.50061035,173.604980469,5488.09960938,1084.15332031,2208.77685547,2667.58081055,175.402832031,495.037597656,3419.51989746,5488.09960938,1420.05664062,2964.20800781,3435.03607178,3405.62939453,0.0,1588.98510742,1300.61889648,1300.61889648,1410.00561523,1153.78149414,249.212890625,3867.27685547,823.977783203,1710.94995117,736.825195312,1546.26098633,3962.62265015,2143.98657227,4007.75125122,2470.33374023,2470.33374023,3430.03759766,3311.82519531,3099.50268555,3348.5871582,2826.23083496,3563.4755249,3940.71209717,3596.75396729,4031.30340576,3492.31982422,3521.10998535,3290.40698242,3371.63745117,3203.01672363,3485.07196045,3389.89489746,3457.27850342,3423.81390381,873.950683594,2593.17260742,3137.23400879,3232.68811035,3274.21716309,3020.80725098,3653.95977783,3873.63787842,3987.01156616,2136.24072266,1280.40307617,1450.63110352,2938.99511719,2830.76428223,3051.38427734,3950.83709717,3966.19122314
6120553760,3621.37133789,6389.4128418,1661.51550293,1415.38012695,7077.0847168,2673.13842773,3797.76196289,1078.59570312,1764.38793945,2084.02270508,1830.53479004,7077.0847168,3009.04174805,4553.19311523,1846.05096436,4994.61450195,1588.98510742,0.0,288.366210938,288.366210938,178.979492188,435.203613281,1339.7722168,2278.29174805,765.007324219,121.96484375,852.159912109,42.7241210938,2373.63754272,555.001464844,2418.7661438,881.348632812,881.348632812,1841.05249023,1722.84008789,1510.51757812,1759.60205078,1237.24572754,1974.49041748,2351.72698975,2007.76885986,2442.31829834,1903.3347168,1932.12487793,1701.421875,1782.65234375,1614.03161621,1896.08685303,1800.90979004,1868.293396,1834.82879639,2462.93579102,1004.1875,1548.24890137,1643.70300293,1685.23205566,1431.82214355,2064.97467041,2284.652771,2398.02645874,547.255615234,308.58203125,138.354003906,1350.01000977,1241.7791748,1462.39916992,2361.85198975,2377.20611572
6120555470,3333.00512695,6101.04663086,1949.88171387,1127.01391602,6788.71850586,2384.7722168,3509.39575195,1366.96191406,1476.02172852,1795.65649414,2118.90100098,6788.71850586,2720.67553711,4264.8269043,2134.41717529,4706.24829102,1300.61889648,288.366210938,0.0,0.0,109.38671875,146.837402344,1051.40600586,2566.65795898,476.641113281,410.331054688,563.793701172,245.642089844,2662.00375366,843.367675781,2707.13235474,1169.71484375,1169.71484375,2129.41870117,2011.20629883,1798.88378906,2047.96826172,1525.61193848,2262.85662842,2640.09320068,2296.1350708,2730.68450928,2191.70092773,2220.49108887,1989.78808594,2071.01855469,1902.39782715,2184.45306396,2089.27600098,2156.65960693,2123.19500732,2174.56958008,1292.55371094,1836.6151123,1932.06921387,1973.5982666,1720.18835449,2353.34088135,2573.01898193,2686.39266968,835.621826172,20.2158203125,150.012207031,1638.3762207,1530.14538574,1750.76538086,2650.21820068,2665.57232666
6120558960,3333.00512695,6101.04663086,1949.88171387,1127.01391602,6788.71850586,2384.7722168,3509.39575195,1366.96191406,1476.02172852,1795.65649414,2118.90100098,6788.71850586,2720.67553711,4264.8269043,2134.41717529,4706.24829102,1300.61889648,288.366210938,0.0,0.0,109.38671875,146.837402344,1051.40600586,2566.65795898,476.641113281,410.331054688,563.793701172,245.642089844,2662.00375366,843.367675781,2707.13235474,1169.71484375,1169.71484375,2129.41870117,2011.20629883,1798.88378906,2047.96826172,1525.61193848,2262.85662842,2640.09320068,2296.1350708,2730.68450928,2191.70092773,2220.49108887,1989.78808594,2071.01855469,1902.39782715,2184.45306396,2089.27600098,2156.65960693,2123.19500732,2174.56958008,1292.55371094,1836.6151123,1932.06921387,1973.5982666,1720.18835449,2353.34088135,2573.01898193,2686.39266968,835.621826172,20.2158203125,150.012207031,1638.3762207,1530.14538574,1750.76538086,2650.21820068,2665.57232666
6120559160,3442.3918457,6210.43334961,1840.49499512,1236.40063477,6898.10522461,2494.15893555,3618.7824707,1257.57519531,1585.40844727,1905.04321289,2009.51428223,6898.10522461,2830.06225586,4374.21362305,2025.03045654,4815.63500977,1410.00561523,178.979492188,109.38671875,109.38671875,0.0,256.224121094,1160.79272461,2457.27124023,586.027832031,300.944335938,673.180419922,136.255371094,2552.61703491,733.980957031,2597.74563599,1060.328125,1060.328125,2020.03198242,1901.81958008,1689.49707031,1938.58154297,1416.22521973,2153.46990967,2530.70648193,2186.74835205,2621.29779053,2082.31420898,2111.10437012,1880.40136719,1961.63183594,1793.0111084,2075.06634521,1979.88928223,2047.27288818,2013.80828857,2283.95629883,1183.16699219,1727.22839355,1822.68249512,1864.21154785,1610.80163574,2243.9541626,2463.63226318,2577.00595093,726.235107422,129.602539062,40.6254882812,1528.98950195,1420.75866699,1641.37866211,2540.83148193,2556.18560791
6120561950,3186.16772461,5954.20922852,2096.71911621,980.176513672,6641.88110352,2237.93481445,3362.55834961,1513.79931641,1329.18432617,1648.8190918,2265.73840332,6641.88110352,2573.83813477,4117.98950195,2281.25457764,4559.41088867,1153.78149414,435.203613281,146.837402344,146.837402344,256.224121094,0.0,904.568603516,2713.49536133,329.803710938,557.168457031,416.956298828,392.479492188,2808.84115601,990.205078125,2853.96975708,1316.55224609,1316.55224609,2276.25610352,2158.04370117,1945.72119141,2194.80566406,1672.44934082,2409.69403076,2786.93060303,2442.97247314,2877.52191162,2338.53833008,2367.32849121,2136.62548828,2217.85595703,2049.23522949,2331.29046631,2236.11340332,2303.49700928,2270.03240967,2027.73217773,1439.39111328,1983.45251465,2078.90661621,2120.43566895,1867.02575684,2500.17828369,2719.85638428,2833.23007202,982.459228516,126.621582031,296.849609375,1785.21362305,1676.98278809,1897.6027832,2797.05560303,2812.409729
6120562670,2281.59912109,5049.640625,3001.28771973,75.6079101562,5737.3125,1333.36621094,2457.98974609,2418.36791992,424.615722656,744.250488281,3170.30700684,5737.3125,1669.26953125,3213.42089844,3185.82318115,3654.84228516,249.212890625,1339.7722168,1051.40600586,1051.40600586,1160.79272461,904.568603516,0.0,3618.06396484,574.764892578,1461.73706055,487.612304688,1297.0480957,3713.40975952,1894.77368164,3758.5383606,2221.12084961,2221.12084961,3180.82470703,3062.61230469,2850.28979492,3099.37426758,2577.01794434,3314.26263428,3691.49920654,3347.54107666,3782.09051514,3243.10693359,3271.89709473,3041.1940918,3122.42456055,2953.80383301,3235.85906982,3140.68200684,3208.06561279,3174.60101318,1123.16357422,2343.9597168,2888.02111816,2983.47521973,3025.00427246,2771.59436035,3404.74688721,3624.42498779,3737.79867554,1887.02783203,1031.19018555,1201.41821289,2689.78222656,2581.5513916,2802.17138672,3701.62420654,3716.97833252
6120563960,5899.66308594,8667.70458984,616.776245117,3693.671875,9355.37646484,4951.43017578,6076.05371094,1199.69604492,4042.6796875,4362.31445312,447.756958008,9355.37646484,5287.33349609,6831.48486328,432.240783691,7272.90625,3867.27685547,2278.29174805,2566.65795898,2566.65795898,2457.27124023,2713.49536133,3618.06396484,0.0,3043.29907227,2156.3269043,3130.45166016,2321.01586914,95.3457946777,1723.2902832,140.474395752,1396.94311523,1396.94311523,437.239257812,555.451660156,767.774169922,518.689697266,1041.04602051,303.801330566,73.4352416992,270.522888184,164.026550293,374.95703125,346.166870117,576.869873047,495.639404297,664.260131836,382.20489502,477.381958008,409.998352051,443.46295166,4741.22753906,1274.10424805,730.04284668,634.588745117,593.059692383,846.469604492,213.317077637,6.36102294922,119.734710693,1731.03613281,2586.8737793,2416.64575195,928.281738281,1036.51257324,815.892578125,83.5602416992,98.9143676758
6120564180,2856.36401367,5624.40551758,2426.52282715,650.372802734,6312.07739258,1908.13110352,3032.75463867,1843.60302734,999.380615234,1319.01538086,2595.54211426,6312.07739258,2244.03442383,3788.18579102,2611.05828857,4229.60717773,823.977783203,765.007324219,476.641113281,476.641113281,586.027832031,329.803710938,574.764892578,3043.29907227,0.0,886.972167969,87.1525878906,722.283203125,3138.64486694,1320.00878906,3183.77346802,1646.35595703,1646.35595703,2606.05981445,2487.84741211,2275.52490234,2524.609375,2002.25305176,2739.4977417,3116.73431396,2772.77618408,3207.32562256,2668.34204102,2697.13220215,2466.42919922,2547.65966797,2379.03894043,2661.09417725,2565.91711426,2633.30072021,2599.83612061,1697.9284668,1769.19482422,2313.25622559,2408.71032715,2450.23937988,2196.82946777,2829.98199463,3049.66009521,3163.03378296,1312.26293945,456.425292969,626.653320312,2115.01733398,2006.78649902,2227.40649414,3126.85931396,3142.21343994
6120564190,3743.33618164,6511.37768555,1539.55065918,1537.3449707,7199.04956055,2795.10327148,3919.72680664,956.630859375,1886.3527832,2205.98754883,1708.56994629,7199.04956055,3131.0065918,4675.15795898,1724.08612061,5116.5793457,1710.94995117,121.96484375,410.331054688,410.331054688,300.944335938,557.168457031,1461.73706055,2156.3269043,886.972167969,0.0,974.124755859,164.688964844,2251.67269897,433.036621094,2296.80130005,759.383789062,759.383789062,1719.08764648,1600.87524414,1388.55273438,1637.63720703,1115.28088379,1852.52557373,2229.762146,1885.80401611,2320.35345459,1781.36987305,1810.16003418,1579.45703125,1660.6875,1492.06677246,1774.12200928,1678.94494629,1746.32855225,1712.86395264,2584.90063477,882.22265625,1426.28405762,1521.73815918,1563.26721191,1309.8572998,1943.00982666,2162.68792725,2276.06161499,425.290771484,430.546875,260.318847656,1228.04516602,1119.81433105,1340.43432617,2239.887146,2255.24127197
6120564890,2769.21142578,5537.25292969,2513.67541504,563.220214844,6224.92480469,1820.97851562,2945.60205078,1930.75561523,912.228027344,1231.86279297,2682.69470215,6224.92480469,2156.88183594,3701.03320312,2698.21087646,4142.45458984,736.825195312,852.159912109,563.793701172,563.793701172,673.180419922,416.956298828,487.612304688,3130.45166016,87.1525878906,974.124755859,0.0,809.435791016,3225.79745483,1407.16137695,3270.92605591,1733.50854492,1733.50854492,2693.21240234,2575.0,2362.67749023,2611.76196289,2089.40563965,2826.65032959,3203.88690186,2859.92877197,3294.47821045,2755.49462891,2784.28479004,2553.58178711,2634.81225586,2466.19152832,2748.24676514,2653.06970215,2720.45330811,2686.9887085,1610.77587891,1856.34741211,2400.40881348,2495.86291504,2537.39196777,2283.98205566,2917.13458252,3136.81268311,3250.18637085,1399.41552734,543.577880859,713.805908203,2202.16992188,2093.93908691,2314.55908203,3214.01190186,3229.36602783
6120565280,3578.6472168,6346.6887207,1704.23962402,1372.65600586,7034.3605957,2630.41430664,3755.0378418,1121.31982422,1721.66381836,2041.29858398,1873.25891113,7034.3605957,2966.31762695,4510.46899414,1888.77508545,4951.89038086,1546.26098633,42.7241210938,245.642089844,245.642089844,136.255371094,392.479492188,1297.0480957,2321.01586914,722.283203125,164.688964844,809.435791016,0.0,2416.36166382,597.725585938,2461.49026489,924.072753906,924.072753906,1883.77661133,1765.56420898,1553.24169922,1802.32617188,1279.96984863,2017.21453857,2394.45111084,2050.49298096,2485.04241943,1946.05883789,1974.84899902,1744.14599609,1825.37646484,1656.7557373,1938.81097412,1843.63391113,1911.01751709,1877.55291748,2420.21166992,1046.91162109,1590.97302246,1686.42712402,1727.95617676,1474.54626465,2107.6987915,2327.37689209,2440.75057983,589.979736328,265.857910156,95.6298828125,1392.73413086,1284.5032959,1505.12329102,2404.57611084,2419.93023682
6120566220,5995.00888062,8763.05038452,712.122039795,3789.01766968,9450.72225952,5046.77597046,6171.39950562,1295.0418396,4138.02548218,4457.6602478,543.102752686,9450.72225952,5382.67929077,6926.83065796,527.586578369,7368.25204468,3962.62265015,2373.63754272,2662.00375366,2662.00375366,2552.61703491,2808.84115601,3713.40975952,95.3457946777,3138.64486694,2251.67269897,3225.79745483,2416.36166382,0.0,1818.63607788,45.1286010742,1492.28890991,1492.28890991,532.58505249,650.797454834,863.1199646,614.035491943,1136.39181519,399.147125244,21.9105529785,365.868682861,68.6807556152,470.302825928,441.512664795,672.215667725,590.985198975,759.605926514,477.550689697,572.727752686,505.344146729,538.808746338,4836.57333374,1369.45004272,825.388641357,729.934539795,688.405487061,941.81539917,308.662872314,88.9847717285,24.3889160156,1826.38192749,2682.21957397,2511.99154663,1023.62753296,1131.85836792,911.238372803,11.7855529785,3.56857299805
6120566390,4176.37280273,6944.41430664,1106.51403809,1970.3815918,7632.08618164,3228.13989258,4352.76342773,523.594238281,2319.3894043,2639.02416992,1275.5333252,7632.08618164,3564.04321289,5108.19458008,1291.04949951,5549.6159668,2143.98657227,555.001464844,843.367675781,843.367675781,733.980957031,990.205078125,1894.77368164,1723.2902832,1320.00878906,433.036621094,1407.16137695,597.725585938,1818.63607788,0.0,1863.76467896,326.347167969,326.347167969,1286.05102539,1167.83862305,955.516113281,1204.60058594,682.244262695,1419.48895264,1796.7255249,1452.76739502,1887.3168335,1348.33325195,1377.12341309,1146.42041016,1227.65087891,1059.03015137,1341.08538818,1245.9083252,1313.29193115,1279.82733154,3017.93725586,449.186035156,993.247436523,1088.70153809,1130.23059082,876.820678711,1509.97320557,1729.65130615,1843.0249939,7.74584960938,863.583496094,693.35546875,795.008544922,686.777709961,907.397705078,1806.8505249,1822.20465088
6120567600,6040.13748169,8808.1789856,757.250640869,3834.14627075,9495.8508606,5091.90457153,6216.52810669,1340.17044067,4183.15408325,4502.78884888,588.23135376,9495.8508606,5427.80789185,6971.95925903,572.715179443,7413.38064575,4007.75125122,2418.7661438,2707.13235474,2707.13235474,2597.74563599,2853.96975708,3758.5383606,140.474395752,3183.77346802,2296.80130005,3270.92605591,2461.49026489,45.1286010742,1863.76467896,0.0,1537.41751099,1537.41751099,577.713653564,695.926055908,908.248565674,659.164093018,1181.52041626,444.275726318,67.0391540527,410.997283936,23.552154541,515.431427002,486.641265869,717.344268799,636.113800049,804.734527588,522.679290771,617.85635376,550.472747803,583.937347412,4881.70193481,1414.5786438,870.517242432,775.063140869,733.534088135,986.944000244,353.791473389,134.113372803,20.7396850586,1871.51052856,2727.34817505,2557.12014771,1068.75613403,1176.98696899,956.366973877,56.9141540527,41.5600280762
6120568540,4502.7199707,7270.76147461,780.166870117,2296.72875977,7958.43334961,3554.48706055,4679.1105957,197.247070312,2645.73657227,2965.37133789,949.186157227,7958.43334961,3890.39038086,5434.54174805,964.702331543,5875.96313477,2470.33374023,881.348632812,1169.71484375,1169.71484375,1060.328125,1316.55224609,2221.12084961,1396.94311523,1646.35595703,759.383789062,1733.50854492,924.072753906,1492.28890991,326.347167969,1537.41751099,0.0,0.0,959.703857422,841.491455078,629.168945312,878.253417969,355.897094727,1093.14178467,1470.37835693,1126.42022705,1560.96966553,1021.98608398,1050.77624512,820.073242188,901.303710938,732.682983398,1014.73822021,919.561157227,986.944763184,953.480163574,3344.28442383,122.838867188,666.900268555,762.354370117,803.883422852,550.473510742,1183.6260376,1403.30413818,1516.67782593,334.093017578,1189.93066406,1019.70263672,468.661376953,360.430541992,581.050537109,1480.50335693,1495.85748291
6120571440,4502.7199707,7270.76147461,780.166870117,2296.72875977,7958.43334961,3554.48706055,4679.1105957,197.247070312,2645.73657227,2965.37133789,949.186157227,7958.43334961,3890.39038086,5434.54174805,964.702331543,5875.96313477,2470.33374023,881.348632812,1169.71484375,1169.71484375,1060.328125,1316.55224609,2221.12084961,1396.94311523,1646.35595703,759.383789062,1733.50854492,924.072753906,1492.28890991,326.347167969,1537.41751099,0.0,0.0,959.703857422,841.491455078,629.168945312,878.253417969,355.897094727,1093.14178467,1470.37835693,1126.42022705,1560.96966553,1021.98608398,1050.77624512,820.073242188,901.303710938,732.682983398,1014.73822021,919.561157227,986.944763184,953.480163574,3344.28442383,122.838867188,666.900268555,762.354370117,803.883422852,550.473510742,1183.6260376,1403.30413818,1516.67782593,334.093017578,1189.93066406,1019.70263672,468.661376953,360.430541992,581.050537109,1480.50335693,1495.85748291
6120572200,5462.42382812,8230.46533203,179.536987305,3256.43261719,8918.13720703,4514.19091797,5638.81445312,762.456787109,3605.44042969,3925.07519531,10.5177001953,8918.13720703,4850.09423828,6394.24560547,4.99847412109,6835.66699219,3430.03759766,1841.05249023,2129.41870117,2129.41870117,2020.03198242,2276.25610352,3180.82470703,437.239257812,2606.05981445,1719.08764648,2693.21240234,1883.77661133,532.58505249,1286.05102539,577.713653564,959.703857422,959.703857422,0.0,118.212402344,330.534912109,81.4504394531,603.806762695,133.437927246,510.674499512,166.716369629,601.265808105,62.2822265625,91.0723876953,139.630615234,58.4001464844,227.020874023,55.034362793,40.1427001953,27.2409057617,6.22369384766,4303.98828125,836.864990234,292.803588867,197.349487305,155.82043457,409.23034668,223.922180176,443.600280762,556.973968506,1293.796875,2149.63452148,1979.40649414,491.042480469,599.27331543,378.653320312,520.799499512,536.153625488
6120576200,5344.21142578,8112.25292969,61.3245849609,3138.22021484,8799.92480469,4395.97851562,5520.60205078,644.244384766,3487.22802734,3806.86279297,107.694702148,8799.92480469,4731.88183594,6276.03320312,123.210876465,6717.45458984,3311.82519531,1722.84008789,2011.20629883,2011.20629883,1901.81958008,2158.04370117,3062.61230469,555.451660156,2487.84741211,1600.87524414,2575.0,1765.56420898,650.797454834,1167.83862305,695.926055908,841.491455078,841.491455078,118.212402344,0.0,212.322509766,36.7619628906,485.594360352,251.65032959,628.886901855,284.928771973,719.478210449,180.494628906,209.284790039,21.4182128906,59.8122558594,108.80847168,173.246765137,78.0697021484,145.453308105,111.988708496,4185.77587891,718.652587891,174.591186523,79.1370849609,37.6080322266,291.017944336,342.13458252,561.812683105,675.18637085,1175.58447266,2031.42211914,1861.1940918,372.830078125,481.060913086,260.440917969,639.011901855,654.366027832
6120577240,5131.88891602,7899.93041992,150.997924805,2925.89770508,8587.60229492,4183.65600586,5308.27954102,431.921875,3274.90551758,3594.5402832,320.017211914,8587.60229492,4519.55932617,6063.71069336,335.53338623,6505.13208008,3099.50268555,1510.51757812,1798.88378906,1798.88378906,1689.49707031,1945.72119141,2850.28979492,767.774169922,2275.52490234,1388.55273438,2362.67749023,1553.24169922,863.1199646,955.516113281,908.248565674,629.168945312,629.168945312,330.534912109,212.322509766,0.0,249.084472656,273.271850586,463.972839355,841.209411621,497.251281738,931.800720215,392.817138672,421.607299805,190.904296875,272.134765625,103.514038086,385.569274902,290.392211914,357.775817871,324.311218262,3973.45336914,506.330078125,37.7313232422,133.185424805,174.714477539,78.6954345703,554.457092285,774.135192871,887.508880615,963.261962891,1819.09960938,1648.87158203,160.507568359,268.73840332,48.1184082031,851.334411621,866.688537598
6120579310,5380.97338867,8149.01489258,98.0865478516,3174.98217773,8836.68676758,4432.74047852,5557.36401367,681.006347656,3523.98999023,3843.62475586,70.9327392578,8836.68676758,4768.64379883,6312.79516602,86.4489135742,6754.21655273,3348.5871582,1759.60205078,2047.96826172,2047.96826172,1938.58154297,2194.80566406,3099.37426758,518.689697266,2524.609375,1637.63720703,2611.76196289,1802.32617188,614.035491943,1204.60058594,659.164093018,878.253417969,878.253417969,81.4504394531,36.7619628906,249.084472656,0.0,522.356323242,214.888366699,592.124938965,248.166809082,682.716247559,143.732666016,172.522827148,58.1801757812,23.0502929688,145.57043457,136.484802246,41.3077392578,108.691345215,75.2267456055,4222.5378418,755.414550781,211.353149414,115.899047852,74.3699951172,327.779907227,305.372619629,525.050720215,638.424407959,1212.34643555,2068.18408203,1897.95605469,409.592041016,517.822875977,297.202880859,602.249938965,617.604064941
6120580890,4858.61706543,7626.65856934,424.269775391,2652.62585449,8314.33044434,3910.38415527,5035.00769043,158.650024414,3001.63366699,3321.26843262,593.2890625,8314.33044434,4246.28747559,5790.43884277,608.805236816,6231.86022949,2826.23083496,1237.24572754,1525.61193848,1525.61193848,1416.22521973,1672.44934082,2577.01794434,1041.04602051,2002.25305176,1115.28088379,2089.40563965,1279.96984863,1136.39181519,682.244262695,1181.52041626,355.897094727,355.897094727,603.806762695,485.594360352,273.271850586,522.356323242,0.0,737.244689941,1114.48126221,770.523132324,1205.0725708,666.088989258,694.879150391,464.176147461,545.406616211,376.785888672,658.841125488,563.6640625,631.047668457,597.583068848,3700.18151855,233.058227539,311.003173828,406.457275391,447.986328125,194.576416016,827.728942871,1047.40704346,1160.7807312,689.990112305,1545.82775879,1375.59973145,112.764282227,4.53344726562,225.153442383,1124.60626221,1139.96038818
6120581940,5595.86175537,8363.90325928,312.974914551,3389.87054443,9051.57513428,4647.62884521,5772.25238037,895.894714355,3738.87835693,4058.51312256,143.955627441,9051.57513428,4983.53216553,6527.68353271,128.439453125,6969.10491943,3563.4755249,1974.49041748,2262.85662842,2262.85662842,2153.46990967,2409.69403076,3314.26263428,303.801330566,2739.4977417,1852.52557373,2826.65032959,2017.21453857,399.147125244,1419.48895264,444.275726318,1093.14178467,1093.14178467,133.437927246,251.65032959,463.972839355,214.888366699,737.244689941,0.0,377.236572266,33.2784423828,467.827880859,71.1557006836,42.3655395508,273.06854248,191.83807373,360.45880127,78.4035644531,173.580627441,106.197021484,139.661621094,4437.4262085,970.30291748,426.241516113,330.787414551,289.258361816,542.668273926,90.4842529297,310.162353516,423.53604126,1427.23480225,2283.07244873,2112.84442139,624.480407715,732.711242676,512.091247559,387.361572266,402.715698242
6120583620,5973.09832764,8741.13983154,690.211486816,3767.1071167,9428.81170654,5024.86541748,6149.48895264,1273.13128662,4116.1149292,4435.74969482,521.192199707,9428.81170654,5360.76873779,6904.92010498,505.676025391,7346.3414917,3940.71209717,2351.72698975,2640.09320068,2640.09320068,2530.70648193,2786.93060303,3691.49920654,73.4352416992,3116.73431396,2229.762146,3203.88690186,2394.45111084,21.9105529785,1796.7255249,67.0391540527,1470.37835693,1470.37835693,510.674499512,628.886901855,841.209411621,592.124938965,1114.48126221,377.236572266,0.0,343.958129883,90.5913085938,448.392272949,419.602111816,650.305114746,569.074645996,737.695373535,455.640136719,550.817199707,483.43359375,516.898193359,4814.66278076,1347.53948975,803.478088379,708.023986816,666.494934082,919.904846191,286.752319336,67.07421875,46.2994689941,1804.47137451,2660.309021,2490.08099365,1001.71697998,1109.94781494,889.327819824,10.125,25.4791259766
6120583690,5629.14019775,8397.18170166,346.253356934,3423.14898682,9084.85357666,4680.9072876,5805.53082275,929.173156738,3772.15679932,4091.79156494,177.234069824,9084.85357666,5016.81060791,6560.9619751,161.717895508,7002.38336182,3596.75396729,2007.76885986,2296.1350708,2296.1350708,2186.74835205,2442.97247314,3347.54107666,270.522888184,2772.77618408,1885.80401611,2859.92877197,2050.49298096,365.868682861,1452.76739502,410.997283936,1126.42022705,1126.42022705,166.716369629,284.928771973,497.251281738,248.166809082,770.523132324,33.2784423828,343.958129883,0.0,434.549438477,104.434143066,75.6439819336,306.346984863,225.116516113,393.737243652,111.682006836,206.859069824,139.475463867,172.940063477,4470.70465088,1003.58135986,459.519958496,364.065856934,322.536804199,575.946716309,57.2058105469,276.883911133,390.257598877,1460.51324463,2316.35089111,2146.12286377,657.758850098,765.989685059,545.369689941,354.083129883,369.437255859
