,6120542320,6120542580,6120542590,6120544730,6120546160,6120549170,6120549770,6120549930,6120549940,6120550030,6120550040,6120550140,6120550260,6120550650,6120550660,6120550850,6120551030,6120553760,6120555470,6120558960,6120559160,6120561950,6120562670,6120563960,6120564180,6120564190,6120564890,6120565280,6120566220,6120566390,6120567600,6120568540,6120571440,6120572200,6120576200,6120577240,6120579310,6120580890,6120581940,6120583620,6120583690,6120583700,6121177050,6121177220,6121177230,6121177530,6121177590,6121177870,6121178160,6121178680,6121178960,6121180450,6121180580,6121181110,6121181990,6121182490,6121183270,6121183720,6121184410,6121185180,6121186950,6121187120,6121187370,6121188080,6121191270,6121191690,6121195610,6121196510
6120542320,0.0,0.199088208943,0.554098572153,0.518202011752,0.6613678052,0.307414227821,0.437197019514,0.670770731073,0.385001956778,0.427877737275,0.673883211873,0.670458982604,0.29030584158,0.470636664772,0.674481920522,0.657361870625,0.512584897643,0.655950986106,0.635450861942,0.635471730488,0.651368219763,0.644665360335,0.670102417422,0.653476304471,0.673470043557,0.672535278303,0.671685244585,0.671633554823,0.650720325949,0.658749880111,0.648511963812,0.652148854052,0.652554657155,0.646903992704,0.641054982408,0.639794949823,0.645737215693,0.648127687254,0.648401921863,0.648137183877,0.648482471568,0.645808327984,0.642977390568,0.657511130348,0.666765204837,0.66978248201,0.669841344241,0.672569434995,0.673836253064,0.674203375483,0.674481704965,0.514855643672,0.672418391378,0.673477668592,0.671362692819,0.667675436574,0.668605574998,0.662221005299,0.660552521594,0.656420449895,0.664724809577,0.667380489784,0.664192676379,0.654641468029,0.646353693925,0.641840241044,0.658463812861,0.657030185439
6120542580,0.199088208943,0.0,0.591047042319,0.636731809772,0.625727077654,0.443877872572,0.491692483967,0.668022758243,0.509436451209,0.554229123887,0.674365065121,0.657293568072,0.448784591185,0.382682571555,0.671644027189,0.672794888749,0.606470805635,0.664815316426,0.667298102295,0.667881890722,0.674093553603,0.674473986372,0.630728639296,0.643839631251,0.647810462308,0.658808459901,0.636970821668,0.638435358595,0.639053244593,0.618268472965,0.635350145213,0.60543463458,0.60838491684,0.630171201695,0.613120978562,0.598784367183,0.622233816936,0.618140973864,0.629040504092,0.629237492464,0.629324220725,0.624511962222,0.632651402975,0.646418999704,0.658668644583,0.66303011842,0.665298566072,0.668298842862,0.671328109916,0.672187894242,0.673977946018,0.608507264568,0.67446998723,0.672797985708,0.670333874649,0.664925800247,0.660722808138,0.657820692069,0.655726583198,0.649335698034,0.642764010033,0.615579558048,0.606247243727,0.637372501271,0.606148110702,0.603019868096,0.645368674072,0.642822915781
6120542590,0.554098572153,0.591047042319,0.0,0.291270532832,0.674094377839,0.649563201737,0.602305368363,0.611229408387,0.47228146779,0.669708498747,0.344616334553,0.658832272492,0.569135626425,0.630422000726,0.35566901885,0.64286053941,0.65696077993,0.35591185926,0.355722411765,0.36225224727,0.383650596062,0.439259088673,0.673066699042,0.514750366545,0.663402927864,0.63115505312,0.672929520985,0.639541394267,0.533367205759,0.639966579746,0.544688800801,0.609593259591,0.6197738143,0.594614519954,0.47010406937,0.459612964803,0.560165618952,0.662912184212,0.627770218523,0.568164657593,0.627745106684,0.543411629226,0.0562081302455,0.10732298828,0.169437215926,0.193199821305,0.217836388589,0.240367765379,0.245289313756,0.257265370417,0.269778533664,0.674419739561,0.436304287947,0.33179199544,0.33176043645,0.373705611349,0.42803337124,0.463297929336,0.49146342138,0.516890937247,0.622327676553,0.67358043031,0.672915909628,0.593610994778,0.571115433081,0.47334999364,0.431395110111,0.442078580057
6120544730,0.518202011752,0.636731809772,0.291270532832,0.0,0.652843287878,0.548408723479,0.33747380084,0.453244477341,0.304216504804,0.572839535337,0.498292349572,0.603857430534,0.303140735079,0.479317556071,0.540593840771,0.50394559912,0.552447988788,0.358834099244,0.236096172912,0.244127517249,0.277575973045,0.272543181759,0.622689637614,0.598684303688,0.604793255303,0.635377327378,0.670448339562,0.618922390673,0.608276514316,0.638780889544,0.614443244069,0.617369652518,0.625850651554,0.636888254526,0.55795541156,0.538479289882,0.60977298944,0.666826814641,0.650335477691,0.616404270813,0.65039828572,0.601292034968,0.320974250679,0.358241789579,0.398870388791,0.41610767988,0.413658501473,0.439855973521,0.443914117678,0.453305028084,0.457084406909,0.618415629366,0.48021500275,0.473989225949,0.482551316045,0.511135812834,0.523470458775,0.568070095792,0.586079069474,0.601250252462,0.63849774095,0.657341401144,0.6561648023,0.633959092482,0.602714958976,0.548054616813,0.527060206653,0.53380085774
6120546160,0.6613678052,0.625727077654,0.674094377839,0.652843287878,0.0,0.665300601647,0.511137780144,0.617672681144,0.668585707258,0.673464457185,0.67209550016,0.539179251019,0.614025464535,0.429858880494,0.673457710643,0.620162942136,0.674414641956,0.674372640819,0.674446634971,0.674353632065,0.673319258469,0.673282842664,0.668242954471,0.667240676717,0.667421982344,0.669014686371,0.667828488498,0.663777007386,0.666782204126,0.659368211853,0.66638486898,0.655419683341,0.65701682881,0.667397009847,0.663131351506,0.65844863087,0.666379929466,0.665692697667,0.668695369808,0.667607452054,0.668717490769,0.666722070834,0.674209574678,0.6741353509,0.673699766887,0.673713252607,0.672983279312,0.673460336358,0.673160487533,0.673147069253,0.672754312767,0.671613638897,0.664308262444,0.669294338636,0.669486044065,0.668671099445,0.66508100268,0.66842956122,0.668155126833,0.667551578247,0.664164163563,0.662272549264,0.65998470613,0.664609520496,0.657336032978,0.657920111563,0.668372978529,0.668170500151
6120549170,0.307414227821,0.443877872572,0.649563201737,0.548408723479,0.665300601647,0.0,0.349080476925,0.654942160594,0.186375801925,0.206183588969,0.67422327224,0.663000932844,0.160826421511,0.422230331068,0.668891917384,0.626937456212,0.317884097368,0.618743407917,0.580611965586,0.580781518347,0.618966389812,0.606323601524,0.663730227916,0.642878154508,0.671410338037,0.670774580491,0.66952406704,0.669347100906,0.637174970264,0.646798845824,0.632745721872,0.635391769992,0.635204823718,0.624057428607,0.617477841331,0.614528820626,0.621127654471,0.618914143895,0.622603262626,0.625737803945,0.622800348929,0.622390269652,0.638570374613,0.640554852765,0.646158947576,0.654273719714,0.64924598035,0.660603730094,0.666044821458,0.668185040418,0.671950170887,0.300754439443,0.654325908126,0.674293011315,0.673849193083,0.669780728996,0.670855667082,0.660786794678,0.65797184416,0.649836229751,0.657714734139,0.66087771851,0.654893126681,0.641801153811,0.624854892744,0.619473110811,0.649302133211,0.646522374861
6120549770,0.437197019514,0.491692483967,0.602305368363,0.33747380084,0.511137780144,0.349080476925,0.0,0.551288287041,0.325811276465,0.45988080658,0.629764240182,0.587207790673,0.0922356085302,0.0611088304778,0.629452268341,0.428917450148,0.496666624266,0.50756811785,0.445630364453,0.454290105836,0.501548926646,0.497208121611,0.661461253741,0.673216081876,0.664638272441,0.672988466854,0.671693682183,0.674039787254,0.674224031024,0.672035481512,0.674476364488,0.672458702636,0.671728000093,0.673069860544,0.674053876329,0.674251547898,0.674054030424,0.658725612361,0.669902850649,0.674202003202,0.669955922757,0.674443598785,0.57410171965,0.576099182127,0.584298484452,0.59072973083,0.584616149419,0.596580062153,0.601849294395,0.605674551729,0.611999483171,0.477830400372,0.616384144132,0.628189665526,0.636100368123,0.649702114139,0.655481904214,0.6653156859,0.668762272168,0.672382633613,0.674440081124,0.669667637696,0.667129323035,0.674198866863,0.673454231577,0.67424574855,0.665088402472,0.666851710315
6120549930,0.670770731073,0.668022758243,0.611229408387,0.453244477341,0.617672681144,0.654942160594,0.551288287041,0.0,0.601814230528,0.660724914289,0.582936998376,0.669499392501,0.577704362876,0.605796306754,0.611501431551,0.619820688679,0.651988446266,0.538353386961,0.477271759744,0.481478298021,0.477243580662,0.475507650357,0.636223127575,0.610512241445,0.63007197095,0.641777291448,0.667985020408,0.631661883016,0.615617083306,0.640262679497,0.618940915791,0.623277212123,0.629654722278,0.634929731137,0.576145854821,0.562010830803,0.615417691563,0.661575845124,0.647105247946,0.620610499311,0.647122158048,0.608416502596,0.589068421008,0.584210167127,0.581341862204,0.580420627169,0.573472118522,0.578104671451,0.573370017037,0.574569237242,0.569870196568,0.662021197641,0.583445972433,0.564892173279,0.563537816247,0.572487806186,0.579790733303,0.599062176087,0.607698734286,0.614066924542,0.639101105983,0.65764287625,0.656547634194,0.634035364085,0.610034914149,0.569104290952,0.566325536538,0.569184631126
6120549940,0.385001956778,0.509436451209,0.47228146779,0.304216504804,0.668585707258,0.186375801925,0.325811276465,0.601814230528,0.0,0.336481203026,0.61220841154,0.643096922421,0.200412149572,0.424084246903,0.604789619493,0.587675265184,0.342431184011,0.416320369639,0.33988289587,0.344171131537,0.420306623252,0.410305873112,0.650129430077,0.673059450105,0.645151169398,0.66983296903,0.67419385145,0.666926770955,0.674141658258,0.674451201266,0.674457261554,0.674198250552,0.674442222323,0.673374572451,0.672795748763,0.671333695364,0.674481861507,0.666438629035,0.671710320788,0.674467207206,0.671712850192,0.67442650257,0.436508772938,0.458032428804,0.490603436507,0.516918807383,0.513597207017,0.546360343406,0.560095154705,0.569738707338,0.584062948021,0.500435715995,0.55914780337,0.60593928005,0.621201231152,0.640954750715,0.641756070717,0.663398073862,0.667998206958,0.672231144367,0.673994635298,0.67447082074,0.674455563233,0.674476286491,0.674239279951,0.671524372846,0.662246072267,0.664373029915
6120550030,0.427877737275,0.554229123887,0.669708498747,0.572839535337,0.673464457185,0.206183588969,0.45988080658,0.660724914289,0.336481203026,0.0,0.67184811386,0.669617829624,0.315986176966,0.525365210737,0.673296542239,0.645480292696,0.050325377777,0.626446646615,0.571896648838,0.567772216008,0.612344581352,0.586297549717,0.624872127046,0.614825046243,0.656127273193,0.671199370655,0.674345475185,0.672999984367,0.608236355535,0.647730721446,0.603130521216,0.628654265857,0.628635844921,0.594824039429,0.574560289227,0.575089932681,0.588427748441,0.608175176799,0.599342688697,0.594968378075,0.599542223636,0.587704392833,0.670929484393,0.670216597836,0.668835317067,0.671039269765,0.663300798326,0.671489567736,0.673872882332,0.674363173553,0.673923186465,0.203637682268,0.648595073833,0.672660356336,0.665701496667,0.654993831307,0.662462758336,0.641029937688,0.638062853016,0.626499123605,0.654985662969,0.670835118085,0.666971405998,0.6245042921,0.604662766325,0.584023097983,0.617944666421,0.614139406077
6120550040,0.673883211873,0.674365065121,0.344616334553,0.498292349572,0.67209550016,0.67422327224,0.629764240182,0.582936998376,0.61220841154,0.67184811386,0.0,0.653798161977,0.644119531993,0.651629822316,0.168371056479,0.623919158449,0.673256890069,0.324096397521,0.391319359154,0.395974121029,0.396032143385,0.473596699026,0.673963133084,0.352645111706,0.664367163729,0.569354490121,0.673888311281,0.624092550627,0.396562663782,0.641087228264,0.42100825453,0.633162542843,0.64375671005,0.541907919126,0.40053582157,0.443921432246,0.540582104322,0.673782713592,0.628587915653,0.542367481071,0.628299351368,0.510620733391,0.232586836047,0.195279750166,0.172223902998,0.153538790485,0.167434692731,0.132430374165,0.106447173338,0.0916520052185,0.0510065349931,0.673091507692,0.227915673625,0.0231359914862,0.0608772499419,0.138547731427,0.301316106238,0.248457322166,0.281898702658,0.331511942932,0.549319092574,0.673602721203,0.671942073793,0.511459414287,0.585265011956,0.444614171586,0.342977301283,0.360324555608
6120550140,0.670458982604,0.657293568072,0.658832272492,0.603857430534,0.539179251019,0.663000932844,0.587207790673,0.669499392501,0.643096922421,0.669617829624,0.653798161977,0.0,0.615596710784,0.617899492882,0.656990869602,0.127438835923,0.668729832555,0.627987494047,0.61301196308,0.617244931166,0.626092127265,0.631997890031,0.673998533736,0.669285163861,0.674372476355,0.673613343261,0.672025049538,0.67437151372,0.670563745382,0.674421607391,0.671351799626,0.674445929444,0.674478048455,0.673272748546,0.667806492759,0.668537222572,0.671889620243,0.673781054664,0.674190423968,0.671820342768,0.674183354059,0.670703250992,0.648529104691,0.646556582624,0.647138518282,0.646990304205,0.64669606457,0.64709380093,0.646946419714,0.647422178015,0.647742083725,0.670501233918,0.662111158507,0.653797521831,0.654008686465,0.658260248483,0.663562395088,0.665239607102,0.667268712484,0.669263673314,0.674206549939,0.672423377853,0.672029801476,0.673547150447,0.673636758612,0.669338727426,0.660810671354,0.66181377175
6120550260,0.29030584158,0.448784591185,0.569135626425,0.303140735079,0.614025464535,0.160826421511,0.0922356085302,0.577704362876,0.200412149572,0.315986176966,0.644119531993,0.615596710784,0.0,0.218760520647,0.642839943647,0.505234494878,0.386715716797,0.51458465851,0.434932427757,0.441133380666,0.495058307411,0.478112924732,0.64534842106,0.674254560765,0.65668085297,0.673643433137,0.673270649539,0.673852817498,0.673306206495,0.670848015956,0.672189992609,0.670513560593,0.669541983915,0.667442828723,0.673212657326,0.673252024946,0.66988669844,0.65238295657,0.66309093191,0.670353401216,0.663156157817,0.671220287233,0.557647349898,0.571122381499,0.58748751004,0.598637807133,0.591081333868,0.608679508001,0.616355225041,0.621237605218,0.628752425345,0.367796329241,0.610861472626,0.64121325064,0.650508251112,0.661845869041,0.663164684783,0.672110688525,0.673645902957,0.674476925399,0.673853463968,0.671540791946,0.6692363573,0.671748301862,0.670329855966,0.673429020207,0.672574650319,0.673339627621
6120550650,0.470636664772,0.382682571555,0.630422000726,0.479317556071,0.429858880494,0.422230331068,0.0611088304778,0.605796306754,0.424084246903,0.525365210737,0.651629822316,0.617899492882,0.218760520647,0.0,0.643929578959,0.477538173457,0.560151948254,0.571983766345,0.549472378325,0.555970958725,0.592785147142,0.597640325575,0.674213000271,0.673821216837,0.674429939383,0.673971631412,0.660975967668,0.670363608648,0.672526591305,0.659024684532,0.671209714025,0.657871190239,0.657096757633,0.666176542771,0.670645323192,0.668164714545,0.666941912632,0.645073371894,0.661103371316,0.668414960227,0.661227225395,0.66908146824,0.607286074187,0.607819181052,0.614740923696,0.619517474906,0.617940168596,0.624923974797,0.630098762447,0.63273472332,0.638946966896,0.541536726066,0.650721404463,0.654734289529,0.659525683491,0.667229297583,0.671070349893,0.673445883909,0.674249548914,0.67431230129,0.669520481381,0.652644755543,0.647034781715,0.6688140841,0.661452765492,0.668506387812,0.674161046278,0.67440484657
6120550660,0.674481920522,0.671644027189,0.35566901885,0.540593840771,0.673457710643,0.668891917384,0.629452268341,0.611501431551,0.604789619493,0.673296542239,0.168371056479,0.656990869602,0.642839943647,0.643929578959,0.0,0.638688253847,0.649186949544,0.253514491829,0.360261578448,0.363879020915,0.399227444955,0.489355675081,0.647182623282,0.442994001407,0.67413128298,0.617266001312,0.663224410531,0.651272517445,0.473864636733,0.651274521087,0.491600675008,0.630063906089,0.639288957015,0.573728370851,0.441471257302,0.458903345181,0.553960831954,0.670997022248,0.630042843633,0.557645017906,0.629814257809,0.530004018609,0.206138244943,0.141014952053,0.0818088799661,0.0598006530381,0.0711624023195,0.0530616743973,0.0429878869821,0.0434314510797,0.0679932164703,0.674473832587,0.399723648537,0.188372791839,0.184356676951,0.243242012258,0.354879986887,0.360220152183,0.395067779004,0.434799516893,0.604643191121,0.669704669744,0.669705445722,0.564029651845,0.584361624209,0.466294641959,0.391149465552,0.405084759489
6120550850,0.657361870625,0.672794888749,0.64286053941,0.50394559912,0.620162942136,0.626937456212,0.428917450148,0.619820688679,0.587675265184,0.645480292696,0.623919158449,0.127438835923,0.505234494878,0.477538173457,0.638688253847,0.0,0.642142501262,0.565841370947,0.511129509132,0.516956423602,0.524425813391,0.519523134126,0.644313633347,0.647777618844,0.647129533754,0.659229150631,0.672083716084,0.655736067836,0.650976904156,0.663927975472,0.653061761593,0.658622588166,0.661030537104,0.66080521658,0.634605833136,0.630443875682,0.652767474296,0.672549844587,0.666353795824,0.654379047277,0.666339543869,0.649016463774,0.626317926505,0.622362769688,0.620499593013,0.619889785144,0.615417481322,0.618133702842,0.615926187459,0.616715317712,0.614776872116,0.64126733911,0.626060011024,0.615714982848,0.615981644018,0.623155624355,0.629529095106,0.63941008237,0.644436289844,0.648822305022,0.661295755106,0.669328469629,0.669737354803,0.660350949816,0.653063024052,0.633514728186,0.623677399823,0.625673635526
6120551030,0.512584897643,0.606470805635,0.65696077993,0.552447988788,0.674414641956,0.317884097368,0.496666624266,0.651988446266,0.342431184011,0.050325377777,0.673256890069,0.668729832555,0.386715716797,0.560151948254,0.649186949544,0.642142501262,0.0,0.559918754233,0.494967848652,0.488250563913,0.557304107585,0.527126517921,0.615864824761,0.640318250064,0.641197464039,0.673984831788,0.674362321365,0.674235842616,0.634510191614,0.662863205171,0.630097267979,0.652624110765,0.651446690535,0.619196666033,0.615479353029,0.619347714715,0.619119610915,0.625715763152,0.620832899159,0.622493457023,0.62091106351,0.619069576806,0.656412770134,0.653657134859,0.64882189696,0.652569307705,0.634422712366,0.652630636093,0.659499802393,0.662900865888,0.66957834003,0.266000690707,0.606702715366,0.67209841622,0.674451023656,0.671220949687,0.673784218356,0.661702020224,0.658440229758,0.648989807727,0.665006704253,0.674349521502,0.673489246195,0.643582407532,0.635623486416,0.62508939846,0.646482666584,0.64348439244
6120553760,0.655950986106,0.664815316426,0.35591185926,0.358834099244,0.674372640819,0.618743407917,0.50756811785,0.538353386961,0.416320369639,0.626446646615,0.324096397521,0.627987494047,0.51458465851,0.571983766345,0.253514491829,0.565841370947,0.559918754233,0.0,0.0634889309263,0.0679943706455,0.165276022608,0.251641537828,0.674439746512,0.563574440128,0.648840004756,0.617693110318,0.670776550965,0.621805918188,0.580993100099,0.639049773429,0.591186685336,0.608007910674,0.619297834624,0.628446779374,0.524140991999,0.503078548631,0.595858216633,0.6685157943,0.647757836429,0.605236214645,0.647919525951,0.586091449839,0.244633200998,0.213696805501,0.191829141412,0.194830287693,0.179647990726,0.205762014375,0.202072348484,0.212339030228,0.235469354969,0.634016530073,0.337314722467,0.307972702731,0.327698993861,0.386298979838,0.420423814074,0.495004574241,0.529112694123,0.560796319159,0.631429997736,0.671364862412,0.668417938381,0.621817519938,0.586909660705,0.51294822295,0.484787683694,0.494702250605
6120555470,0.635450861942,0.667298102295,0.355722411765,0.236096172912,0.674446634971,0.580611965586,0.445630364453,0.477271759744,0.33988289587,0.571896648838,0.391319359154,0.61301196308,0.434932427757,0.549472378325,0.360261578448,0.511129509132,0.494967848652,0.0634889309263,0.0,0.000736959186468,0.0877229556836,0.126856476585,0.659454382842,0.600475213497,0.600621117529,0.607353874702,0.67443957808,0.590660205213,0.61384438061,0.629392785842,0.62153958576,0.595911722323,0.609165834865,0.646404871049,0.561180941261,0.533123639469,0.619087923101,0.670092985628,0.658688930081,0.629699081834,0.658987087321,0.615157600491,0.281548691412,0.268730169593,0.262368494894,0.272241438855,0.249485963261,0.28728841174,0.287137387223,0.299603225563,0.319045005884,0.623085109198,0.312823225046,0.361006465549,0.387445033411,0.440095542576,0.44288293399,0.536943851231,0.569377866147,0.597659026415,0.63809059584,0.653776526371,0.645968576189,0.6378300015,0.591986087299,0.538792428961,0.53063289548,0.539132426004
6120558960,0.635471730488,0.667881890722,0.36225224727,0.244127517249,0.674353632065,0.580781518347,0.454290105836,0.481478298021,0.344171131537,0.567772216008,0.395974121029,0.617244931166,0.441133380666,0.555970958725,0.363879020915,0.516956423602,0.488250563913,0.0679943706455,0.000736959186468,0.0,0.083173448044,0.119855907717,0.656876367845,0.60480769646,0.595795164898,0.604315627179,0.674391442496,0.586949863792,0.617899911129,0.629066842648,0.625361998894,0.596238140834,0.609644285094,0.649156684682,0.56811200539,0.540547627353,0.623676640499,0.67084064302,0.660800417656,0.634043634951,0.661095069702,0.620437149812,0.290550958353,0.277650052351,0.270331171477,0.27995120449,0.255630237641,0.293926657416,0.293529103007,0.305812955378,0.325231307485,0.622501730828,0.306658757932,0.364624547562,0.392094903658,0.444492485427,0.444129821901,0.540584482397,0.573010502082,0.601411638136,0.638708946936,0.651971084186,0.643570021441,0.639981548403,0.594904178722,0.545063051702,0.538961041516,0.547277827023
6120559160,0.651368219763,0.674093553603,0.383650596062,0.277575973045,0.673319258469,0.618966389812,0.501548926646,0.477243580662,0.420306623252,0.612344581352,0.396032143385,0.626092127265,0.495058307411,0.592785147142,0.399227444955,0.524425813391,0.557304107585,0.165276022608,0.0877229556836,0.083173448044,0.0,0.0235886030284,0.623526691447,0.590078056371,0.590843877075,0.560695423222,0.674354480014,0.567348614495,0.605272283871,0.618795703768,0.613730534693,0.576164555696,0.592553753209,0.641243529251,0.546241973227,0.515655370225,0.613606587663,0.669166757965,0.657100851705,0.626845910159,0.657519899492,0.610658402338,0.324253035734,0.315334424459,0.310243731925,0.316876566225,0.293810780757,0.324711351318,0.317721166711,0.326446496147,0.334606914759,0.653686675266,0.318381777756,0.352772286309,0.370826552026,0.417097041029,0.414325743969,0.518732482225,0.555078317221,0.58650633836,0.624691066536,0.654086033983,0.642766434939,0.629625371583,0.575652327484,0.518455297677,0.522118724166,0.53045823812
6120561950,0.644665360335,0.674473986372,0.439259088673,0.272543181759,0.673282842664,0.606323601524,0.497208121611,0.475507650357,0.410305873112,0.586297549717,0.473596699026,0.631997890031,0.478112924732,0.597640325575,0.489355675081,0.519523134126,0.527126517921,0.251641537828,0.126856476585,0.119855907717,0.0235886030284,0.0,0.566626623292,0.623486095154,0.530329642674,0.598776841224,0.669312343107,0.576852543799,0.634157713919,0.623549205546,0.639947072306,0.587785182149,0.60269576428,0.657347880401,0.59352319301,0.568511850493,0.640999726243,0.672597156311,0.667684721263,0.650756706804,0.66799176297,0.640754422143,0.404655060366,0.403838094365,0.404920143093,0.41293389731,0.390138564195,0.420332886093,0.415630237278,0.423526981983,0.429218414671,0.634338359835,0.361130475306,0.433074104868,0.452087310327,0.488093543095,0.468628590078,0.566038597624,0.595368126325,0.619841877097,0.644469053033,0.634611474982,0.625419728967,0.646579893443,0.599782957053,0.566194841652,0.577414385912,0.583774841752
6120562670,0.670102417422,0.630728639296,0.673066699042,0.622689637614,0.668242954471,0.663730227916,0.661461253741,0.636223127575,0.650129430077,0.624872127046,0.673963133084,0.673998533736,0.64534842106,0.674213000271,0.647182623282,0.644313633347,0.615864824761,0.674439746512,0.659454382842,0.656876367845,0.623526691447,0.566626623292,0.0,0.673843017631,0.223359029924,0.640820987112,0.360008170016,0.623154175759,0.67444582367,0.663159534918,0.674471758353,0.669424550288,0.671853473929,0.670979761303,0.668066761395,0.663365802165,0.652683439667,0.642867370581,0.645043744611,0.651368316077,0.644754297728,0.651878259905,0.667129461383,0.663592196742,0.660898702102,0.660459627536,0.666433090563,0.664477879582,0.666935240898,0.667724889702,0.671351723257,0.613211115419,0.652162706323,0.672710874806,0.672102276936,0.669163304762,0.654851584912,0.666611802947,0.667800136153,0.671077239311,0.661554042973,0.586705501463,0.628683302709,0.671725217153,0.674294403032,0.672167430119,0.667008259822,0.665679044406
6120563960,0.653476304471,0.643839631251,0.514750366545,0.598684303688,0.667240676717,0.642878154508,0.673216081876,0.610512241445,0.673059450105,0.614825046243,0.352645111706,0.669285163861,0.674254560765,0.673821216837,0.442994001407,0.647777618844,0.640318250064,0.563574440128,0.600475213497,0.60480769646,0.590078056371,0.623486095154,0.673843017631,0.0,0.66622708106,0.569021130869,0.664728619817,0.605348014343,0.0164433573164,0.534415486246,0.0324571684895,0.603794189959,0.623676730379,0.238562651883,0.25318104851,0.451390613187,0.512377508491,0.671388095869,0.62313245571,0.468831148343,0.619734568043,0.438339445874,0.463335469489,0.448293904643,0.44377867526,0.428853466049,0.444277791521,0.408941625508,0.386749266317,0.372616167492,0.340681808291,0.631115329127,0.590974748452,0.333716365203,0.258526723624,0.218375866306,0.374839925546,0.153721503308,0.0820453336671,0.0280482574289,0.444679105548,0.661884204843,0.662549784282,0.226043946876,0.542787758921,0.364373308999,0.247692965512,0.271751742216
6120564180,0.673470043557,0.647810462308,0.663402927864,0.604793255303,0.667421982344,0.671410338037,0.664638272441,0.63007197095,0.645151169398,0.656127273193,0.664367163729,0.674372476355,0.65668085297,0.674429939383,0.67413128298,0.647129533754,0.641197464039,0.648840004756,0.600621117529,0.595795164898,0.590843877075,0.530329642674,0.223359029924,0.66622708106,0.0,0.613927808962,0.188469744621,0.599505425369,0.669281662412,0.647951942459,0.670484950538,0.647355458838,0.654186642237,0.674332686145,0.673104310093,0.673314752172,0.673205623896,0.667684866428,0.668455793198,0.671794019327,0.668232676416,0.672588349217,0.667227282567,0.669021901607,0.669986834455,0.670472526386,0.667936432474,0.669950669342,0.668537701297,0.668494917059,0.666088307719,0.667804785193,0.615991830302,0.650259900021,0.649052906407,0.644488783119,0.619882896612,0.647902073327,0.653712190157,0.660985903315,0.657931078806,0.539487093612,0.591760476288,0.664779366548,0.66610836977,0.66875882652,0.673940745142,0.67422664494
6120564190,0.672535278303,0.658808459901,0.63115505312,0.635377327378,0.669014686371,0.670774580491,0.672988466854,0.641777291448,0.66983296903,0.671199370655,0.569354490121,0.673613343261,0.673643433137,0.673971631412,0.617266001312,0.659229150631,0.673984831788,0.617693110318,0.607353874702,0.604315627179,0.560695423222,0.598776841224,0.640820987112,0.569021130869,0.613927808962,0.0,0.668736559384,0.281579648788,0.587498574486,0.600440886919,0.596113580133,0.595103055877,0.610113458532,0.63394522143,0.582034984328,0.581494313358,0.638049187634,0.672966215002,0.664695945483,0.646172103725,0.664883404783,0.637141939628,0.621276157205,0.617978718259,0.613350020421,0.609911586828,0.601984393431,0.600197665455,0.588346889973,0.584517819932,0.568973469052,0.664233214859,0.565702314741,0.520327082847,0.496071419522,0.482210788425,0.480195548998,0.517679348936,0.533372339467,0.556023910621,0.423472778713,0.656944258068,0.654631862933,0.589139856791,0.603655459419,0.566832933483,0.593409216369,0.597446314353
6120564890,0.671685244585,0.636970821668,0.672929520985,0.670448339562,0.667828488498,0.66952406704,0.671693682183,0.667985020408,0.67419385145,0.674345475185,0.673888311281,0.672025049538,0.673270649539,0.660975967668,0.663224410531,0.672083716084,0.674362321365,0.670776550965,0.67443957808,0.674391442496,0.674354480014,0.669312343107,0.360008170016,0.664728619817,0.188469744621,0.668736559384,0.0,0.525781027052,0.667552081465,0.662788743281,0.668545938714,0.666984491212,0.669586270805,0.674043411689,0.674471155692,0.673361501932,0.670455674009,0.664912521095,0.667312849418,0.669889541936,0.667222506457,0.670123550541,0.669916776671,0.668250516364,0.667034334028,0.667034030534,0.667967959383,0.66805582465,0.669588412402,0.670118618432,0.672291105332,0.673617842606,0.673295938794,0.674086289203,0.672418892391,0.667025095368,0.657596398781,0.658724132994,0.657282659194,0.658954518455,0.616852448382,0.505178716049,0.62230573939,0.660168734488,0.673479400828,0.674304076068,0.673513702635,0.673173828866
6120565280,0.671633554823,0.638435358595,0.639541394267,0.618922390673,0.663777007386,0.669347100906,0.674039787254,0.631661883016,0.666926770955,0.672999984367,0.624092550627,0.67437151372,0.673852817498,0.670363608648,0.651272517445,0.655736067836,0.674235842616,0.621805918188,0.590660205213,0.586949863792,0.567348614495,0.576852543799,0.623154175759,0.605348014343,0.599505425369,0.281579648788,0.525781027052,0.0,0.619335296264,0.572569073995,0.625008442403,0.565175674299,0.585956827103,0.651582093294,0.624292694187,0.622140982669,0.662119714391,0.674367440013,0.673437650252,0.66846375047,0.67356756579,0.665257528343,0.63880325528,0.640146540036,0.639769323409,0.639669190058,0.635961529516,0.638478974602,0.631927517444,0.631293348601,0.623099342266,0.6614427455,0.586395920097,0.586763151886,0.569543964156,0.548377903415,0.507445353545,0.561684257882,0.57584043534,0.592418604036,0.364305578494,0.345605420015,0.496373414952,0.60124627261,0.607755104292,0.600597177101,0.643423072089,0.64616637562
6120566220,0.650720325949,0.639053244593,0.533367205759,0.608276514316,0.666782204126,0.637174970264,0.674224031024,0.615617083306,0.674141658258,0.608236355535,0.396562663782,0.670563745382,0.673306206495,0.672526591305,0.473864636733,0.650976904156,0.634510191614,0.580993100099,0.61384438061,0.617899911129,0.605272283871,0.634157713919,0.67444582367,0.0164433573164,0.669281662412,0.587498574486,0.667552081465,0.619335296264,0.0,0.563380928248,0.00309872673072,0.602841600498,0.620499685652,0.174565319611,0.242205272456,0.466757407605,0.51475109103,0.670550748103,0.621994257932,0.45255085973,0.617803844365,0.424229555223,0.488702731115,0.476165439072,0.47365703427,0.460439999109,0.476515157067,0.443806213458,0.424544769354,0.41189949409,0.384162666109,0.62451142838,0.613651813659,0.386202254525,0.31822242896,0.283982739049,0.429407192912,0.215959011594,0.138450231751,0.0609749866611,0.488931717164,0.66470265824,0.665587878127,0.287391886865,0.531713726277,0.360050376081,0.242590060724,0.266284341321
6120566390,0.658749880111,0.618268472965,0.639966579746,0.638780889544,0.659368211853,0.646798845824,0.672035481512,0.640262679497,0.674451201266,0.647730721446,0.641087228264,0.674421607391,0.670848015956,0.659024684532,0.651274521087,0.663927975472,0.662863205171,0.639049773429,0.629392785842,0.629066842648,0.618795703768,0.623549205546,0.663159534918,0.534415486246,0.647951942459,0.600440886919,0.662788743281,0.572569073995,0.563380928248,0.0,0.57370190418,0.365158237753,0.425645498296,0.632148290416,0.600085865352,0.597331508262,0.656550603611,0.672577056685,0.67246751403,0.668669488375,0.672770438614,0.665665791059,0.638908456121,0.640730783146,0.640407480419,0.640573025153,0.641947348167,0.64382852394,0.637601421305,0.638301700249,0.633062275758,0.635662790769,0.633820708531,0.613406330768,0.590766164818,0.562857040387,0.511345957364,0.558284776594,0.556577246364,0.532275556215,0.478165313236,0.536918321891,0.246671502275,0.23413377813,0.542979353386,0.558277999877,0.646265654511,0.649241777794
6120567600,0.648511963812,0.635350145213,0.544688800801,0.614443244069,0.66638486898,0.632745721872,0.674476364488,0.618940915791,0.674457261554,0.603130521216,0.42100825453,0.671351799626,0.672189992609,0.671209714025,0.491600675008,0.653061761593,0.630097267979,0.591186685336,0.62153958576,0.625361998894,0.613730534693,0.639947072306,0.674471758353,0.0324571684895,0.670484950538,0.596113580133,0.668545938714,0.625008442403,0.00309872673072,0.57370190418,0.0,0.600163948986,0.616614575089,0.14648744042,0.238125233995,0.473439558361,0.516601665864,0.670444853883,0.621939390687,0.448774400708,0.617478074798,0.421650165425,0.504008710863,0.492871124141,0.491189214546,0.47892857512,0.495136533055,0.464157725687,0.446270411623,0.434504062496,0.40880146718,0.619660680062,0.624783820267,0.413767990959,0.349372372446,0.317239728983,0.454826060238,0.248953522135,0.171039236962,0.0858415579982,0.507782267886,0.665264163913,0.66591910824,0.315361094449,0.523371569113,0.356482144005,0.248312620697,0.27149711591
6120568540,0.652148854052,0.60543463458,0.609593259591,0.617369652518,0.655419683341,0.635391769992,0.672458702636,0.623277212123,0.674198250552,0.628654265857,0.633162542843,0.674445929444,0.670513560593,0.657871190239,0.630063906089,0.658622588166,0.652624110765,0.608007910674,0.595911722323,0.596238140834,0.576164555696,0.587785182149,0.669424550288,0.603794189959,0.647355458838,0.595103055877,0.666984491212,0.565175674299,0.602841600498,0.365158237753,0.600163948986,0.0,0.0199537320645,0.599252349028,0.543220996067,0.481703349459,0.637821937153,0.639557257926,0.665066658177,0.663611919415,0.666150786406,0.658497893993,0.606592790374,0.609891698194,0.608769251878,0.610824764691,0.614224354195,0.621406118765,0.613053608234,0.616588986806,0.613956643935,0.61687142312,0.632513291903,0.603176118156,0.587068032586,0.578669310507,0.529617163387,0.622058988445,0.639904690255,0.634299667882,0.538939052565,0.581255486291,0.480725990387,0.528585181172,0.160726425399,0.367825523247,0.640608707003,0.642923772995
6120571440,0.652554657155,0.60838491684,0.6197738143,0.625850651554,0.65701682881,0.635204823718,0.671728000093,0.629654722278,0.674442222323,0.628635844921,0.64375671005,0.674478048455,0.669541983915,0.657096757633,0.639288957015,0.661030537104,0.651446690535,0.619297834624,0.609165834865,0.609644285094,0.592553753209,0.60269576428,0.671853473929,0.623676730379,0.654186642237,0.610113458532,0.669586270805,0.585956827103,0.620499685652,0.425645498296,0.616614575089,0.0199537320645,0.0,0.567527116876,0.556967696693,0.500058196706,0.643500656206,0.638558876364,0.665546158015,0.662552871741,0.666413731821,0.657332616889,0.617996069927,0.621225827831,0.620764982718,0.622789184394,0.626260343099,0.632433300242,0.625819353681,0.628946623866,0.627395276554,0.616930535326,0.644462823938,0.621016743038,0.608800968815,0.603777121188,0.56655141414,0.638544563299,0.651133321521,0.646581913396,0.567482787959,0.599696178613,0.518928221868,0.565167363862,0.107498217224,0.376507832113,0.642457703419,0.644333626745
6120572200,0.646903992704,0.630171201695,0.594614519954,0.636888254526,0.667397009847,0.624057428607,0.673069860544,0.634929731137,0.673374572451,0.594824039429,0.541907919126,0.673272748546,0.667442828723,0.666176542771,0.573728370851,0.66080521658,0.619196666033,0.628446779374,0.646404871049,0.649156684682,0.641243529251,0.657347880401,0.670979761303,0.238562651883,0.674332686145,0.63394522143,0.674043411689,0.651582093294,0.174565319611,0.632148290416,0.14648744042,0.599252349028,0.567527116876,0.0,0.234376929066,0.49506367789,0.531207608936,0.673531113549,0.624879140886,0.518855731704,0.624074010952,0.499829300951,0.572854468244,0.568360973374,0.56820207499,0.561943319508,0.57458413995,0.558147353379,0.546459443864,0.541419326407,0.527301673748,0.606527899073,0.663097461476,0.538884714231,0.496968053379,0.480358487442,0.55898181207,0.45355704849,0.41358263373,0.335696430266,0.597064267341,0.670988861844,0.670015006195,0.480839881771,0.410000740992,0.351576657854,0.388707345582,0.405014322401
6120576200,0.641054982408,0.613120978562,0.47010406937,0.55795541156,0.663131351506,0.617477841331,0.674053876329,0.576145854821,0.672795748763,0.574560289227,0.40053582157,0.667806492759,0.673212657326,0.670645323192,0.441471257302,0.634605833136,0.615479353029,0.524140991999,0.561180941261,0.56811200539,0.546241973227,0.59352319301,0.668066761395,0.25318104851,0.673104310093,0.582034984328,0.674471155692,0.624292694187,0.242205272456,0.600085865352,0.238125233995,0.543220996067,0.556967696693,0.234376929066,0.0,0.265233467639,0.331166267822,0.650198895659,0.514596504169,0.36923733114,0.517860435168,0.335239716812,0.422283888326,0.414423446916,0.412165737176,0.404033964568,0.425067333254,0.406308356337,0.382818773486,0.378688336689,0.358510798575,0.584032069473,0.612143185763,0.386188909061,0.327028844468,0.321416974109,0.436160264029,0.361887499676,0.354198117305,0.318073086837,0.522422466455,0.672824269524,0.672540867852,0.427636967048,0.413239113607,0.116552595604,0.204953830671,0.218339014815
6120577240,0.639794949823,0.598784367183,0.459612964803,0.538479289882,0.65844863087,0.614528820626,0.674251547898,0.562010830803,0.671333695364,0.575089932681,0.443921432246,0.668537222572,0.673252024946,0.668164714545,0.458903345181,0.630443875682,0.619347714715,0.503078548631,0.533123639469,0.540547627353,0.515655370225,0.568511850493,0.663365802165,0.451390613187,0.673314752172,0.581494313358,0.673361501932,0.622140982669,0.466757407605,0.597331508262,0.473439558361,0.481703349459,0.500058196706,0.49506367789,0.265233467639,0.0,0.295695143969,0.397653621051,0.417208124688,0.360304543904,0.427508787531,0.315986290036,0.420472563977,0.41748833363,0.413813960316,0.411792937083,0.427087232932,0.426724611655,0.403245567464,0.40541340175,0.392691080545,0.572483070097,0.602000998299,0.409536382741,0.37010965689,0.38020771029,0.435703729195,0.472234391448,0.490761498145,0.486892880935,0.531450956128,0.673331036358,0.672151892702,0.461518867969,0.371999889934,0.13631752325,0.300091184926,0.292437272015
6120579310,0.645737215693,0.622233816936,0.560165618952,0.60977298944,0.666379929466,0.621127654471,0.674054030424,0.615417691563,0.674481861507,0.588427748441,0.540582104322,0.671889620243,0.66988669844,0.666941912632,0.553960831954,0.652767474296,0.619119610915,0.595858216633,0.619087923101,0.623676640499,0.613606587663,0.640999726243,0.652683439667,0.512377508491,0.673205623896,0.638049187634,0.670455674009,0.662119714391,0.51475109103,0.656550603611,0.516601665864,0.637821937153,0.643500656206,0.531207608936,0.331166267822,0.295695143969,0.0,0.473439630662,0.240357215487,0.12221735448,0.251323932084,0.160628089099,0.536217865089,0.533860804427,0.534264692511,0.530802885435,0.54557621819,0.536254900668,0.524187978559,0.523205886673,0.514376591149,0.591297558253,0.653381685419,0.539162623776,0.510861928117,0.513633187746,0.576142764321,0.545582933619,0.547711317217,0.537878075502,0.617710724795,0.672779745812,0.672238027436,0.58271985099,0.604538676404,0.473339268904,0.237809010692,0.219751188989
6120580890,0.648127687254,0.618140973864,0.662912184212,0.666826814641,0.665692697667,0.618914143895,0.658725612361,0.661575845124,0.666438629035,0.608175176799,0.673782713592,0.673781054664,0.65238295657,0.645073371894,0.670997022248,0.672549844587,0.625715763152,0.6685157943,0.670092985628,0.67084064302,0.669166757965,0.672597156311,0.642867370581,0.671388095869,0.667684866428,0.672966215002,0.664912521095,0.674367440013,0.670550748103,0.672577056685,0.670444853883,0.639557257926,0.638558876364,0.673531113549,0.650198895659,0.397653621051,0.473439630662,0.0,0.286806130501,0.489376075408,0.295535694174,0.479823145062,0.664377521245,0.666135141553,0.666518575103,0.667429872224,0.669513526847,0.670960327156,0.669906663238,0.670826620453,0.671127196557,0.59655715018,0.67348063954,0.67323798537,0.672731890743,0.673710363542,0.673676264966,0.672090020401,0.669485182962,0.668992264145,0.672674029311,0.672801740463,0.6738799179,0.672934051619,0.611925340721,0.594330738291,0.633578437121,0.616208568092
