,6120542320,6120542580,6120542590,6120544730,6120546160,6120549170,6120549770,6120549930,6120549940,6120550030,6120550040,6120550140,6120550260,6120550650,6120550660,6120550850,6120551030,6120553760,6120555470,6120558960,6120559160,6120561950,6120562670,6120563960,6120564180,6120564190,6120564890,6120565280,6120566220,6120566390,6120567600,6120568540,6120571440,6120572200,6120576200,6120577240,6120579310,6120580890,6120581940,6120583620,6120583690,6120583700,6121177050,6121177220,6121177230,6121177530,6121177590,6121177870,6121178160,6121178680,6121178960,6121180450,6121180580,6121181110,6121181990,6121182490,6121183270,6121183720,6121184410,6121185180,6121186950,6121187120,6121187370,6121188080,6121191270,6121191690,6121195610,6121196510
6120542320,0.0,2768.03955078,5282.89013672,2205.99023438,3455.70947265,948.24023438,176.39013672,4699.97009278,1856.99023438,1537.35009766,5451.91009522,3455.70947265,612.33007813,931.81982422,5467.43011475,1373.23974609,2032.39013672,3621.37011719,3333.01000977,3333.01000977,3442.39013672,3186.17016602,2281.60009766,5899.66607666,2856.37011719,3743.34008789,2769.21020508,3578.65014649,5995.01208497,4176.38012696,6040.1401062,4502.72009278,4502.72009278,5462.43011475,5344.21008301,5131.89013672,5380.98010254,4858.62011719,5595.86511231,5973.10110474,5629.14312744,6063.69210816,5524.70910645,5553.49908448,5322.80004883,5404.03015137,5235.41015625,5517.46112061,5422.28015137,5489.66809082,5456.20007325,1158.43994141,4625.5600586,5169.62011719,5265.08007813,5306.61010743,5053.20007325,5686.3491211,5906.02709961,6019.40109253,4168.63012696,3312.79003907,3483.02001953,4971.38012696,4863.15014649,5083.77014161,5983.22610474,5998.58010865
6120542580,2768.03955078,0.0,8050.9296875,4974.02978516,687.66992187,3716.27978516,2591.64941406,7468.00964356,4625.02978516,4305.38964844,8219.949646,687.66992187,3380.36962891,1836.21972656,8235.46966553,1394.79980469,4800.4296875,6389.40966797,6101.04956055,6101.04956055,6210.4296875,5954.2097168,5049.63964844,8667.70562744,5624.40966797,6511.37963867,5537.24975586,6346.68969727,8763.05163574,6944.41967774,8808.17965698,7270.75964356,7270.75964356,8230.46966553,8112.24963379,7899.9296875,8149.01965332,7626.65966797,8363.90466309,8741.14065552,8397.18267822,8831.73165894,8292.74865723,8321.53863526,8090.83959961,8172.06970215,8003.44970703,8285.50067139,8190.31970215,8257.7076416,8224.23962403,3926.47949219,7393.59960938,7937.65966797,8033.11962891,8074.64965821,7821.23962403,8454.38867188,8674.06665039,8787.44064331,6936.66967774,6080.82958985,6251.05957031,7739.41967774,7631.18969727,7851.80969239,8751.26565552,8766.61965943
6120542590,5282.89013672,8050.9296875,0.0,3076.89990234,8738.59960937,4334.64990234,5459.28027344,582.92004394,3425.89990234,3745.54003906,169.0199585,8738.59960937,4670.56005859,6214.70996094,184.53997803,6656.12988281,3250.5,1661.52001953,1949.88012695,1949.88012695,1840.5,2096.7199707,3001.29003906,616.775939944,2426.52001953,1539.55004883,2513.67993164,1704.23999023,712.121948245,1106.51000976,757.249969485,780.17004394,780.17004394,179.53997803,61.31994629,151.0,98.08996582,424.27001953,312.974975588,690.21096802,346.252990725,780.801971438,241.818969729,270.608947756,39.90991211,121.14001465,47.47998047,234.570983889,139.39001465,206.777954104,173.30993653,4124.45019531,657.33007812,113.27001953,17.81005859,23.71997071,229.69006347,403.458984377,623.136962893,736.510955813,1114.26000976,1970.10009765,1799.87011719,311.51000976,419.73999023,199.11999511,700.33596802,715.689971926
6120544730,2205.99023438,4974.02978516,3076.89990234,0.0,5661.69970703,1257.75,2382.3803711,2493.9798584,349.0,668.64013672,3245.91986084,5661.69970703,1593.66015625,3137.8100586,3261.43988037,3579.22998047,173.60009766,1415.37988281,1127.01977539,1127.01977539,1236.39990234,980.17993164,75.60986328,3693.67584228,650.37988281,1537.34985351,563.2199707,1372.65991211,3789.02185059,1970.38989258,3834.14987183,2296.7298584,2296.7298584,3256.43988037,3138.21984863,2925.89990234,3174.98986816,2652.62988281,3389.87487793,3767.11087036,3423.15289307,3857.70187378,3318.71887207,3347.5088501,3116.80981445,3198.03991699,3029.41992187,3311.47088623,3216.28991699,3283.67785644,3250.20983887,1047.55029297,2419.56982422,2963.62988281,3059.08984375,3100.61987305,2847.20983887,3480.35888672,3700.03686523,3813.41085815,1962.63989258,1106.79980469,1277.02978515,2765.38989258,2657.15991211,2877.77990723,3777.23587036,3792.58987427
6120546160,3455.70947265,687.66992187,8738.59960937,5661.69970703,0.0,4403.94970703,3279.31933593,8155.67956543,5312.69970703,4993.05957031,8907.61956787,0.0,4068.03955078,2523.88964843,8923.1395874,2082.46972656,5488.09960937,7077.07958984,6788.71948242,6788.71948242,6898.09960937,6641.87963867,5737.30957031,9355.37554931,6312.07958984,7199.04956054,6224.91967773,7034.35961914,9450.72155762,7632.08959961,9495.84957886,7958.42956543,7958.42956543,8918.1395874,8799.91955566,8587.59960937,8836.68957519,8314.32958984,9051.57458496,9428.81057739,9084.8526001,9519.40158081,8980.4185791,9009.20855713,8778.50952148,8859.73962402,8691.1196289,8973.17059326,8877.98962402,8945.37756347,8911.9095459,4614.14941406,8081.26953125,8625.32958984,8720.78955078,8762.31958008,8508.9095459,9142.05859375,9361.73657226,9475.11056518,7624.33959961,6768.49951172,6938.72949218,8427.08959961,8318.85961914,8539.47961426,9438.93557739,9454.2895813
6120549170,948.24023438,3716.27978516,4334.64990234,1257.75,4403.94970703,0.0,1124.6303711,3751.7298584,908.75,589.10986328,4503.66986084,4403.94970703,335.91015625,1880.0600586,4519.18988037,2321.47998047,1084.14990234,2673.12988281,2384.76977539,2384.76977539,2494.14990234,2237.92993164,1333.35986328,4951.42584228,1908.12988281,2795.09985351,1820.9699707,2630.40991211,5046.77185059,3228.13989258,5091.89987183,3554.4798584,3554.4798584,4514.18988037,4395.96984863,4183.64990234,4432.73986816,3910.37988281,4647.62487793,5024.86087036,4680.90289307,5115.45187378,4576.46887207,4605.2588501,4374.55981445,4455.78991699,4287.16992187,4569.22088623,4474.03991699,4541.42785644,4507.95983887,210.19970703,3677.31982422,4221.37988281,4316.83984375,4358.36987305,4104.95983887,4738.10888672,4957.78686523,5071.16085815,3220.38989258,2364.54980469,2534.77978515,4023.13989258,3914.90991211,4135.52990723,5034.98587036,5050.33987427
6120549770,176.39013672,2591.64941406,5459.28027344,2382.3803711,3279.31933593,1124.6303711,0.0,4876.3602295,2033.3803711,1713.74023438,5628.30023194,3279.31933593,788.72021485,755.4296875,5643.82025147,1196.84960937,2208.78027344,3797.76025391,3509.40014649,3509.40014649,3618.78027344,3362.56030274,2457.99023438,6076.05621338,3032.76025391,3919.73022461,2945.6003418,3755.04028321,6171.40222169,4352.77026368,6216.53024293,4679.1102295,4679.1102295,5638.82025147,5520.60021973,5308.28027344,5557.37023926,5035.01025391,5772.25524903,6149.49124146,5805.53326417,6240.08224488,5701.09924317,5729.8892212,5499.19018555,5580.42028809,5411.80029297,5693.85125733,5598.67028809,5666.05822754,5632.59020997,1334.83007813,4801.95019532,5346.01025391,5441.47021485,5483.00024415,5229.59020997,5862.73925782,6082.41723633,6195.79122925,4345.02026368,3489.18017579,3659.41015625,5147.77026368,5039.54028321,5260.16027833,6159.61624146,6174.97024537
6120549930,4699.97009278,7468.00964356,582.92004394,2493.9798584,8155.67956543,3751.7298584,4876.3602295,0.0,2842.9798584,3162.61999512,751.94000244,8155.67956543,4087.64001465,5631.789917,767.46002197,6073.20983887,2667.57995606,1078.59997559,1366.96008301,1366.96008301,1257.57995606,1513.79992676,2418.36999512,1199.69598388,1843.59997559,956.63000489,1930.7598877,1121.31994629,1295.04199218,523.58996582,1340.17001342,197.25,197.25,762.46002197,644.23999023,431.92004394,681.01000976,158.65002441,895.895019528,1273.13101196,929.173034665,1363.72201538,824.739013669,853.528991696,622.82995605,704.06005859,535.44006347,817.491027829,722.31005859,789.697998044,756.22998047,3541.53015137,74.41003418,469.65002441,565.10998535,606.64001465,353.22998047,986.379028317,1206.05700683,1319.43099975,531.33996582,1387.18005371,1216.95007325,271.41003418,163.18005371,383.80004883,1283.25601196,1298.61001587
6120549940,1856.99023438,4625.02978516,3425.89990234,349.0,5312.69970703,908.75,2033.3803711,2842.9798584,0.0,319.64013672,3594.91986084,5312.69970703,1244.66015625,2788.8100586,3610.43988037,3230.22998047,175.39990234,1764.37988281,1476.01977539,1476.01977539,1585.39990234,1329.17993164,424.60986328,4042.67584228,999.37988281,1886.34985351,912.2199707,1721.65991211,4138.02185059,2319.38989258,4183.14987183,2645.7298584,2645.7298584,3605.43988037,3487.21984863,3274.89990234,3523.98986816,3001.62988281,3738.87487793,4116.11087036,3772.15289307,4206.70187378,3667.71887207,3696.5088501,3465.80981445,3547.03991699,3378.41992187,3660.47088623,3565.28991699,3632.67785644,3599.20983887,698.55029297,2768.56982422,3312.62988281,3408.08984375,3449.61987305,3196.20983887,3829.35888672,4049.03686523,4162.41085815,2311.63989258,1455.79980469,1626.02978515,3114.38989258,3006.15991211,3226.77990723,4126.23587036,4141.58987427
6120550030,1537.35009766,4305.38964844,3745.54003906,668.64013672,4993.05957031,589.10986328,1713.74023438,3162.61999512,319.64013672,0.0,3914.55999756,4993.05957031,925.02001953,2469.16992188,3930.08001709,2910.58984375,495.04003906,2084.02001953,1795.65991211,1795.65991211,1905.04003906,1648.82006836,744.25,4362.315979,1319.02001953,2205.98999023,1231.86010742,2041.30004883,4457.66198731,2639.0300293,4502.79000855,2965.36999512,2965.36999512,3925.08001709,3806.85998535,3594.54003906,3843.63000488,3321.27001953,4058.51501465,4435.75100708,4091.79302978,4526.3420105,3987.35900879,4016.14898682,3785.44995117,3866.68005371,3698.06005859,3980.11102295,3884.93005371,3952.31799316,3918.84997559,378.91015625,3088.20996094,3632.27001953,3727.72998047,3769.26000977,3515.84997559,4148.99902344,4368.67700195,4482.05099487,2631.2800293,1775.43994141,1945.66992187,3434.0300293,3325.80004883,3546.42004395,4445.87600708,4461.23001099
6120550040,5451.91009522,8219.949646,169.0199585,3245.91986084,8907.61956787,4503.66986084,5628.30023194,751.94000244,3594.91986084,3914.55999756,0.0,8907.61956787,4839.58001709,6383.72991944,15.52001953,6825.14984131,3419.5199585,1830.53997803,2118.90008545,2118.90008545,2009.5199585,2265.7399292,3170.30999756,447.755981444,2595.53997803,1708.57000733,2682.69989014,1873.25994873,543.101989745,1275.52996826,588.230010985,949.19000244,949.19000244,10.52001953,107.70001221,320.0199585,70.92999268,593.28997803,143.955017088,521.19100952,177.233032225,611.782012938,72.799011229,101.588989256,129.11004639,47.87994385,216.49993897,65.551025389,29.62994385,37.757995604,4.28997803,4293.47015381,826.35003662,282.28997803,186.83001709,145.29998779,398.71002197,234.439025877,454.117004393,567.490997313,1283.27996826,2139.12005615,1968.89007569,480.52996826,588.75994873,368.13995361,531.31600952,546.670013426
6120550140,3455.70947265,687.66992187,8738.59960937,5661.69970703,0.0,4403.94970703,3279.31933593,8155.67956543,5312.69970703,4993.05957031,8907.61956787,0.0,4068.03955078,2523.88964843,8923.1395874,2082.46972656,5488.09960937,7077.07958984,6788.71948242,6788.71948242,6898.09960937,6641.87963867,5737.30957031,9355.37554931,6312.07958984,7199.04956054,6224.91967773,7034.35961914,9450.72155762,7632.08959961,9495.84957886,7958.42956543,7958.42956543,8918.1395874,8799.91955566,8587.59960937,8836.68957519,8314.32958984,9051.57458496,9428.81057739,9084.8526001,9519.40158081,8980.4185791,9009.20855713,8778.50952148,8859.73962402,8691.1196289,8973.17059326,8877.98962402,8945.37756347,8911.9095459,4614.14941406,8081.26953125,8625.32958984,8720.78955078,8762.31958008,8508.9095459,9142.05859375,9361.73657226,9475.11056518,7624.33959961,6768.49951172,6938.72949218,8427.08959961,8318.85961914,8539.47961426,9438.93557739,9454.2895813
6120550260,612.33007813,3380.36962891,4670.56005859,1593.66015625,4068.03955078,335.91015625,788.72021485,4087.64001465,1244.66015625,925.02001953,4839.58001709,4068.03955078,0.0,1544.14990235,4855.10003662,1985.56982422,1420.06005859,3009.04003906,2720.67993164,2720.67993164,2830.06005859,2573.84008789,1669.27001953,5287.33599853,2244.04003906,3131.01000976,2156.88012695,2966.32006836,5382.68200684,3564.05004883,5427.81002808,3890.39001465,3890.39001465,4850.10003662,4731.88000488,4519.56005859,4768.65002441,4246.29003906,4983.53503418,5360.77102661,5016.81304932,5451.36203003,4912.37902832,4941.16900635,4710.4699707,4791.70007324,4623.08007812,4905.13104248,4809.95007324,4877.33801269,4843.86999512,546.10986328,4013.22998047,4557.29003906,4652.75,4694.2800293,4440.86999512,5074.01904297,5293.69702148,5407.0710144,3556.30004883,2700.45996094,2870.6899414,4359.05004883,4250.82006836,4471.44006348,5370.89602661,5386.25003052
6120550650,931.81982422,1836.21972656,6214.70996094,3137.8100586,2523.88964843,1880.0600586,755.4296875,5631.789917,2788.8100586,2469.16992188,6383.72991944,2523.88964843,1544.14990235,0.0,6399.24993897,441.41992187,2964.20996094,4553.18994141,4264.82983399,4264.82983399,4374.20996094,4117.98999024,3213.41992188,6831.48590088,3788.18994141,4675.15991211,3701.0300293,4510.46997071,6926.83190919,5108.19995118,6971.95993043,5434.539917,5434.539917,6394.24993897,6276.02990723,6063.70996094,6312.79992676,5790.43994141,6527.68493653,6904.92092896,6560.96295167,6995.51193238,6456.52893067,6485.3189087,6254.61987305,6335.84997559,6167.22998047,6449.28094483,6354.09997559,6421.48791504,6388.01989747,2090.25976563,5557.37988282,6101.43994141,6196.89990235,6238.42993165,5985.01989747,6618.16894532,6837.84692383,6951.22091675,5100.44995118,4244.60986329,4414.83984375,5903.19995118,5794.96997071,6015.58996583,6915.04592896,6930.39993287
6120550660,5467.43011475,8235.46966553,184.53997803,3261.43988037,8923.1395874,4519.18988037,5643.82025147,767.46002197,3610.43988037,3930.08001709,15.52001953,8923.1395874,4855.10003662,6399.24993897,0.0,6840.66986084,3435.03997803,1846.05999756,2134.42010498,2134.42010498,2025.03997803,2281.25994873,3185.83001709,432.235961914,2611.05999756,1724.09002686,2698.21990967,1888.77996826,527.581970215,1291.04998779,572.709991455,964.71002197,964.71002197,5.0,123.22003174,335.53997803,86.45001221,608.80999756,128.434997558,505.67098999,161.713012695,596.261993408,57.278991699,86.068969726,144.63006592,63.39996338,232.0199585,50.031005859,45.14996338,22.237976074,11.2300415,4308.99017334,841.87005615,297.80999756,202.35003662,160.82000732,414.2300415,218.919006347,438.596984863,551.970977783,1298.79998779,2154.64007568,1984.41009522,496.04998779,604.27996826,383.65997314,515.79598999,531.149993896
6120550850,1373.23974609,1394.79980469,6656.12988281,3579.22998047,2082.46972656,2321.47998047,1196.84960937,6073.20983887,3230.22998047,2910.58984375,6825.14984131,2082.46972656,1985.56982422,441.41992187,6840.66986084,0.0,3405.62988281,4994.60986328,4706.24975586,4706.24975586,4815.62988281,4559.40991211,3654.83984375,7272.90582275,4229.60986328,5116.57983398,4142.44995117,4951.88989258,7368.25183106,5549.61987305,7413.3798523,5875.95983887,5875.95983887,6835.66986084,6717.4498291,6505.12988281,6754.21984863,6231.85986328,6969.1048584,7346.34085083,7002.38287353,7436.93185425,6897.94885254,6926.73883057,6696.03979492,6777.26989746,6608.64990234,6890.7008667,6795.51989746,6862.90783691,6829.43981934,2531.6796875,5998.79980469,6542.85986328,6638.31982422,6679.84985352,6426.43981934,7059.58886719,7279.2668457,7392.64083862,5541.86987305,4686.02978516,4856.25976562,6344.61987305,6236.38989258,6457.0098877,7356.46585083,7371.81985474
6120551030,2032.39013672,4800.4296875,3250.5,173.60009766,5488.09960937,1084.14990234,2208.78027344,2667.57995606,175.39990234,495.04003906,3419.5199585,5488.09960937,1420.06005859,2964.20996094,3435.03997803,3405.62988281,0.0,1588.97998047,1300.61987305,1300.61987305,1410.0,1153.7800293,249.20996094,3867.27593994,823.97998047,1710.94995117,736.82006836,1546.26000977,3962.62194825,2143.98999024,4007.74996949,2470.32995606,2470.32995606,3430.03997803,3311.81994629,3099.5,3348.58996582,2826.22998047,3563.47497559,3940.71096802,3596.75299073,4031.30197144,3492.31896973,3521.10894776,3290.40991211,3371.64001465,3203.02001953,3485.07098389,3389.89001465,3457.2779541,3423.80993653,873.95019531,2593.16992188,3137.22998047,3232.68994141,3274.21997071,3020.80993653,3653.95898438,3873.63696289,3987.01095581,2136.23999024,1280.39990235,1450.62988281,2938.98999024,2830.76000977,3051.38000489,3950.83596802,3966.18997193
6120553760,3621.37011719,6389.40966797,1661.52001953,1415.37988281,7077.07958984,2673.12988281,3797.76025391,1078.59997559,1764.37988281,2084.02001953,1830.53997803,7077.07958984,3009.04003906,4553.18994141,1846.05999756,4994.60986328,1588.97998047,0.0,288.36010742,288.36010742,178.97998047,435.19995117,1339.77001953,2278.29595947,765.0,121.9699707,852.15991211,42.7199707,2373.64196778,555.01000977,2418.76998902,881.34997559,881.34997559,1841.05999756,1722.83996582,1510.52001953,1759.60998535,1237.25,1974.49499512,2351.73098755,2007.77301026,2442.32199097,1903.33898926,1932.12896729,1701.42993164,1782.66003418,1614.04003906,1896.09100342,1800.91003418,1868.29797363,1834.82995606,2462.93017578,1004.18994141,1548.25,1643.70996094,1685.23999024,1431.82995606,2064.97900391,2284.65698242,2398.03097534,547.26000977,308.58007812,138.35009766,1350.01000977,1241.7800293,1462.40002442,2361.85598755,2377.20999146
6120555470,3333.01000977,6101.04956055,1949.88012695,1127.01977539,6788.71948242,2384.76977539,3509.40014649,1366.96008301,1476.01977539,1795.65991211,2118.90008545,6788.71948242,2720.67993164,4264.82983399,2134.42010498,4706.24975586,1300.61987305,288.36010742,0.0,0.0,109.38012695,146.83984375,1051.40991211,2566.65606689,476.63989258,410.33007812,563.79980469,245.64013672,2662.0020752,843.37011719,2707.13009644,1169.71008301,1169.71008301,2129.42010498,2011.20007324,1798.88012695,2047.97009277,1525.61010742,2262.85510254,2640.09109497,2296.13311767,2730.68209839,2191.69909668,2220.48907471,1989.79003906,2071.0201416,1902.40014648,2184.45111084,2089.2701416,2156.65808105,2123.19006348,2174.57006836,1292.55004883,1836.61010742,1932.07006836,1973.60009766,1720.19006348,2353.33911133,2573.01708984,2686.39108276,835.62011719,20.2199707,150.01000976,1638.37011719,1530.14013672,1750.76013184,2650.21609497,2665.57009888
6120558960,3333.01000977,6101.04956055,1949.88012695,1127.01977539,6788.71948242,2384.76977539,3509.40014649,1366.96008301,1476.01977539,1795.65991211,2118.90008545,6788.71948242,2720.67993164,4264.82983399,2134.42010498,4706.24975586,1300.61987305,288.36010742,0.0,0.0,109.38012695,146.83984375,1051.40991211,2566.65606689,476.63989258,410.33007812,563.79980469,245.64013672,2662.0020752,843.37011719,2707.13009644,1169.71008301,1169.71008301,2129.42010498,2011.20007324,1798.88012695,2047.97009277,1525.61010742,2262.85510254,2640.09109497,2296.13311767,2730.68209839,2191.69909668,2220.48907471,1989.79003906,2071.0201416,1902.40014648,2184.45111084,2089.2701416,2156.65808105,2123.19006348,2174.57006836,1292.55004883,1836.61010742,1932.07006836,1973.60009766,1720.19006348,2353.33911133,2573.01708984,2686.39108276,835.62011719,20.2199707,150.01000976,1638.37011719,1530.14013672,1750.76013184,2650.21609497,2665.57009888
6120559160,3442.39013672,6210.4296875,1840.5,1236.39990234,6898.09960937,2494.14990234,3618.78027344,1257.57995606,1585.39990234,1905.04003906,2009.5199585,6898.09960937,2830.06005859,4374.20996094,2025.03997803,4815.62988281,1410.0,178.97998047,109.38012695,109.38012695,0.0,256.2199707,1160.79003906,2457.27593994,586.02001953,300.94995117,673.17993164,136.26000977,2552.62194825,733.98999024,2597.74996949,1060.32995606,1060.32995606,2020.03997803,1901.81994629,1689.5,1938.58996582,1416.22998047,2153.47497559,2530.71096802,2186.75299073,2621.30197144,2082.31896973,2111.10894776,1880.40991211,1961.64001465,1793.02001953,2075.07098389,1979.89001465,2047.2779541,2013.80993653,2283.95019531,1183.16992188,1727.22998047,1822.68994141,1864.21997071,1610.80993653,2243.95898438,2463.63696289,2577.01095581,726.23999024,129.60009765,40.62988281,1528.98999024,1420.76000977,1641.38000489,2540.83596802,2556.18997193
6120561950,3186.17016602,5954.2097168,2096.7199707,980.17993164,6641.87963867,2237.92993164,3362.56030274,1513.79992676,1329.17993164,1648.82006836,2265.7399292,6641.87963867,2573.84008789,4117.98999024,2281.25994873,4559.40991211,1153.7800293,435.19995117,146.83984375,146.83984375,256.2199707,0.0,904.57006836,2713.49591064,329.80004883,557.16992187,416.95996094,392.47998047,2808.84191895,990.20996094,2853.96994019,1316.54992676,1316.54992676,2276.25994873,2158.03991699,1945.7199707,2194.80993652,1672.44995117,2409.69494629,2786.93093872,2442.97296142,2877.52194214,2338.53894043,2367.32891846,2136.62988281,2217.85998535,2049.23999023,2331.29095459,2236.10998535,2303.4979248,2270.02990723,2027.73022461,1439.38989258,1983.44995117,2078.90991211,2120.43994141,1867.02990723,2500.17895508,2719.85693359,2833.23092651,982.45996094,126.61987305,296.84985351,1785.20996094,1676.97998047,1897.59997559,2797.05593872,2812.40994263
6120562670,2281.60009766,5049.63964844,3001.29003906,75.60986328,5737.30957031,1333.35986328,2457.99023438,2418.36999512,424.60986328,744.25,3170.30999756,5737.30957031,1669.27001953,3213.41992188,3185.83001709,3654.83984375,249.20996094,1339.77001953,1051.40991211,1051.40991211,1160.79003906,904.57006836,0.0,3618.065979,574.77001953,1461.73999023,487.61010742,1297.05004883,3713.4119873,1894.7800293,3758.54000855,2221.11999512,2221.11999512,3180.83001709,3062.60998535,2850.29003906,3099.38000488,2577.02001953,3314.26501465,3691.50100708,3347.54302978,3782.0920105,3243.10900879,3271.89898682,3041.19995117,3122.43005371,2953.81005859,3235.86102295,3140.68005371,3208.06799316,3174.59997559,1123.16015625,2343.95996094,2888.02001953,2983.47998047,3025.01000977,2771.59997559,3404.74902344,3624.42700195,3737.80099487,1887.0300293,1031.18994141,1201.41992187,2689.7800293,2581.55004883,2802.17004395,3701.62600708,3716.98001099
6120563960,5899.66607666,8667.70562744,616.775939944,3693.67584228,9355.37554931,4951.42584228,6076.05621338,1199.69598388,4042.67584228,4362.315979,447.755981444,9355.37554931,5287.33599853,6831.48590088,432.235961914,7272.90582275,3867.27593994,2278.29595947,2566.65606689,2566.65606689,2457.27593994,2713.49591064,3618.065979,0.0,3043.29595947,2156.32598877,3130.45587158,2321.01593017,95.346008301,1723.2859497,140.474029541,1396.94598388,1396.94598388,437.235961914,555.455993654,767.775939944,518.685974124,1041.04595947,303.800964356,73.435028076,270.522949219,164.026031494,374.956970215,346.166992188,576.866027834,495.635925294,664.255920414,382.204956055,477.385925294,409.99798584,443.466003414,4741.22613525,1274.10601806,730.045959474,634.585998534,593.055969234,846.466003414,213.316955567,6.361022949,119.735015869,1731.0359497,2586.87603759,2416.64605713,928.285949704,1036.51593017,815.895935054,83.560028076,98.914031982
6120564180,2856.37011719,5624.40966797,2426.52001953,650.37988281,6312.07958984,1908.12988281,3032.76025391,1843.59997559,999.37988281,1319.02001953,2595.53997803,6312.07958984,2244.04003906,3788.18994141,2611.05999756,4229.60986328,823.97998047,765.0,476.63989258,476.63989258,586.02001953,329.80004883,574.77001953,3043.29595947,0.0,886.9699707,87.15991211,722.2800293,3138.64196778,1320.01000977,3183.76998902,1646.34997559,1646.34997559,2606.05999756,2487.83996582,2275.52001953,2524.60998535,2002.25,2739.49499512,3116.73098755,2772.77301026,3207.32199097,2668.33898926,2697.12896729,2466.42993164,2547.66003418,2379.04003906,2661.09100342,2565.91003418,2633.29797363,2599.82995606,1697.93017578,1769.18994141,2313.25,2408.70996094,2450.23999024,2196.82995606,2829.97900391,3049.65698242,3163.03097534,1312.26000977,456.41992188,626.64990234,2115.01000977,2006.7800293,2227.40002442,3126.85598755,3142.20999146
6120564190,3743.34008789,6511.37963867,1539.55004883,1537.34985351,7199.04956054,2795.09985351,3919.73022461,956.63000489,1886.34985351,2205.98999023,1708.57000733,7199.04956054,3131.01000976,4675.15991211,1724.09002686,5116.57983398,1710.94995117,121.9699707,410.33007812,410.33007812,300.94995117,557.16992187,1461.73999023,2156.32598877,886.9699707,0.0,974.12988281,164.6899414,2251.67199708,433.04003907,2296.80001832,759.38000489,759.38000489,1719.09002686,1600.86999512,1388.55004883,1637.64001465,1115.2800293,1852.52502442,2229.76101685,1885.80303956,2320.35202027,1781.36901856,1810.15899659,1579.45996094,1660.69006348,1492.07006836,1774.12103272,1678.94006348,1746.32800293,1712.85998536,2584.90014648,882.21997071,1426.2800293,1521.73999024,1563.27001954,1309.85998536,1943.00903321,2162.68701172,2276.06100464,425.29003907,430.55004882,260.32006836,1228.04003907,1119.8100586,1340.43005372,2239.88601685,2255.24002076
6120564890,2769.21020508,5537.24975586,2513.67993164,563.2199707,6224.91967773,1820.9699707,2945.6003418,1930.7598877,912.2199707,1231.86010742,2682.69989014,6224.91967773,2156.88012695,3701.0300293,2698.21990967,4142.44995117,736.82006836,852.15991211,563.79980469,563.79980469,673.17993164,416.95996094,487.61010742,3130.45587158,87.15991211,974.12988281,0.0,809.43994141,3225.80187988,1407.16992188,3270.92990113,1733.5098877,1733.5098877,2693.21990967,2574.99987793,2362.67993164,2611.76989746,2089.40991211,2826.65490723,3203.89089966,2859.93292237,3294.48190308,2755.49890137,2784.2888794,2553.58984375,2634.81994629,2466.19995117,2748.25091553,2653.06994629,2720.45788574,2686.98986817,1610.77026367,1856.34985352,2400.40991211,2495.86987305,2537.39990235,2283.98986817,2917.13891602,3136.81689453,3250.19088745,1399.41992188,543.57983399,713.80981445,2202.16992188,2093.93994141,2314.55993653,3214.01589966,3229.36990357
6120565280,3578.65014649,6346.68969727,1704.23999023,1372.65991211,7034.35961914,2630.40991211,3755.04028321,1121.31994629,1721.65991211,2041.30004883,1873.25994873,7034.35961914,2966.32006836,4510.46997071,1888.77996826,4951.88989258,1546.26000977,42.7199707,245.64013672,245.64013672,136.26000977,392.47998047,1297.05004883,2321.01593017,722.2800293,164.6899414,809.43994141,0.0,2416.36193847,597.72998047,2461.48995972,924.06994629,924.06994629,1883.77996826,1765.55993652,1553.23999023,1802.32995605,1279.9699707,2017.21496582,2394.45095825,2050.49298096,2485.04196167,1946.05895996,1974.84893799,1744.14990234,1825.38000488,1656.76000976,1938.81097412,1843.63000488,1911.01794433,1877.54992676,2420.21020508,1046.90991211,1590.9699707,1686.42993164,1727.95996094,1474.54992676,2107.69897461,2327.37695312,2440.75094604,589.97998047,265.86010742,95.63012696,1392.72998047,1284.5,1505.11999512,2404.57595825,2419.92996216
6120566220,5995.01208497,8763.05163574,712.121948245,3789.02185059,9450.72155762,5046.77185059,6171.40222169,1295.04199218,4138.02185059,4457.66198731,543.101989745,9450.72155762,5382.68200684,6926.83190919,527.581970215,7368.25183106,3962.62194825,2373.64196778,2662.0020752,2662.0020752,2552.62194825,2808.84191895,3713.4119873,95.346008301,3138.64196778,2251.67199708,3225.80187988,2416.36193847,0.0,1818.631958,45.12802124,1492.29199218,1492.29199218,532.581970215,650.802001955,863.121948245,614.031982425,1136.39196778,399.146972657,21.910980225,365.86895752,68.680023193,470.302978516,441.513000489,672.212036135,590.981933595,759.601928715,477.550964356,572.731933595,505.343994141,538.812011715,4836.57214356,1369.45202637,825.391967775,729.932006835,688.401977535,941.812011715,308.662963868,88.984985352,24.389007568,1826.381958,2682.2220459,2511.99206543,1023.63195801,1131.86193847,911.241943355,11.785980225,3.568023681
6120566390,4176.38012696,6944.41967774,1106.51000976,1970.38989258,7632.08959961,3228.13989258,4352.77026368,523.58996582,2319.38989258,2639.0300293,1275.52996826,7632.08959961,3564.05004883,5108.19995118,1291.04998779,5549.61987305,2143.98999024,555.01000977,843.37011719,843.37011719,733.98999024,990.20996094,1894.7800293,1723.2859497,1320.01000977,433.04003907,1407.16992188,597.72998047,1818.631958,0.0,1863.75997925,326.33996582,326.33996582,1286.04998779,1167.82995605,955.51000976,1204.59997558,682.23999023,1419.48498535,1796.72097778,1452.76300049,1887.3119812,1348.32897949,1377.11895752,1146.41992187,1227.65002441,1059.03002929,1341.08099365,1245.90002441,1313.28796386,1279.81994629,3017.94018555,449.17993164,993.23999023,1088.69995117,1130.22998047,876.81994629,1509.96899414,1729.64697265,1843.02096557,7.75,863.59008789,693.36010743,795.0,686.77001953,907.39001465,1806.84597778,1822.19998169
6120567600,6040.1401062,8808.17965698,757.249969485,3834.14987183,9495.84957886,5091.89987183,6216.53024293,1340.17001342,4183.14987183,4502.79000855,588.230010985,9495.84957886,5427.81002808,6971.95993043,572.709991455,7413.3798523,4007.74996949,2418.76998902,2707.13009644,2707.13009644,2597.74996949,2853.96994019,3758.54000855,140.474029541,3183.76998902,2296.80001832,3270.92990113,2461.48995972,45.12802124,1863.75997925,0.0,1537.42001342,1537.42001342,577.709991455,695.930023195,908.249969485,659.160003665,1181.51998902,444.274993897,67.039001465,410.99697876,23.552001953,515.430999756,486.641021729,717.340057375,636.109954835,804.729949955,522.678985596,617.859954835,550.472015381,583.940032955,4881.7001648,1414.5800476,870.519989015,775.060028075,733.529998775,986.940032955,353.790985108,134.113006592,20.739013672,1871.50997925,2727.35006714,2557.12008668,1068.75997925,1176.98995972,956.369964595,56.914001465,41.559997559
6120568540,4502.72009278,7270.75964356,780.17004394,2296.7298584,7958.42956543,3554.4798584,4679.1102295,197.25,2645.7298584,2965.36999512,949.19000244,7958.42956543,3890.39001465,5434.539917,964.71002197,5875.95983887,2470.32995606,881.34997559,1169.71008301,1169.71008301,1060.32995606,1316.54992676,2221.11999512,1396.94598388,1646.34997559,759.38000489,1733.5098877,924.06994629,1492.29199218,326.33996582,1537.42001342,0.0,0.0,959.71002197,841.48999023,629.17004394,878.26000976,355.90002441,1093.14501953,1470.38101196,1126.42303466,1560.97201538,1021.98901367,1050.7789917,820.07995605,901.31005859,732.69006347,1014.74102783,919.56005859,986.947998044,953.47998047,3344.28015137,122.83996582,666.90002441,762.35998535,803.89001465,550.47998047,1183.62902832,1403.30700683,1516.68099975,334.08996582,1189.93005371,1019.70007325,468.66003418,360.43005371,581.05004883,1480.50601196,1495.86001587
6120571440,4502.72009278,7270.75964356,780.17004394,2296.7298584,7958.42956543,3554.4798584,4679.1102295,197.25,2645.7298584,2965.36999512,949.19000244,7958.42956543,3890.39001465,5434.539917,964.71002197,5875.95983887,2470.32995606,881.34997559,1169.71008301,1169.71008301,1060.32995606,1316.54992676,2221.11999512,1396.94598388,1646.34997559,759.38000489,1733.5098877,924.06994629,1492.29199218,326.33996582,1537.42001342,0.0,0.0,959.71002197,841.48999023,629.17004394,878.26000976,355.90002441,1093.14501953,1470.38101196,1126.42303466,1560.97201538,1021.98901367,1050.7789917,820.07995605,901.31005859,732.69006347,1014.74102783,919.56005859,986.947998044,953.47998047,3344.28015137,122.83996582,666.90002441,762.35998535,803.89001465,550.47998047,1183.62902832,1403.30700683,1516.68099975,334.08996582,1189.93005371,1019.70007325,468.66003418,360.43005371,581.05004883,1480.50601196,1495.86001587
6120572200,5462.43011475,8230.46966553,179.53997803,3256.43988037,8918.1395874,4514.18988037,5638.82025147,762.46002197,3605.43988037,3925.08001709,10.52001953,8918.1395874,4850.10003662,6394.24993897,5.0,6835.66986084,3430.03997803,1841.05999756,2129.42010498,2129.42010498,2020.03997803,2276.25994873,3180.83001709,437.235961914,2606.05999756,1719.09002686,2693.21990967,1883.77996826,532.581970215,1286.04998779,577.709991455,959.71002197,959.71002197,0.0,118.22003174,330.53997803,81.45001221,603.80999756,133.434997558,510.67098999,166.713012695,601.261993408,62.278991699,91.068969726,139.63006592,58.39996338,227.0199585,55.031005859,40.14996338,27.237976074,6.2300415,4303.99017334,836.87005615,292.80999756,197.35003662,155.82000732,409.2300415,223.919006347,443.596984863,556.970977783,1293.79998779,2149.64007568,1979.41009522,491.04998779,599.27996826,378.65997314,520.79598999,536.149993896
6120576200,5344.21008301,8112.24963379,61.31994629,3138.21984863,8799.91955566,4395.96984863,5520.60021973,644.23999023,3487.21984863,3806.85998535,107.70001221,8799.91955566,4731.88000488,6276.02990723,123.22003174,6717.4498291,3311.81994629,1722.83996582,2011.20007324,2011.20007324,1901.81994629,2158.03991699,3062.60998535,555.455993654,2487.83996582,1600.86999512,2574.99987793,1765.55993652,650.802001955,1167.82995605,695.930023195,841.48999023,841.48999023,118.22003174,0.0,212.31994629,36.77001953,485.58996582,251.655029298,628.89102173,284.933044435,719.482025148,180.499023439,209.289001466,21.41003418,59.82006836,108.79992676,173.251037599,78.07006836,145.458007814,111.98999024,4185.7701416,718.65002441,174.58996582,79.13000488,37.59997558,291.01000976,342.139038087,561.817016603,675.191009523,1175.57995605,2031.42004394,1861.19006348,372.82995605,481.05993652,260.4399414,639.01602173,654.370025636
6120577240,5131.89013672,7899.9296875,151.0,2925.89990234,8587.59960937,4183.64990234,5308.28027344,431.92004394,3274.89990234,3594.54003906,320.0199585,8587.59960937,4519.56005859,6063.70996094,335.53997803,6505.12988281,3099.5,1510.52001953,1798.88012695,1798.88012695,1689.5,1945.7199707,2850.29003906,767.775939944,2275.52001953,1388.55004883,2362.67993164,1553.23999023,863.121948245,955.51000976,908.249969485,629.17004394,629.17004394,330.53997803,212.31994629,0.0,249.08996582,273.27001953,463.974975588,841.21096802,497.252990725,931.801971438,392.818969729,421.608947756,190.90991211,272.14001465,103.52001953,385.570983889,290.39001465,357.777954104,324.30993653,3973.45019531,506.33007812,37.72998047,133.18994141,174.71997071,78.69006347,554.458984377,774.136962893,887.510955813,963.26000976,1819.10009765,1648.87011719,160.51000976,268.73999023,48.11999511,851.33596802,866.689971926
6120579310,5380.98010254,8149.01965332,98.08996582,3174.98986816,8836.68957519,4432.73986816,5557.37023926,681.01000976,3523.98986816,3843.63000488,70.92999268,8836.68957519,4768.65002441,6312.79992676,86.45001221,6754.21984863,3348.58996582,1759.60998535,2047.97009277,2047.97009277,1938.58996582,2194.80993652,3099.38000488,518.685974124,2524.60998535,1637.64001465,2611.76989746,1802.32995605,614.031982425,1204.59997558,659.160003665,878.26000976,878.26000976,81.45001221,36.77001953,249.08996582,0.0,522.35998535,214.885009768,592.1210022,248.163024905,682.712005618,143.729003909,172.518981936,58.18005371,23.05004883,145.56994629,136.481018069,41.30004883,108.687988284,75.21997071,4222.54016113,755.42004394,211.35998535,115.90002441,74.36999511,327.78002929,305.369018557,525.046997073,638.420989993,1212.34997558,2068.19006347,1897.96008301,409.59997558,517.82995605,297.20996093,602.2460022,617.600006106
6120580890,4858.62011719,7626.65966797,424.27001953,2652.62988281,8314.32958984,3910.37988281,5035.01025391,158.65002441,3001.62988281,3321.27001953,593.28997803,8314.32958984,4246.29003906,5790.43994141,608.80999756,6231.85986328,2826.22998047,1237.25,1525.61010742,1525.61010742,1416.22998047,1672.44995117,2577.02001953,1041.04595947,2002.25,1115.2800293,2089.40991211,1279.9699707,1136.39196778,682.23999023,1181.51998902,355.90002441,355.90002441,603.80999756,485.58996582,273.27001953,522.35998535,0.0,737.244995118,1114.48098755,770.523010255,1205.07199097,666.088989259,694.878967286,464.17993164,545.41003418,376.79003906,658.841003419,563.66003418,631.047973634,597.57995606,3700.18017578,233.06005859,311.0,406.45996094,447.98999024,194.57995606,827.729003907,1047.40698242,1160.78097534,689.98999023,1545.83007812,1375.60009766,112.76000977,4.5300293,225.15002442,1124.60598755,1139.95999146
6120581940,5595.86511231,8363.90466309,312.974975588,3389.87487793,9051.57458496,4647.62487793,5772.25524903,895.895019528,3738.87487793,4058.51501465,143.955017088,9051.57458496,4983.53503418,6527.68493653,128.434997558,6969.1048584,3563.47497559,1974.49499512,2262.85510254,2262.85510254,2153.47497559,2409.69494629,3314.26501465,303.800964356,2739.49499512,1852.52502442,2826.65490723,2017.21496582,399.146972657,1419.48498535,444.274993897,1093.14501953,1093.14501953,133.434997558,251.655029298,463.974975588,214.885009768,737.244995118,0.0,377.235992432,33.278015137,467.82699585,71.156005859,42.366027832,273.065063478,191.834960938,360.454956058,78.403991699,173.584960938,106.197021484,139.665039058,4437.4251709,970.305053708,426.244995118,330.785034178,289.255004878,542.665039058,90.484008789,310.161987305,423.535980225,1427.23498535,2283.07507324,2112.84509278,624.484985348,732.714965818,512.094970698,387.360992432,402.714996338
6120583620,5973.10110474,8741.14065552,690.21096802,3767.11087036,9428.81057739,5024.86087036,6149.49124146,1273.13101196,4116.11087036,4435.75100708,521.19100952,9428.81057739,5360.77102661,6904.92092896,505.67098999,7346.34085083,3940.71096802,2351.73098755,2640.09109497,2640.09109497,2530.71096802,2786.93093872,3691.50100708,73.435028076,3116.73098755,2229.76101685,3203.89089966,2394.45095825,21.910980225,1796.72097778,67.039001465,1470.38101196,1470.38101196,510.67098999,628.89102173,841.21096802,592.1210022,1114.48098755,377.235992432,0.0,343.957977295,90.591003418,448.391998291,419.602020264,650.30105591,569.07095337,737.69094849,455.639984131,550.82095337,483.433013916,516.90103149,4814.66116333,1347.54104614,803.48098755,708.02102661,666.49099731,919.90103149,286.751983643,67.074005127,46.299987793,1804.47097778,2660.31106567,2490.08108521,1001.72097778,1109.95095825,889.33096313,10.125,25.479003906
6120583690,5629.14312744,8397.18267822,346.252990725,3423.15289307,9084.8526001,4680.90289307,5805.53326417,929.173034665,3772.15289307,4091.79302978,177.233032225,9084.8526001,5016.81304932,6560.96295167,161.713012695,7002.38287353,3596.75299073,2007.77301026,2296.13311767,2296.13311767,2186.75299073,2442.97296142,3347.54302978,270.522949219,2772.77301026,1885.80303956,2859.93292237,2050.49298096,365.86895752,1452.76300049,410.99697876,1126.42303466,1126.42303466,166.713012695,284.933044435,497.252990725,248.163024905,770.523010255,33.278015137,343.957977295,0.0,434.548980713,104.434020996,75.644042969,306.343078615,225.112976075,393.732971195,111.682006836,206.862976075,139.475036621,172.943054195,4470.70318603,1003.58306885,459.523010255,364.063049315,322.533020015,575.943054195,57.205993652,276.883972168,390.257965088,1460.51300049,2316.35308837,2146.12310792,657.763000485,765.992980955,545.372985835,354.082977295,369.436981201
6120583700,6063.69210816,8831.73165894,780.801971438,3857.70187378,9519.40158081,5115.45187378,6240.08224488,1363.72201538,4206.70187378,4526.3420105,611.782012938,9519.40158081,5451.36203003,6995.51193238,596.261993408,7436.93185425,4031.30197144,2442.32199097,2730.68209839,2730.68209839,2621.30197144,2877.52194214,3782.0920105,164.026031494,3207.32199097,2320.35202027,3294.48190308,2485.04196167,68.680023193,1887.3119812,23.552001953,1560.97201538,1560.97201538,601.261993408,719.482025148,931.801971438,682.712005618,1205.07199097,467.82699585,90.591003418,434.548980713,0.0,538.983001709,510.193023682,740.892059328,659.661956788,828.281951908,546.230987549,641.411956788,574.024017334,607.492034908,4905.25216675,1438.13204956,894.071990968,798.612030028,757.082000728,1010.49203491,377.342987061,157.665008545,44.291015625,1895.0619812,2750.90206909,2580.67208863,1092.3119812,1200.54196167,979.921966548,80.466003418,65.111999512
