,6120599620,6120600130,6120600920,6120601970,6120603060,6120603570,6120604710
6120599620,1.0,0.88648010856,0.848233956317,0.854637167333,-0.775951375061,-0.560880073117,-0.406023552959
6120600130,0.88648010856,1.0,0.812009236294,0.59017235479,-0.756968413745,-0.504917937691,-0.495246964909
6120600920,0.848233956317,0.812009236294,1.0,0.929748034804,-0.359056657056,-0.0548471561997,0.20922890057
6120601970,0.854637167333,0.59017235479,0.929748034804,1.0,-0.526932625495,-0.037562964365,0.196671835846
6120603060,-0.775951375061,-0.756968413745,-0.359056657056,-0.526932625495,1.0,0.308548700625,0.173767347257
6120603570,-0.560880073117,-0.504917937691,-0.0548471561997,-0.037562964365,0.308548700625,1.0,0.931748512802
6120604710,-0.406023552959,-0.495246964909,0.20922890057,0.196671835846,0.173767347257,0.931748512802,1.0
