,6120599620,6120600130,6120600920,6120601970,6120603060,6120603570,6120604710,6120607360
6120599620,0.0,0.132504173527,0.18274395382,0.159882604959,0.514617025682,0.632695172439,0.647649317422,0.641734745491
6120600130,0.132504173527,0.0,0.208097191386,0.408233987671,0.420359566597,0.611622097132,0.587439632835,0.653406150755
6120600920,0.18274395382,0.208097191386,0.0,0.0920916360009,0.647992722907,0.669221385217,0.617952075668,0.372921903945
6120601970,0.159882604959,0.408233987671,0.0920916360009,0.0,0.582295739237,0.642108824266,0.565871837491,0.253026638408
6120603060,0.514617025682,0.420359566597,0.647992722907,0.582295739237,0.0,0.594218642752,0.642547086037,0.598388366391
6120603570,0.632695172439,0.611622097132,0.669221385217,0.642108824266,0.594218642752,0.0,0.0867440718059,0.415856644858
6120604710,0.647649317422,0.587439632835,0.617952075668,0.565871837491,0.642547086037,0.0867440718059,0.0,0.293560722923
6120607360,0.641734745491,0.653406150755,0.372921903945,0.253026638408,0.598388366391,0.415856644858,0.293560722923,0.0
