,6120277890,6120279850,6120280620,6120281960,6120281970,6120282410,6120282560,6120283420,6120283480,6120284420,6120284620,6120288410,6120288490,6120289810,6120290910,6120291310,6120292900,6120292910,6120294000,6120295540,6120295690,6120298800,6120299460,6120299560,6120300090,6120300570,6120301560,6120301980,6120302220,6120302560,6120303670,6120303680,6120310070,6120310260,6120311380,6120312380,6120315090,6120323480,6120323490,6120325630,6120328270,6121071030,6121075200,6121076290,6121082370,6121083020,6121083550,6121086420,6121087370
6120277890,0.0,0.02154363996507512,0.30492622606686,0.6485912060614498,0.21968572200109285,0.6589849461366281,0.03248722961813264,0.016141823823439334,0.050031289927410245,0.651653222425496,0.10322147535441524,0.6459882998319874,0.5281927336759108,0.6737500117474233,0.6734090933481514,0.671730871489308,0.6497371805734317,0.23065664473656758,0.6246538148946662,0.5290406211351542,0.3302834190043136,0.2895125738495458,0.6146292626594975,0.5142165759338878,0.2803057641221479,0.43392508713210687,0.4477402942173572,0.6217729341250825,0.3884570702941252,0.6511831564079893,0.6605808531562903,0.5013906609954792,0.67422233194949,0.3859269240199616,0.6661058011560209,0.6388910538372219,0.6286805841197868,0.3584924548588176,0.4844776994300085,0.4755375607742203,0.6670224552136191,0.6025200538061537,0.19384180950845686,0.15948164696876904,0.6584275897959236,0.6434383591552251,0.6686932054703947,0.5379460382350837,0.577406649446793
6120279850,0.02154363996507512,0.0,0.27844473352631055,0.6510888520240667,0.12183453035358155,0.6641208674775158,0.06398051104670102,0.012848400594782865,0.05364935512751922,0.6610400582194291,0.08236391555081819,0.6622560820255581,0.5365204066144649,0.6744620774708968,0.6715925425798881,0.668984688845419,0.6615791591120194,0.2746226343719348,0.6180061804009647,0.5581206348918758,0.38268186786367026,0.35752401834605413,0.6014899480161402,0.5520731819075481,0.3570472486974006,0.498659298874805,0.5103836867291266,0.6112633965474094,0.46317529214906833,0.637052787993908,0.6486928806069756,0.5526437180590233,0.6720346098535063,0.46736712217146126,0.6740770176783077,0.6596860229761115,0.6528478905614141,0.4418213101234357,0.539612169779013,0.5316938158512298,0.6741677638831228,0.6204524825138266,0.23825968707871337,0.23257422788327592,0.646351924672249,0.6641785711018642,0.6742552777869055,0.5865797283066815,0.6131123689284949
6120280620,0.30492622606686,0.27844473352631055,0.0,0.338906543019464,0.2779133281617113,0.4010869809687295,0.3772985443320353,0.3149399953058113,0.38695469722457465,0.4199967584982771,0.4059410810775377,0.5252232844579272,0.6274202085361972,0.673636518318455,0.672264701424564,0.6744623925061951,0.655604548364468,0.542657711604703,0.6525549757779955,0.6378726139255938,0.5798979320580522,0.5786735783981154,0.6503677351530373,0.6434516593388995,0.5648169309736116,0.623533961552627,0.6282742273504172,0.6468812644079363,0.6074752204331862,0.6624382152399264,0.6660473436139271,0.6453168621271635,0.6717821799966138,0.5744811488696496,0.6707790476867579,0.6341596371290183,0.6204544570661904,0.4623902751679048,0.4836642565715027,0.4851455024626035,0.6663572162262458,0.3135685185297198,0.5237150523099265,0.4997306030760041,0.6642313767602103,0.6513095952633672,0.6702349138462856,0.5354978065743574,0.5719107748828204
6120281960,0.6485912060614498,0.6510888520240667,0.338906543019464,0.0,0.6358088147864033,0.04493458085060004,0.6538859469180051,0.6496068312083849,0.6617129992028556,0.08917967879907995,0.6648168153548668,0.2905358120481408,0.6727908032663261,0.6392623368450308,0.6186672581897065,0.6554390289551155,0.6395681136312096,0.6718009826555313,0.6738858389133314,0.6725705064134814,0.6717057134523499,0.6725012590566717,0.6741906466856782,0.6743825866097213,0.6700099024782887,0.6739309072628838,0.6741368586877424,0.6722696634176376,0.6728930945084702,0.6743602634132777,0.6743939074908684,0.6744796688995768,0.673639005506534,0.6624392537850161,0.6695739073155046,0.6407438978611917,0.6315191966816492,0.5996838962408818,0.5709322042713544,0.5766693570470053,0.661414451212744,0.11265090094811103,0.6706994847843881,0.6650565465603109,0.6742081398242187,0.6553571050825853,0.6679609574400298,0.5915278590339268,0.6115976150963423
6120281970,0.21968572200109285,0.12183453035358155,0.2779133281617113,0.6358088147864033,0.0,0.6702153094178608,0.279450834980901,0.17135165952026793,0.22644337546784254,0.6734044921486172,0.20695591119530202,0.6726566337253195,0.6095886371579134,0.6715667313981706,0.6652576266209959,0.6609460251590423,0.674358642925321,0.47466199816930443,0.6230187136880808,0.6394642287862426,0.5542986896182257,0.553157655481888,0.60270946776162,0.6375844405011972,0.556285437155943,0.625842485323759,0.63053028414852,0.6149616359691858,0.6131321694022103,0.6237047761674326,0.6338755765183616,0.6453681075325501,0.6526218289847725,0.6153943324368281,0.6654664056693915,0.6744820627088959,0.6739546685239958,0.5956369313781871,0.6316619640432575,0.6274130271920151,0.6685021154039453,0.6648778792286502,0.4478392964731772,0.47122594276894236,0.6323231651312381,0.6734719488858103,0.667539153847522,0.65476776911471,0.6614786530048866
6120282410,0.6589849461366281,0.6641208674775158,0.4010869809687295,0.04493458085060004,0.6702153094178608,0.0,0.66120278682628,0.661139135287946,0.6679921066520489,0.010559308792643003,0.670942220494866,0.15182951316870053,0.6735029395495158,0.6020533888025714,0.5669013063268104,0.6332173310395545,0.6120927586753021,0.6735140783236708,0.6665333394823514,0.6724647730052562,0.6729217558052151,0.6736504933886258,0.6674818612708996,0.6744794682301737,0.67162889860572,0.6743833220426568,0.674457464649611,0.6744445850555337,0.6737712605926952,0.6734274122940007,0.6735995799687124,0.6742446379248023,0.6744816442348407,0.6632851986727317,0.662419339202225,0.6225579789403267,0.6111066599599796,0.590370500485864,0.5474020807760714,0.5552921226365471,0.6601208614637385,0.1135816818984928,0.6729052319298936,0.6680821291256668,0.6739999900583278,0.6422615048663879,0.6601496791168228,0.5672387173395624,0.5923791813539215
6120282560,0.03248722961813264,0.06398051104670102,0.3772985443320353,0.6538859469180051,0.279450834980901,0.66120278682628,0.0,0.022968066996247205,0.01499615241624316,0.65216951733425,0.06074536645437194,0.6317191183754345,0.4660533547839959,0.6718500952066805,0.6742962406314296,0.6739961041526482,0.6275500629347565,0.12756860645155002,0.626366114332661,0.4595031167889577,0.23868832930722636,0.20430728575026547,0.608123303252562,0.4807613229435323,0.21490894021385504,0.41407267873067605,0.43121891136538576,0.6144258838330218,0.3677079279441061,0.6414944773087216,0.6529833553690689,0.48905014117585016,0.6743346314641615,0.40378355127972326,0.6720015436229005,0.6544852749866377,0.647496561467813,0.40890242160554346,0.5286942336137505,0.5171207845376707,0.6720940336316231,0.6295945704940518,0.09451045272757852,0.0875740323358652,0.6509922614297754,0.6569661342777303,0.6727271057039262,0.5769739714542111,0.6070749884325467
6120283420,0.016141823823439334,0.012848400594782865,0.3149399953058113,0.6496068312083849,0.17135165952026793,0.661139135287946,0.022968066996247205,0.0,0.020613601209882686,0.6556303383432377,0.049838224804203184,0.6499567118625114,0.5017523616557958,0.6737761844554856,0.6732888143541873,0.671667547761608,0.6507390691496056,0.2100057225233162,0.6197178644154154,0.5231857022895458,0.3262389334657554,0.2975391350816008,0.6008045666644641,0.5263259097105056,0.3024008885455111,0.46843503567560635,0.4822591384815579,0.6098215251430257,0.42855572092199024,0.6365518689023777,0.6486494165913995,0.5305082272935695,0.6726799928634001,0.44451092434259654,0.6738797690806563,0.6590697382232658,0.652275692841393,0.4293460898925279,0.5364719913061786,0.5269170594213036,0.673932598163536,0.6271158418241263,0.1727932767854519,0.17145291971294788,0.6463775552803075,0.6627900393116765,0.6740930000507485,0.5846840943261827,0.6122540775561427
6120283480,0.050031289927410245,0.05364935512751922,0.38695469722457465,0.6617129992028556,0.22644337546784254,0.6679921066520489,0.01499615241624316,0.020613601209882686,0.0,0.6618480857897581,0.01833979724405522,0.6431550025462868,0.44448462463005584,0.6725970345752234,0.6742182832190969,0.6737959336333943,0.6345936459264638,0.1479849089908179,0.6221379634431526,0.48682664653505625,0.27996892386502914,0.2603741860031651,0.6007045332758858,0.5182976492567377,0.28146041904837005,0.47179025255787427,0.48697016987433384,0.6084548376998243,0.43250276922293995,0.6299469347996419,0.6424191252267714,0.5354425937554534,0.6713121045299152,0.46491191633393525,0.6744574194707827,0.6642300986923101,0.6589170205112758,0.46199616532218835,0.558922717529337,0.548369856480142,0.6744274701444384,0.6484437443006131,0.11598681047558226,0.1382538788436807,0.6405954147911195,0.668147314735638,0.6744802490096209,0.6026817242658093,0.6249869405148034
6120284420,0.651653222425496,0.6610400582194291,0.4199967584982771,0.08917967879907995,0.6734044921486172,0.010559308792643003,0.65216951733425,0.6556303383432377,0.6618480857897581,0.0,0.6664611836530969,0.0920966192662962,0.6706248969223298,0.5805168348899162,0.5394226600024741,0.6202983302595948,0.587680307014623,0.6694945974540752,0.6624213809578933,0.6688080184612556,0.6686747270118594,0.6699551704925859,0.662925422596465,0.6739907450086002,0.6660663509204228,0.6729562152783323,0.6733839493606236,0.6744003846628533,0.6710105350322595,0.671595314242787,0.6719472479322391,0.6744036569406294,0.6737207008890064,0.6545591781371485,0.6536703872304073,0.6035814753755071,0.5898297483660239,0.5638697304622735,0.5149336138256642,0.5241806761267014,0.6622293235394802,0.108480697102069,0.6681039708335348,0.6596036241447415,0.6727262059117881,0.6274888514826532,0.65168081643687,0.5370781070503355,0.5691686509893612
6120284620,0.10322147535441524,0.08236391555081819,0.4059410810775377,0.6648168153548668,0.20695591119530202,0.670942220494866,0.06074536645437194,0.049838224804203184,0.01833979724405522,0.6664611836530969,0.0,0.6439529673473628,0.42561680222164905,0.6727409572585381,0.6744363255152381,0.6739918674140849,0.6418608463873601,0.19451752022409666,0.6241210914526534,0.5233885684206466,0.3416146480008077,0.3344968959465312,0.5994116190801478,0.5598282072197807,0.36230216574290364,0.5325697880374354,0.5449611829483779,0.6073951014478984,0.5018327143277473,0.621430405186767,0.633470913605106,0.5822050271183864,0.6643822278332974,0.5285308370075433,0.6728082651988457,0.6710088796913087,0.6676455454773615,0.5177882649072815,0.5899872673517483,0.5805880257068127,0.6730153471595244,0.6613624011553056,0.1615080896587674,0.21440057166615203,0.6320846524534319,0.6737451314163618,0.6730423229259785,0.6271446717471386,0.6421165681721659
6120288410,0.6459882998319874,0.6622560820255581,0.5252232844579272,0.2905358120481408,0.6726566337253195,0.15182951316870053,0.6317191183754345,0.6499567118625114,0.6431550025462868,0.0920966192662962,0.6439529673473628,0.0,0.6432568006944411,0.4768915391676583,0.4192946435946273,0.5679537948239368,0.5023550567930113,0.6450656339837216,0.6424954125803197,0.6537096844636022,0.6507752225670604,0.6545449796882912,0.6467191464945152,0.6711668532391663,0.6508379801322303,0.6696359479179546,0.6707412892567575,0.6729037438796719,0.6657177981164097,0.6681563239118024,0.6692388640737662,0.6735272775481462,0.6715446571585199,0.6468711504578756,0.6438346193136094,0.5855901089025127,0.5706069172058913,0.5467210970589594,0.4931260078164885,0.5010050663272968,0.6619098507822619,0.25293453119703274,0.641486068339768,0.6348607746970951,0.6703024643534977,0.6139323765377919,0.6417994071097874,0.5157113302354845,0.5526106775896532
6120288490,0.5281927336759108,0.5365204066144649,0.6274202085361972,0.6727908032663261,0.6095886371579134,0.6735029395495158,0.4660533547839959,0.5017523616557958,0.44448462463005584,0.6706248969223298,0.42561680222164905,0.6432568006944411,0.0,0.54405831560554,0.627450986140718,0.6696836055431029,0.632386228550169,0.4218404200693537,0.6667017443099472,0.620934137796992,0.5483531549228385,0.5473337700574767,0.6589741954156617,0.65230245753423,0.5861619430174685,0.6535616649322241,0.6568488504868267,0.659693646089852,0.6453439231520217,0.658150351249457,0.6602417074922509,0.6646368874458184,0.6668072745419409,0.6535875352106756,0.6721953133767434,0.6741746962320196,0.6734616393587634,0.6448281378499149,0.6557338247464083,0.6515432441824127,0.6694786030196622,0.6718666953946095,0.4107441986691271,0.501196193288998,0.6607886642022459,0.6738908853672613,0.6728273331757078,0.6655567909432375,0.6678415253724295
6120289810,0.6737500117474233,0.6744620774708968,0.673636518318455,0.6392623368450308,0.6715667313981706,0.6020533888025714,0.6718500952066805,0.6737761844554856,0.6725970345752234,0.5805168348899162,0.6727409572585381,0.4768915391676583,0.54405831560554,0.0,0.11033221372652292,0.5545912088385798,0.573910477860386,0.6709761501946544,0.6360399992683726,0.6744599819633026,0.6741611498813943,0.6744553794659375,0.6458262386711343,0.6719988194023285,0.6744075384779261,0.6691816492024593,0.6684722629818525,0.6714726292460157,0.6707036184058454,0.6721722192050406,0.6733370892599995,0.6663664592956112,0.6742971989396537,0.6740234386482965,0.6714458066879428,0.657725386644446,0.6541669661021356,0.6630227985400089,0.6433968573156937,0.6436357669101207,0.6607962946249792,0.6346841471451237,0.670204180881078,0.6731279012974629,0.6734609058486861,0.667611072757226,0.6697677495943245,0.647515215798966,0.6528406891804938
6120290910,0.6734090933481514,0.6715925425798881,0.672264701424564,0.6186672581897065,0.6652576266209959,0.5669013063268104,0.6742962406314296,0.6732888143541873,0.6742182832190969,0.5394226600024741,0.6744363255152381,0.4192946435946273,0.627450986140718,0.11033221372652292,0.0,0.3411229312259503,0.5761369246466237,0.6743767393465743,0.5190930608790444,0.6724004930187913,0.6708869107339892,0.668440049163865,0.5386725259130867,0.6555246288085508,0.6638921830197717,0.6417530266079023,0.6399242480133862,0.6468984012811242,0.6459729853882173,0.6534401468334524,0.6615477241396966,0.6357287585658923,0.6743649029627405,0.6645187466818644,0.6623788772396132,0.6309944898240177,0.6241789017644556,0.6637423066675796,0.619169708835261,0.6213175652682378,0.64068160419901,0.6129494746072974,0.674471783145711,0.6727379167170544,0.6623426981995558,0.6544684779912288,0.6571496020667534,0.6213362178337228,0.630544194284068
6120291310,0.671730871489308,0.668984688845419,0.6744623925061951,0.6554390289551155,0.6609460251590423,0.6332173310395545,0.6739961041526482,0.671667547761608,0.6737959336333943,0.6202983302595948,0.6739918674140849,0.5679537948239368,0.6696836055431029,0.5545912088385798,0.3411229312259503,0.0,0.20392519031498088,0.6715488959752919,0.4650230514704971,0.6744346490097203,0.6743784877236918,0.6742936803484386,0.5040247922535395,0.6579379102679652,0.667802121246423,0.6407606221386087,0.6384830166357706,0.6394771268522962,0.6452513238858667,0.6528714798092953,0.6618697752513876,0.6342857638608969,0.6744118289578135,0.6592168785514851,0.6659002425423831,0.6438176715980458,0.6393326669841393,0.6714567458393859,0.6424913735189305,0.6422343279741853,0.6437583260659874,0.651687050290902,0.6721667044809406,0.6742821292860917,0.6620598892688884,0.662419064354707,0.661376547391657,0.6427917088381883,0.6472190444334555
6120292900,0.6497371805734317,0.6615791591120194,0.655604548364468,0.6395681136312096,0.674358642925321,0.6120927586753021,0.6275500629347565,0.6507390691496056,0.6345936459264638,0.587680307014623,0.6418608463873601,0.5023550567930113,0.632386228550169,0.573910477860386,0.5761369246466237,0.20392519031498088,0.0,0.5468888245624874,0.5924061849807525,0.6082708675015907,0.5966144244785356,0.6009334976884203,0.6058116594128107,0.669880949445941,0.6367646179450276,0.6732561174383697,0.6739546289433606,0.661252993924948,0.6710532275318275,0.6655440753401228,0.6689342441806099,0.6744430244193406,0.6728294733425099,0.6703511821452419,0.661352024974342,0.6389037346692066,0.6341503581370539,0.6425124175722755,0.6192210117745112,0.6161575735906609,0.6640380090378708,0.6208672168459365,0.5572138735816341,0.5990064160416398,0.6691120404982087,0.6554536627204,0.6590932148741582,0.6255798315313534,0.635021177410995
6120292910,0.23065664473656758,0.2746226343719348,0.542657711604703,0.6718009826555313,0.47466199816930443,0.6735140783236708,0.12756860645155002,0.2100057225233162,0.1479849089908179,0.6694945974540752,0.19451752022409666,0.6450656339837216,0.4218404200693537,0.6709761501946544,0.6743767393465743,0.6715488959752919,0.5468888245624874,0.0,0.6464021515923369,0.24716660290450213,0.0682269769530971,0.1020732020438422,0.6216748888633881,0.4620339327567085,0.1647000877410619,0.4490336487311094,0.4694935842854365,0.6235397208331276,0.41197237582748986,0.6339024832426217,0.6446415831528234,0.5220418464199676,0.6720828871265749,0.5039311145366642,0.6741957125787486,0.672104883742364,0.6703019415281869,0.5444574037530443,0.6180269349272388,0.6064602860926936,0.6744632688997964,0.6623073015973744,0.0037686549947735454,0.05164008991804078,0.6445905499372885,0.6733177320349027,0.6741029497657348,0.6442882086131468,0.6541870642484837
6120294000,0.6246538148946662,0.6180061804009647,0.6525549757779955,0.6738858389133314,0.6230187136880808,0.6665333394823514,0.626366114332661,0.6197178644154154,0.6221379634431526,0.6624213809578933,0.6241210914526534,0.6424954125803197,0.6667017443099472,0.6360399992683726,0.5190930608790444,0.4650230514704971,0.5924061849807525,0.6464021515923369,0.0,0.6632638630131508,0.6502388414793953,0.646741825597121,0.14852310355108178,0.637128555023781,0.6355924066040796,0.6096548635537261,0.6087981893164663,0.5806218530702071,0.6092419604760378,0.6191884580797925,0.6393979226812816,0.6106143928191204,0.671169597549918,0.6311619427630334,0.6614870965399611,0.6503791486123777,0.6494104820143651,0.6715962778871719,0.6677110540743505,0.6677180203289702,0.6540153670247952,0.6732117698383996,0.6448475457098559,0.6380943973364768,0.6395033352612695,0.6611119355456405,0.6555653722774547,0.6634426156938723,0.6639737839514618
6120295540,0.5290406211351542,0.5581206348918758,0.6378726139255938,0.6725705064134814,0.6394642287862426,0.6724647730052562,0.4595031167889577,0.5231857022895458,0.48682664653505625,0.6688080184612556,0.5233885684206466,0.6537096844636022,0.620934137796992,0.6744599819633026,0.6724004930187913,0.6744346490097203,0.6082708675015907,0.24716660290450213,0.6632638630131508,0.0,0.09314678511234391,0.23069324551585818,0.6649015726604764,0.5133743595908073,0.27269077935221137,0.5607145795675651,0.5770476617269858,0.6673104037832367,0.5445181471723303,0.6626053359739269,0.6645499637613428,0.60785624360587,0.6735758366252751,0.6226692682883743,0.6741649986023663,0.6742539796558384,0.6739753971169458,0.6433651789227921,0.662959112179435,0.6570115188755712,0.6739204851519462,0.6664638001835426,0.28447656472876903,0.2799289780642665,0.6652205971561594,0.674467749797716,0.6741373252845632,0.6698956123103832,0.6709918286033798
6120295690,0.3302834190043136,0.38268186786367026,0.5798979320580522,0.6717057134523499,0.5542986896182257,0.6729217558052151,0.23868832930722636,0.3262389334657554,0.27996892386502914,0.6686747270118594,0.3416146480008077,0.6507752225670604,0.5483531549228385,0.6741611498813943,0.6708869107339892,0.6743784877236918,0.5966144244785356,0.0682269769530971,0.6502388414793953,0.09314678511234391,0.0,0.06697979719840932,0.6374748269004715,0.4067024068318203,0.10182173084947406,0.4148430551856327,0.43914889728469375,0.6394313648625567,0.3812376628999552,0.6454641566350254,0.6534404493466778,0.49589629464844565,0.6742798197606403,0.5080927780579353,0.6744674676796236,0.6719715220509981,0.6707284951783714,0.5668402556350248,0.6314348068368694,0.6206862623479547,0.6739473856181502,0.6599447254662316,0.08817445331214628,0.07294965513023191,0.6533041028993455,0.672364929321542,0.6744791604368512,0.6514554502429052,0.6589951970042566
6120298800,0.2895125738495458,0.35752401834605413,0.5786735783981154,0.6725012590566717,0.553157655481888,0.6736504933886258,0.20430728575026547,0.2975391350816008,0.2603741860031651,0.6699551704925859,0.3344968959465312,0.6545449796882912,0.5473337700574767,0.6744553794659375,0.668440049163865,0.6742936803484386,0.6009334976884203,0.1020732020438422,0.646741825597121,0.23069324551585818,0.06697979719840932,0.0,0.6380025081336662,0.2866817023072681,0.02317733195757425,0.29670185354634776,0.3282633092924425,0.6378334059706947,0.2504316440987337,0.6511202823264765,0.6585955371230063,0.40296569119120806,0.6736997397030189,0.42820750309370526,0.6730846372577306,0.6688006979238965,0.6676682145123833,0.5332306495161705,0.6200506722736595,0.6082406315579348,0.6717206257178521,0.6592409214658519,0.10398001957152084,0.0499136804252971,0.6570593995627401,0.6649766794722552,0.6733408873073363,0.6422488257646869,0.6547437328358366
6120299460,0.6146292626594975,0.6014899480161402,0.6503677351530373,0.6741906466856782,0.60270946776162,0.6674818612708996,0.608123303252562,0.6008045666644641,0.6007045332758858,0.662925422596465,0.5994116190801478,0.6467191464945152,0.6589741954156617,0.6458262386711343,0.5386725259130867,0.5040247922535395,0.6058116594128107,0.6216748888633881,0.14852310355108178,0.6649015726604764,0.6374748269004715,0.6380025081336662,0.0,0.6451946542755796,0.6333843095087501,0.618535367757635,0.6172009856500618,0.322053943027433,0.618212888734365,0.4496867404249502,0.5148299136050261,0.6183167769163882,0.6304705993005663,0.6415611743723793,0.5996856533372436,0.5860028471213212,0.5883946519169355,0.6744098120946426,0.6491261740484915,0.6505251125552226,0.6624130688339174,0.6717881037357148,0.6192754934560484,0.6265997172668951,0.5253239541962128,0.5931246066391177,0.58523749548127,0.6317738119623181,0.6373753172050118
6120299560,0.5142165759338878,0.5520731819075481,0.6434516593388995,0.6743825866097213,0.6375844405011972,0.6744794682301737,0.4807613229435323,0.5263259097105056,0.5182976492567377,0.6739907450086002,0.5598282072197807,0.6711668532391663,0.65230245753423,0.6719988194023285,0.6555246288085508,0.6579379102679652,0.669880949445941,0.4620339327567085,0.637128555023781,0.5133743595908073,0.4067024068318203,0.2866817023072681,0.6451946542755796,0.0,0.23488747007940528,0.2428266048826461,0.292273421938179,0.638266015434672,0.21559498321916534,0.6684997403846835,0.6692078884648278,0.3708589746665629,0.6734817937527819,0.5326589300630884,0.674399837367284,0.6743656109806856,0.674352382611876,0.6259165188525436,0.6631377311706477,0.6569986499265901,0.6734714015123142,0.6696736606878934,0.45762454626430477,0.3749858837428792,0.6632885970919591,0.6716975436000492,0.6744771870614141,0.6710823660870454,0.672419126381761
6120300090,0.2803057641221479,0.3570472486974006,0.5648169309736116,0.6700099024782887,0.556285437155943,0.67162889860572,0.21490894021385504,0.3024008885455111,0.28146041904837005,0.6660663509204228,0.36230216574290364,0.6508379801322303,0.5861619430174685,0.6744075384779261,0.6638921830197717,0.667802121246423,0.6367646179450276,0.1647000877410619,0.6355924066040796,0.27269077935221137,0.10182173084947406,0.02317733195757425,0.6333843095087501,0.23488747007940528,0.0,0.20543663258203407,0.23685688581287068,0.6411615304241887,0.16515406395073837,0.6599671827871574,0.6668723010514116,0.315936891240232,0.6688667451985795,0.3750641193268849,0.6678300044754095,0.661792062639453,0.6602117769462275,0.49854294235527413,0.6012655235009241,0.5879780151982024,0.6673171072866905,0.649816373460351,0.16069730178830824,0.06151519805372278,0.6655026757754703,0.6524407405866255,0.6690490660710239,0.6272610730948984,0.6438308640957643
6120300570,0.43392508713210687,0.498659298874805,0.623533961552627,0.6739309072628838,0.625842485323759,0.6743833220426568,0.41407267873067605,0.46843503567560635,0.47179025255787427,0.6729562152783323,0.5325697880374354,0.6696359479179546,0.6535616649322241,0.6691816492024593,0.6417530266079023,0.6407606221386087,0.6732561174383697,0.4490336487311094,0.6096548635537261,0.5607145795675651,0.4148430551856327,0.29670185354634776,0.618535367757635,0.2428266048826461,0.20543663258203407,0.0,0.004620975624430896,0.6497549318923204,0.025735654476347833,0.6714413667333492,0.6744771671233878,0.03532788843176543,0.6437006508234309,0.34390812826493117,0.6568835281169142,0.6615063193120998,0.6629040121606126,0.5456962160257537,0.6315726631587785,0.6198774941367691,0.6630817510787922,0.6618713748097318,0.43610458125502266,0.31533558624851304,0.6744738321397724,0.6345533442409796,0.6573055627292734,0.6465437231453037,0.6578002079230068
6120301560,0.4477402942173572,0.5103836867291266,0.6282742273504172,0.6741368586877424,0.63053028414852,0.674457464649611,0.43121891136538576,0.4822591384815579,0.48697016987433384,0.6733839493606236,0.5449611829483779,0.6707412892567575,0.6568488504868267,0.6684722629818525,0.6399242480133862,0.6384830166357706,0.6739546289433606,0.4694935842854365,0.6087981893164663,0.5770476617269858,0.43914889728469375,0.3282633092924425,0.6172009856500618,0.292273421938179,0.23685688581287068,0.004620975624430896,0.0,0.6500176165114186,0.042617864782681536,0.6722026827725615,0.6741608341692111,0.015938049896254306,0.6385343156268164,0.34301430637537894,0.6545677840249926,0.66084994982892,0.6626176699420412,0.5497727922869967,0.6336783079910725,0.6222714030643187,0.662629727818943,0.6631172263901101,0.45664589846796516,0.3396395496815701,0.6740400286663429,0.629407584437007,0.6543582814001229,0.6474656722043862,0.6585867316002485
6120301980,0.6217729341250825,0.6112633965474094,0.6468812644079363,0.6722696634176376,0.6149616359691858,0.6744445850555337,0.6144258838330218,0.6098215251430257,0.6084548376998243,0.6744003846628533,0.6073951014478984,0.6729037438796719,0.659693646089852,0.6714726292460157,0.6468984012811242,0.6394771268522962,0.661252993924948,0.6235397208331276,0.5806218530702071,0.6673104037832367,0.6394313648625567,0.6378334059706947,0.322053943027433,0.638266015434672,0.6411615304241887,0.6497549318923204,0.6500176165114186,0.0,0.6461408462779233,0.26305287942760697,0.3686517096635262,0.6534306176465319,0.5750661367227544,0.6512036329927741,0.55467783793917,0.5707540375360033,0.5799114866842239,0.6737426816827299,0.6599926462427829,0.6594244967000663,0.6715882482260991,0.6743071822760048,0.6209969896175196,0.630497960054959,0.37811911959552746,0.5546248088562736,0.532431806626961,0.6411899033708949,0.6432614993505523
6120302220,0.3884570702941252,0.46317529214906833,0.6074752204331862,0.6728930945084702,0.6131321694022103,0.6737712605926952,0.3677079279441061,0.42855572092199024,0.43250276922293995,0.6710105350322595,0.5018327143277473,0.6657177981164097,0.6453439231520217,0.6707036184058454,0.6459729853882173,0.6452513238858667,0.6710532275318275,0.41197237582748986,0.6092419604760378,0.5445181471723303,0.3812376628999552,0.2504316440987337,0.618212888734365,0.21559498321916534,0.16515406395073837,0.025735654476347833,0.042617864782681536,0.6461408462779233,0.0,0.6713229182399572,0.6737634782446432,0.10285814507886039,0.6336513979327743,0.257873002972249,0.649472528605237,0.653723695630998,0.6570132154201707,0.5095793869990713,0.616331514753793,0.6072188699586488,0.6575307380343212,0.6559712435727144,0.39666462403510566,0.2664213681715047,0.6732902170888251,0.6096041806340635,0.6454847023481955,0.630207135981422,0.6523145600525057
6120302560,0.6511831564079893,0.637052787993908,0.6624382152399264,0.6743602634132777,0.6237047761674326,0.6734274122940007,0.6414944773087216,0.6365518689023777,0.6299469347996419,0.671595314242787,0.621430405186767,0.6681563239118024,0.658150351249457,0.6721722192050406,0.6534401468334524,0.6528714798092953,0.6655440753401228,0.6339024832426217,0.6191884580797925,0.6626053359739269,0.6454641566350254,0.6511202823264765,0.4496867404249502,0.6684997403846835,0.6599671827871574,0.6714413667333492,0.6722026827725615,0.26305287942760697,0.6713229182399572,0.0,0.03044433423299782,0.6729001462116407,0.4482743873642329,0.6743861825612373,0.4106816103645083,0.4423504630584248,0.4638637260715681,0.6651519756073705,0.6107842519590918,0.616000594546198,0.6743926911232229,0.6716591040410159,0.6343420655071988,0.6516094286702802,0.07070528481206212,0.3340193397517237,0.373132647516933,0.5635288715424882,0.5866577501349269
6120303670,0.6605808531562903,0.6486928806069756,0.6660473436139271,0.6743939074908684,0.6338755765183616,0.6735995799687124,0.6529833553690689,0.6486494165913995,0.6424191252267714,0.6719472479322391,0.633470913605106,0.6692388640737662,0.6602417074922509,0.6733370892599995,0.6615477241396966,0.6618697752513876,0.6689342441806099,0.6446415831528234,0.6393979226812816,0.6645499637613428,0.6534404493466778,0.6585955371230063,0.5148299136050261,0.6692078884648278,0.6668723010514116,0.6744771671233878,0.6741608341692111,0.3686517096635262,0.6737634782446432,0.03044433423299782,0.0,0.6718374222423751,0.4477221040347907,0.6734721196026466,0.4179180263546485,0.45204943245180956,0.4734873710382118,0.6613784174291718,0.6094655847362008,0.6146008991555708,0.6739277634244759,0.6712725678224941,0.6454817081173047,0.6606983875208565,0.022149486761721526,0.3189503501862433,0.3806614701467901,0.5650728140986048,0.5887771805413805
6120303680,0.5013906609954792,0.5526437180590233,0.6453168621271635,0.6744796688995768,0.6453681075325501,0.6742446379248023,0.48905014117585016,0.5305082272935695,0.5354425937554534,0.6744036569406294,0.5822050271183864,0.6735272775481462,0.6646368874458184,0.6663664592956112,0.6357287585658923,0.6342857638608969,0.6744430244193406,0.5220418464199676,0.6106143928191204,0.60785624360587,0.49589629464844565,0.40296569119120806,0.6183167769163882,0.3708589746665629,0.315936891240232,0.03532788843176543,0.015938049896254306,0.6534306176465319,0.10285814507886039,0.6729001462116407,0.6718374222423751,0.0,0.6376186094002037,0.3927402929922815,0.6569574776919792,0.665081435271419,0.6668810484061087,0.5832354360028769,0.648622367973064,0.6384296251479739,0.6658214275016451,0.6684424120823603,0.5114045913592963,0.41091128654046066,0.6705722730229076,0.6362224892478653,0.656285488246082,0.6586590930000216,0.6652707448457214
6120310070,0.67422233194949,0.6720346098535063,0.6717821799966138,0.673639005506534,0.6526218289847725,0.6744816442348407,0.6743346314641615,0.6726799928634001,0.6713121045299152,0.6737207008890064,0.6643822278332974,0.6715446571585199,0.6668072745419409,0.6742971989396537,0.6743649029627405,0.6744118289578135,0.6728294733425099,0.6720828871265749,0.671169597549918,0.6735758366252751,0.6742798197606403,0.6736997397030189,0.6304705993005663,0.6734817937527819,0.6688667451985795,0.6437006508234309,0.6385343156268164,0.5750661367227544,0.6336513979327743,0.4482743873642329,0.4477221040347907,0.6376186094002037,0.0,0.5417619070814471,0.12780287674176763,0.3118712642093184,0.3505189627245936,0.6242398607113403,0.5653078882738566,0.5315198190299685,0.6637938512907572,0.670959251878599,0.6724868392683382,0.6726038319097205,0.4228911753475731,0.18470159243717735,0.07650662333377632,0.4953775768898325,0.5150397115608544
6120310260,0.3859269240199616,0.46736712217146126,0.5744811488696496,0.6624392537850161,0.6153943324368281,0.6632851986727317,0.40378355127972326,0.44451092434259654,0.46491191633393525,0.6545591781371485,0.5285308370075433,0.6468711504578756,0.6535875352106756,0.6740234386482965,0.6645187466818644,0.6592168785514851,0.6703511821452419,0.5039311145366642,0.6311619427630334,0.6226692682883743,0.5080927780579353,0.42820750309370526,0.6415611743723793,0.5326589300630884,0.3750641193268849,0.34390812826493117,0.34301430637537894,0.6512036329927741,0.257873002972249,0.6743861825612373,0.6734721196026466,0.3927402929922815,0.5417619070814471,0.0,0.5370206766788962,0.5553226326508925,0.5863699713746597,0.36794209952408313,0.5338846479073907,0.5512263310320226,0.6068621467507178,0.622982469910816,0.4855788189473066,0.3742901096118793,0.6744820671029137,0.4318134280489259,0.5530684242394278,0.5062950889263013,0.611024177695766
6120311380,0.6661058011560209,0.6740770176783077,0.6707790476867579,0.6695739073155046,0.6654664056693915,0.662419339202225,0.6720015436229005,0.6738797690806563,0.6744574194707827,0.6536703872304073,0.6728082651988457,0.6438346193136094,0.6721953133767434,0.6714458066879428,0.6623788772396132,0.6659002425423831,0.661352024974342,0.6741957125787486,0.6614870965399611,0.6741649986023663,0.6744674676796236,0.6730846372577306,0.5996856533372436,0.674399837367284,0.6678300044754095,0.6568835281169142,0.6545677840249926,0.55467783793917,0.649472528605237,0.4106816103645083,0.4179180263546485,0.6569574776919792,0.12780287674176763,0.5370206766788962,0.0,0.08071114286853795,0.13883189621522213,0.5336154760014541,0.4102765491719553,0.3746033051764185,0.6355655799302997,0.6417819978112279,0.6744035090995523,0.6679916839567298,0.39022749271231305,0.26002679808393214,0.21450328876957384,0.29570983108791943,0.3331888170554974
6120312380,0.6388910538372219,0.6596860229761115,0.6341596371290183,0.6407438978611917,0.6744820627088959,0.6225579789403267,0.6544852749866377,0.6590697382232658,0.6642300986923101,0.6035814753755071,0.6710088796913087,0.5855901089025127,0.6741746962320196,0.657725386644446,0.6309944898240177,0.6438176715980458,0.6389037346692066,0.672104883742364,0.6503791486123777,0.6742539796558384,0.6719715220509981,0.6688006979238965,0.5860028471213212,0.6743656109806856,0.661792062639453,0.6615063193120998,0.66084994982892,0.5707540375360033,0.653723695630998,0.4423504630584248,0.45204943245180956,0.665081435271419,0.3118712642093184,0.5553226326508925,0.08071114286853795,0.0,0.01930188214460179,0.4524303326019087,0.281322279328368,0.2714293745025151,0.6053014975803439,0.5827950751552489,0.6707651901015805,0.6544546069080588,0.42818273265081014,0.28237214037305125,0.1924412166578271,0.18455377746418591,0.19618813020553075
6120315090,0.6286805841197868,0.6528478905614141,0.6204544570661904,0.6315191966816492,0.6739546685239958,0.6111066599599796,0.647496561467813,0.652275692841393,0.6589170205112758,0.5898297483660239,0.6676455454773615,0.5706069172058913,0.6734616393587634,0.6541669661021356,0.6241789017644556,0.6393326669841393,0.6341503581370539,0.6703019415281869,0.6494104820143651,0.6739753971169458,0.6707284951783714,0.6676682145123833,0.5883946519169355,0.674352382611876,0.6602117769462275,0.6629040121606126,0.6626176699420412,0.5799114866842239,0.6570132154201707,0.4638637260715681,0.4734873710382118,0.6668810484061087,0.3505189627245936,0.5863699713746597,0.13883189621522213,0.01930188214460179,0.0,0.3988033992344415,0.2172777542900322,0.19617674829529497,0.5626989642095148,0.5659314871098875,0.6684195323731541,0.6500203612981869,0.45055953284322986,0.33430585785646455,0.2546572321094732,0.129151614474303,0.11665640248838405
6120323480,0.3584924548588176,0.4418213101234357,0.4623902751679048,0.5996838962408818,0.5956369313781871,0.590370500485864,0.40890242160554346,0.4293460898925279,0.46199616532218835,0.5638697304622735,0.5177882649072815,0.5467210970589594,0.6448281378499149,0.6630227985400089,0.6637423066675796,0.6714567458393859,0.6425124175722755,0.5444574037530443,0.6715962778871719,0.6433651789227921,0.5668402556350248,0.5332306495161705,0.6744098120946426,0.6259165188525436,0.49854294235527413,0.5456962160257537,0.5497727922869967,0.6737426816827299,0.5095793869990713,0.6651519756073705,0.6613784174291718,0.5832354360028769,0.6242398607113403,0.36794209952408313,0.5336154760014541,0.4524303326019087,0.3988033992344415,0.0,0.08334715018281366,0.10797092299632698,0.09107037275452066,0.5029212842705648,0.5251493993470823,0.4420334152623069,0.6646423821414341,0.5202576390195459,0.6008149115085755,0.17422035081851917,0.17806655830561677
6120323490,0.4844776994300085,0.539612169779013,0.4836642565715027,0.5709322042713544,0.6316619640432575,0.5474020807760714,0.5286942336137505,0.5364719913061786,0.558922717529337,0.5149336138256642,0.5899872673517483,0.4931260078164885,0.6557338247464083,0.6433968573156937,0.619169708835261,0.6424913735189305,0.6192210117745112,0.6180269349272388,0.6677110540743505,0.662959112179435,0.6314348068368694,0.6200506722736595,0.6491261740484915,0.6631377311706477,0.6012655235009241,0.6315726631587785,0.6336783079910725,0.6599926462427829,0.616331514753793,0.6107842519590918,0.6094655847362008,0.648622367973064,0.5653078882738566,0.5338846479073907,0.4102765491719553,0.281322279328368,0.2172777542900322,0.08334715018281366,0.0,0.017679095263837437,0.10344647417381644,0.4641104214980704,0.6071997942000665,0.5590502072703879,0.6098076977195243,0.44696848637983927,0.5090060268697806,0.03744855991154966,0.05923572388816845
6120325630,0.4755375607742203,0.5316938158512298,0.4851455024626035,0.5766693570470053,0.6274130271920151,0.5552921226365471,0.5171207845376707,0.5269170594213036,0.548369856480142,0.5241806761267014,0.5805880257068127,0.5010050663272968,0.6515432441824127,0.6436357669101207,0.6213175652682378,0.6422343279741853,0.6161575735906609,0.6064602860926936,0.6677180203289702,0.6570115188755712,0.6206862623479547,0.6082406315579348,0.6505251125552226,0.6569986499265901,0.5879780151982024,0.6198774941367691,0.6222714030643187,0.6594244967000663,0.6072188699586488,0.616000594546198,0.6146008991555708,0.6384296251479739,0.5315198190299685,0.5512263310320226,0.3746033051764185,0.2714293745025151,0.19617674829529497,0.10797092299632698,0.017679095263837437,0.0,0.09294835646113198,0.4754231154302937,0.5950697247246794,0.5456528462543946,0.6090678255478368,0.4835762808563454,0.5146082864127048,0.08282491975565708,0.048391031988128004
6120328270,0.6670224552136191,0.6741677638831228,0.6663572162262458,0.661414451212744,0.6685021154039453,0.6601208614637385,0.6720940336316231,0.673932598163536,0.6744274701444384,0.6622293235394802,0.6730153471595244,0.6619098507822619,0.6694786030196622,0.6607962946249792,0.64068160419901,0.6437583260659874,0.6640380090378708,0.6744632688997964,0.6540153670247952,0.6739204851519462,0.6739473856181502,0.6717206257178521,0.6624130688339174,0.6734714015123142,0.6673171072866905,0.6630817510787922,0.662629727818943,0.6715882482260991,0.6575307380343212,0.6743926911232229,0.6739277634244759,0.6658214275016451,0.6637938512907572,0.6068621467507178,0.6355655799302997,0.6053014975803439,0.5626989642095148,0.09107037275452066,0.10344647417381644,0.09294835646113198,0.0,0.6715639634100508,0.6744101871142149,0.6672538893838112,0.6743871901950522,0.6513837825052996,0.6667951745309508,0.31897177429146045,0.3091582166323985
6121071030,0.6025200538061537,0.6204524825138266,0.3135685185297198,0.11265090094811103,0.6648778792286502,0.1135816818984928,0.6295945704940518,0.6271158418241263,0.6484437443006131,0.108480697102069,0.6613624011553056,0.25293453119703274,0.6718666953946095,0.6346841471451237,0.6129494746072974,0.651687050290902,0.6208672168459365,0.6623073015973744,0.6732117698383996,0.6664638001835426,0.6599447254662316,0.6592409214658519,0.6717881037357148,0.6696736606878934,0.649816373460351,0.6618713748097318,0.6631172263901101,0.6743071822760048,0.6559712435727144,0.6716591040410159,0.6712725678224941,0.6684424120823603,0.670959251878599,0.622982469910816,0.6417819978112279,0.5827950751552489,0.5659314871098875,0.5029212842705648,0.4641104214980704,0.4754231154302937,0.6715639634100508,0.0,0.6598245980024372,0.6395329385339243,0.6723219713307567,0.6085750675626906,0.6432039161057554,0.4926015423653065,0.5347409473633684
