,6120505250,6120505300,6120505450,6120505670,6120513900,6120514100,6120516590,6120518060,6120520130,6120521680,6120524610,6120527980,6120528670,6120528900,6120530990,6120531550,6120533730,6120535390,6120535480,6120535500,6120536000,6120536600,6120538940,6120539900,6120541010,6120541320,6120541740,6120542380,6120543000,6120543130,6120544970,6120546480,6120547190,6120547460,6120553750,6120555030,6120555130,6120556300,6120558600,6121162320,6121163680,6121164120,6121173010,6121173180,6121173240,6121173320,6121174660,6121174810,6121175210,6121176800,6121177360,6121178070,6121178270,6121178770,6121179320,6121179430,6121180040,6121180080,6121180520,6121180630,6121181170,6121181860,6121181870
6120505250,0.0,0.0,91.60794067382812,0.0,57.393768310546875,57.393768310546875,67.07675170898438,80.90237426757812,88.3096923828125,204.44284057617188,230.78604125976562,135.99710083007812,150.17242431640625,125.76104736328125,192.50897216796875,183.89859008789062,265.56866455078125,33.4527587890625,33.4527587890625,183.1217041015625,1195.462158203125,80.13668823242188,2084.1885986328125,1149.982177734375,25.45556640625,6385.4774169921875,5024.1048583984375,157.30718994140625,230.96286010742188,230.96286010742188,52.98870849609375,211.16766357421875,318.56524658203125,185.76889038085938,44.56182861328125,10.800079345703125,10.800079345703125,95.70263671875,38.718963623046875,56.2777099609375,83.43923950195312,127.99288940429688,45.8494873046875,2.1611328125,601.09521484375,601.09521484375,162.1158447265625,174.32025146484375,217.1251678466797,64.56060791015625,215.68588256835938,201.4473876953125,230.0404815673828,67.38980102539062,24.31597900390625,26.55364990234375,62.57391357421875,147.73919677734375,247.6866455078125,189.0782470703125,572.6026611328125,278.89324951171875,67.49884033203125
6120505300,0.0,0.0,91.60794067382812,0.0,57.393768310546875,57.393768310546875,67.07675170898438,80.90237426757812,88.3096923828125,204.44284057617188,230.78604125976562,135.99710083007812,150.17242431640625,125.76104736328125,192.50897216796875,183.89859008789062,265.56866455078125,33.4527587890625,33.4527587890625,183.1217041015625,1195.462158203125,80.13668823242188,2084.1885986328125,1149.982177734375,25.45556640625,6385.4774169921875,5024.1048583984375,157.30718994140625,230.96286010742188,230.96286010742188,52.98870849609375,211.16766357421875,318.56524658203125,185.76889038085938,44.56182861328125,10.800079345703125,10.800079345703125,95.70263671875,38.718963623046875,56.2777099609375,83.43923950195312,127.99288940429688,45.8494873046875,2.1611328125,601.09521484375,601.09521484375,162.1158447265625,174.32025146484375,217.1251678466797,64.56060791015625,215.68588256835938,201.4473876953125,230.0404815673828,67.38980102539062,24.31597900390625,26.55364990234375,62.57391357421875,147.73919677734375,247.6866455078125,189.0782470703125,572.6026611328125,278.89324951171875,67.49884033203125
6120505450,91.60794067382812,91.60794067382812,0.0,91.60794067382812,34.21417236328125,34.21417236328125,24.53118896484375,10.70556640625,3.298248291015625,112.83489990234375,139.1781005859375,44.38916015625,58.564483642578125,34.153106689453125,100.90103149414062,92.2906494140625,357.1766052246094,125.06069946289062,125.06069946289062,274.7296447753906,1287.0700988769531,11.47125244140625,2175.7965393066406,1241.5901184082031,66.15237426757812,6477.085357666016,5115.712799072266,65.69924926757812,139.35491943359375,139.35491943359375,144.59664916992188,119.55972290039062,410.1731872558594,94.16094970703125,47.046112060546875,80.807861328125,80.807861328125,4.094696044921875,52.88897705078125,35.330230712890625,8.168701171875,36.38494873046875,137.45742797851562,93.76907348632812,692.7031555175781,692.7031555175781,70.50790405273438,82.71231079101562,125.51722717285156,27.047332763671875,124.07794189453125,109.83944702148438,138.4325408935547,24.2181396484375,115.92391967773438,118.16159057617188,154.18185424804688,239.34713745117188,339.2945861816406,280.6861877441406,664.2106018066406,370.5011901855469,159.10678100585938
6120505670,0.0,0.0,91.60794067382812,0.0,57.393768310546875,57.393768310546875,67.07675170898438,80.90237426757812,88.3096923828125,204.44284057617188,230.78604125976562,135.99710083007812,150.17242431640625,125.76104736328125,192.50897216796875,183.89859008789062,265.56866455078125,33.4527587890625,33.4527587890625,183.1217041015625,1195.462158203125,80.13668823242188,2084.1885986328125,1149.982177734375,25.45556640625,6385.4774169921875,5024.1048583984375,157.30718994140625,230.96286010742188,230.96286010742188,52.98870849609375,211.16766357421875,318.56524658203125,185.76889038085938,44.56182861328125,10.800079345703125,10.800079345703125,95.70263671875,38.718963623046875,56.2777099609375,83.43923950195312,127.99288940429688,45.8494873046875,2.1611328125,601.09521484375,601.09521484375,162.1158447265625,174.32025146484375,217.1251678466797,64.56060791015625,215.68588256835938,201.4473876953125,230.0404815673828,67.38980102539062,24.31597900390625,26.55364990234375,62.57391357421875,147.73919677734375,247.6866455078125,189.0782470703125,572.6026611328125,278.89324951171875,67.49884033203125
6120513900,57.393768310546875,57.393768310546875,34.21417236328125,57.393768310546875,0.0,0.0,9.6829833984375,23.50860595703125,30.915924072265625,147.049072265625,173.39227294921875,78.60333251953125,92.77865600585938,68.36727905273438,135.11520385742188,126.50482177734375,322.9624328613281,90.84652709960938,90.84652709960938,240.51547241210938,1252.8559265136719,22.742919921875,2141.5823669433594,1207.3759460449219,31.938201904296875,6442.871185302734,5081.498626708984,99.91342163085938,173.569091796875,173.569091796875,110.38247680664062,153.77389526367188,375.9590148925781,128.3751220703125,12.831939697265625,46.59368896484375,46.59368896484375,38.308868408203125,18.6748046875,1.116058349609375,26.04547119140625,70.59912109375,103.24325561523438,59.554901123046875,658.4889831542969,658.4889831542969,104.72207641601562,116.92648315429688,159.7313995361328,7.166839599609375,158.2921142578125,144.05361938476562,172.64671325683594,9.99603271484375,81.70974731445312,83.94741821289062,119.96768188476562,205.13296508789062,305.0804138183594,246.47201538085938,629.9964294433594,336.2870178222656,124.89260864257812
6120514100,57.393768310546875,57.393768310546875,34.21417236328125,57.393768310546875,0.0,0.0,9.6829833984375,23.50860595703125,30.915924072265625,147.049072265625,173.39227294921875,78.60333251953125,92.77865600585938,68.36727905273438,135.11520385742188,126.50482177734375,322.9624328613281,90.84652709960938,90.84652709960938,240.51547241210938,1252.8559265136719,22.742919921875,2141.5823669433594,1207.3759460449219,31.938201904296875,6442.871185302734,5081.498626708984,99.91342163085938,173.569091796875,173.569091796875,110.38247680664062,153.77389526367188,375.9590148925781,128.3751220703125,12.831939697265625,46.59368896484375,46.59368896484375,38.308868408203125,18.6748046875,1.116058349609375,26.04547119140625,70.59912109375,103.24325561523438,59.554901123046875,658.4889831542969,658.4889831542969,104.72207641601562,116.92648315429688,159.7313995361328,7.166839599609375,158.2921142578125,144.05361938476562,172.64671325683594,9.99603271484375,81.70974731445312,83.94741821289062,119.96768188476562,205.13296508789062,305.0804138183594,246.47201538085938,629.9964294433594,336.2870178222656,124.89260864257812
6120516590,67.07675170898438,67.07675170898438,24.53118896484375,67.07675170898438,9.6829833984375,9.6829833984375,0.0,13.82562255859375,21.232940673828125,137.3660888671875,163.70928955078125,68.92034912109375,83.09567260742188,58.684295654296875,125.43222045898438,116.82183837890625,332.6454162597656,100.52951049804688,100.52951049804688,250.19845581054688,1262.5389099121094,13.0599365234375,2151.265350341797,1217.0589294433594,41.621185302734375,6452.554168701172,5091.181610107422,90.23043823242188,163.8861083984375,163.8861083984375,120.06546020507812,144.09091186523438,385.6419982910156,118.692138671875,22.514923095703125,56.27667236328125,56.27667236328125,28.625885009765625,28.3577880859375,10.799041748046875,16.36248779296875,60.9161376953125,112.92623901367188,69.23788452148438,668.1719665527344,668.1719665527344,95.03909301757812,107.24349975585938,150.0484161376953,2.516143798828125,148.609130859375,134.37063598632812,162.96372985839844,0.31304931640625,91.39273071289062,93.63040161132812,129.65066528320312,214.81594848632812,314.7633972167969,256.1549987792969,639.6794128417969,345.9700012207031,134.57559204101562
6120518060,80.90237426757812,80.90237426757812,10.70556640625,80.90237426757812,23.50860595703125,23.50860595703125,13.82562255859375,0.0,7.407318115234375,123.54046630859375,149.8836669921875,55.0947265625,69.27005004882812,44.858673095703125,111.60659790039062,102.9962158203125,346.4710388183594,114.35513305664062,114.35513305664062,264.0240783691406,1276.3645324707031,0.76568603515625,2165.0909729003906,1230.8845520019531,55.446807861328125,6466.379791259766,5105.007232666016,76.40481567382812,150.06048583984375,150.06048583984375,133.89108276367188,130.26528930664062,399.4676208496094,104.86651611328125,36.340545654296875,70.102294921875,70.102294921875,14.800262451171875,42.18341064453125,24.624664306640625,2.536865234375,47.09051513671875,126.75186157226562,83.06350708007812,681.9975891113281,681.9975891113281,81.21347045898438,93.41787719726562,136.22279357910156,16.341766357421875,134.78350830078125,120.54501342773438,149.1381072998047,13.5125732421875,105.21835327148438,107.45602416992188,143.47628784179688,228.64157104492188,328.5890197753906,269.9806213378906,653.5050354003906,359.7956237792969,148.40121459960938
6120520130,88.3096923828125,88.3096923828125,3.298248291015625,88.3096923828125,30.915924072265625,30.915924072265625,21.232940673828125,7.407318115234375,0.0,116.13314819335938,142.47634887695312,47.687408447265625,61.86273193359375,37.45135498046875,104.19927978515625,95.58889770507812,353.87835693359375,121.762451171875,121.762451171875,271.431396484375,1283.7718505859375,8.173004150390625,2172.498291015625,1238.2918701171875,62.8541259765625,6473.787109375,5112.41455078125,68.99749755859375,142.65316772460938,142.65316772460938,141.29840087890625,122.85797119140625,406.87493896484375,97.45919799804688,43.74786376953125,77.50961303710938,77.50961303710938,7.3929443359375,49.590728759765625,32.031982421875,4.870452880859375,39.683197021484375,134.1591796875,90.4708251953125,689.4049072265625,689.4049072265625,73.80615234375,86.01055908203125,128.8154754638672,23.74908447265625,127.37619018554688,113.1376953125,141.7307891845703,20.919891357421875,112.62567138671875,114.86334228515625,150.88360595703125,236.04888916015625,335.996337890625,277.387939453125,660.912353515625,367.20294189453125,155.80853271484375
6120521680,204.44284057617188,204.44284057617188,112.83489990234375,204.44284057617188,147.049072265625,147.049072265625,137.3660888671875,123.54046630859375,116.13314819335938,0.0,26.34320068359375,68.44573974609375,54.270416259765625,78.68179321289062,11.933868408203125,20.54425048828125,470.0115051269531,237.89559936523438,237.89559936523438,387.5645446777344,1399.9049987792969,124.30615234375,2288.6314392089844,1354.4250183105469,178.98727416992188,6589.920257568359,5228.547698974609,47.135650634765625,26.52001953125,26.52001953125,257.4315490722656,6.724822998046875,523.0080871582031,18.6739501953125,159.88101196289062,193.64276123046875,193.64276123046875,108.74020385742188,165.723876953125,148.16513061523438,121.00360107421875,76.449951171875,250.29232788085938,206.60397338867188,805.5380554199219,805.5380554199219,42.326995849609375,30.122589111328125,12.682327270507812,139.88223266601562,11.2430419921875,2.995452880859375,25.597640991210938,137.05303955078125,228.75881958007812,230.99649047851562,267.0167541503906,352.1820373535156,452.1294860839844,393.5210876464844,777.0455017089844,483.3360900878906,271.9416809082031
6120524610,230.78604125976562,230.78604125976562,139.1781005859375,230.78604125976562,173.39227294921875,173.39227294921875,163.70928955078125,149.8836669921875,142.47634887695312,26.34320068359375,0.0,94.7889404296875,80.61361694335938,105.02499389648438,38.277069091796875,46.887451171875,496.3547058105469,264.2388000488281,264.2388000488281,413.9077453613281,1426.2481994628906,150.64935302734375,2314.974639892578,1380.7682189941406,205.33047485351562,6616.263458251953,5254.890899658203,73.47885131835938,0.17681884765625,0.17681884765625,283.7747497558594,19.618377685546875,549.3512878417969,45.01715087890625,186.22421264648438,219.9859619140625,219.9859619140625,135.08340454101562,192.06707763671875,174.50833129882812,147.3468017578125,102.79315185546875,276.6355285644531,232.94717407226562,831.8812561035156,831.8812561035156,68.67019653320312,56.465789794921875,13.660873413085938,166.22543334960938,15.10015869140625,29.338653564453125,0.7455596923828125,163.396240234375,255.10202026367188,257.3396911621094,293.3599548339844,378.5252380371094,478.4726867675781,419.8642883300781,803.3887023925781,509.6792907714844,298.2848815917969
6120527980,135.99710083007812,135.99710083007812,44.38916015625,135.99710083007812,78.60333251953125,78.60333251953125,68.92034912109375,55.0947265625,47.687408447265625,68.44573974609375,94.7889404296875,0.0,14.175323486328125,10.236053466796875,56.511871337890625,47.9014892578125,401.5657653808594,169.44985961914062,169.44985961914062,319.1188049316406,1331.4592590332031,55.86041259765625,2220.1856994628906,1285.9792785644531,110.54153442382812,6521.474517822266,5160.101959228516,21.310089111328125,94.96575927734375,94.96575927734375,188.98580932617188,75.17056274414062,454.5623474121094,49.77178955078125,91.43527221679688,125.197021484375,125.197021484375,40.294464111328125,97.27813720703125,79.71939086914062,52.557861328125,8.00421142578125,181.84658813476562,138.15823364257812,737.0923156738281,737.0923156738281,26.118743896484375,38.323150634765625,81.12806701660156,71.43649291992188,79.68878173828125,65.45028686523438,94.04338073730469,68.6072998046875,160.31307983398438,162.55075073242188,198.57101440429688,283.7362976074219,383.6837463378906,325.0753479003906,708.5997619628906,414.8903503417969,203.49594116210938
6120528670,150.17242431640625,150.17242431640625,58.564483642578125,150.17242431640625,92.77865600585938,92.77865600585938,83.09567260742188,69.27005004882812,61.86273193359375,54.270416259765625,80.61361694335938,14.175323486328125,0.0,24.411376953125,42.3365478515625,33.726165771484375,415.7410888671875,183.62518310546875,183.62518310546875,333.29412841796875,1345.6345825195312,70.03573608398438,2234.3610229492188,1300.1546020507812,124.71685791015625,6535.649841308594,5174.277282714844,7.134765625,80.79043579101562,80.79043579101562,203.1611328125,60.9952392578125,468.7376708984375,35.596466064453125,105.610595703125,139.37234497070312,139.37234497070312,54.46978759765625,111.45346069335938,93.89471435546875,66.73318481445312,22.179534912109375,196.02191162109375,152.33355712890625,751.2676391601562,751.2676391601562,11.94342041015625,24.1478271484375,66.95274353027344,85.61181640625,65.51345825195312,51.27496337890625,79.86805725097656,82.78262329101562,174.4884033203125,176.72607421875,212.746337890625,297.91162109375,397.85906982421875,339.25067138671875,722.7750854492188,429.065673828125,217.6712646484375
6120528900,125.76104736328125,125.76104736328125,34.153106689453125,125.76104736328125,68.36727905273438,68.36727905273438,58.684295654296875,44.858673095703125,37.45135498046875,78.68179321289062,105.02499389648438,10.236053466796875,24.411376953125,0.0,66.7479248046875,58.137542724609375,391.3297119140625,159.21380615234375,159.21380615234375,308.88275146484375,1321.2232055664062,45.624359130859375,2209.9496459960938,1275.7432250976562,100.30548095703125,6511.238464355469,5149.865905761719,31.546142578125,105.20181274414062,105.20181274414062,178.749755859375,85.4066162109375,444.3262939453125,60.007843017578125,81.19921875,114.96096801757812,114.96096801757812,30.05841064453125,87.04208374023438,69.48333740234375,42.321807861328125,2.231842041015625,171.61053466796875,127.92218017578125,726.8562622070312,726.8562622070312,36.35479736328125,48.5592041015625,91.36412048339844,61.200439453125,89.92483520507812,75.68634033203125,104.27943420410156,58.371246337890625,150.0770263671875,152.314697265625,188.3349609375,273.500244140625,373.44769287109375,314.83929443359375,698.3637084960938,404.654296875,193.2598876953125
6120530990,192.50897216796875,192.50897216796875,100.90103149414062,192.50897216796875,135.11520385742188,135.11520385742188,125.43222045898438,111.60659790039062,104.19927978515625,11.933868408203125,38.277069091796875,56.511871337890625,42.3365478515625,66.7479248046875,0.0,8.610382080078125,458.07763671875,225.96173095703125,225.96173095703125,375.63067626953125,1387.9711303710938,112.37228393554688,2276.6975708007812,1342.4911499023438,167.05340576171875,6577.986389160156,5216.613830566406,35.2017822265625,38.453887939453125,38.453887939453125,245.4976806640625,18.65869140625,511.07421875,6.740081787109375,147.9471435546875,181.70889282226562,181.70889282226562,96.80633544921875,153.79000854492188,136.23126220703125,109.06973266601562,64.51608276367188,238.35845947265625,194.67010498046875,793.6041870117188,793.6041870117188,30.39312744140625,18.188720703125,24.616195678710938,127.9483642578125,23.176910400390625,8.93841552734375,37.53150939941406,125.11917114257812,216.824951171875,219.0626220703125,255.0828857421875,340.2481689453125,440.19561767578125,381.58721923828125,765.1116333007812,471.4022216796875,260.0078125
6120531550,183.89859008789062,183.89859008789062,92.2906494140625,183.89859008789062,126.50482177734375,126.50482177734375,116.82183837890625,102.9962158203125,95.58889770507812,20.54425048828125,46.887451171875,47.9014892578125,33.726165771484375,58.137542724609375,8.610382080078125,0.0,449.4672546386719,217.35134887695312,217.35134887695312,367.0202941894531,1379.3607482910156,103.76190185546875,2268.087188720703,1333.8807678222656,158.44302368164062,6569.376007080078,5208.003448486328,26.591400146484375,47.06427001953125,47.06427001953125,236.88729858398438,27.269073486328125,502.4638366699219,1.87030029296875,139.33676147460938,173.0985107421875,173.0985107421875,88.19595336914062,145.17962646484375,127.62088012695312,100.4593505859375,55.90570068359375,229.74807739257812,186.05972290039062,784.9938049316406,784.9938049316406,21.782745361328125,9.578338623046875,33.22657775878906,119.33798217773438,31.78729248046875,17.548797607421875,46.14189147949219,116.5087890625,208.21456909179688,210.45223999023438,246.47250366210938,331.6377868652344,431.5852355957031,372.9768371582031,756.5012512207031,462.7918395996094,251.39743041992188
6120533730,265.56866455078125,265.56866455078125,357.1766052246094,265.56866455078125,322.9624328613281,322.9624328613281,332.6454162597656,346.4710388183594,353.87835693359375,470.0115051269531,496.3547058105469,401.5657653808594,415.7410888671875,391.3297119140625,458.07763671875,449.4672546386719,0.0,232.11590576171875,232.11590576171875,82.44696044921875,929.8934936523438,345.7053527832031,1818.6199340820312,884.4135131835938,291.02423095703125,6119.908752441406,4758.536193847656,422.8758544921875,496.5315246582031,496.5315246582031,212.5799560546875,476.736328125,52.99658203125,451.3375549316406,310.1304931640625,276.3687438964844,276.3687438964844,361.27130126953125,304.2876281738281,321.84637451171875,349.0079040527344,393.5615539550781,219.71917724609375,263.40753173828125,335.52655029296875,335.52655029296875,427.68450927734375,439.888916015625,482.69383239746094,330.1292724609375,481.2545471191406,467.01605224609375,495.60914611816406,332.9584655761719,241.252685546875,239.0150146484375,202.9947509765625,117.8294677734375,17.88201904296875,76.49041748046875,307.03399658203125,13.3245849609375,198.06982421875
6120535390,33.4527587890625,33.4527587890625,125.06069946289062,33.4527587890625,90.84652709960938,90.84652709960938,100.52951049804688,114.35513305664062,121.762451171875,237.89559936523438,264.2388000488281,169.44985961914062,183.62518310546875,159.21380615234375,225.96173095703125,217.35134887695312,232.11590576171875,0.0,0.0,149.6689453125,1162.0093994140625,113.58944702148438,2050.73583984375,1116.5294189453125,58.9083251953125,6352.024658203125,4990.652099609375,190.75994873046875,264.4156188964844,264.4156188964844,19.53594970703125,244.62042236328125,285.11248779296875,219.22164916992188,78.01458740234375,44.252838134765625,44.252838134765625,129.1553955078125,72.17172241210938,89.73046875,116.89199829101562,161.44564819335938,12.396728515625,31.2916259765625,567.6424560546875,567.6424560546875,195.568603515625,207.77301025390625,250.5779266357422,98.01336669921875,249.13864135742188,234.900146484375,263.4932403564453,100.84255981445312,9.13677978515625,6.89910888671875,29.12115478515625,114.28643798828125,214.23388671875,155.62548828125,539.14990234375,245.44049072265625,34.04608154296875
6120535480,33.4527587890625,33.4527587890625,125.06069946289062,33.4527587890625,90.84652709960938,90.84652709960938,100.52951049804688,114.35513305664062,121.762451171875,237.89559936523438,264.2388000488281,169.44985961914062,183.62518310546875,159.21380615234375,225.96173095703125,217.35134887695312,232.11590576171875,0.0,0.0,149.6689453125,1162.0093994140625,113.58944702148438,2050.73583984375,1116.5294189453125,58.9083251953125,6352.024658203125,4990.652099609375,190.75994873046875,264.4156188964844,264.4156188964844,19.53594970703125,244.62042236328125,285.11248779296875,219.22164916992188,78.01458740234375,44.252838134765625,44.252838134765625,129.1553955078125,72.17172241210938,89.73046875,116.89199829101562,161.44564819335938,12.396728515625,31.2916259765625,567.6424560546875,567.6424560546875,195.568603515625,207.77301025390625,250.5779266357422,98.01336669921875,249.13864135742188,234.900146484375,263.4932403564453,100.84255981445312,9.13677978515625,6.89910888671875,29.12115478515625,114.28643798828125,214.23388671875,155.62548828125,539.14990234375,245.44049072265625,34.04608154296875
6120535500,183.1217041015625,183.1217041015625,274.7296447753906,183.1217041015625,240.51547241210938,240.51547241210938,250.19845581054688,264.0240783691406,271.431396484375,387.5645446777344,413.9077453613281,319.1188049316406,333.29412841796875,308.88275146484375,375.63067626953125,367.0202941894531,82.44696044921875,149.6689453125,149.6689453125,0.0,1012.3404541015625,263.2583923339844,1901.06689453125,966.8604736328125,208.5772705078125,6202.355712890625,4840.983154296875,340.42889404296875,414.0845642089844,414.0845642089844,130.13299560546875,394.28936767578125,135.44354248046875,368.8905944824219,227.68353271484375,193.92178344726562,193.92178344726562,278.8243408203125,221.84066772460938,239.3994140625,266.5609436035156,311.1145935058594,137.272216796875,180.9605712890625,417.9735107421875,417.9735107421875,345.237548828125,357.44195556640625,400.2468719482422,247.68231201171875,398.8075866699219,384.569091796875,413.1621856689453,250.51150512695312,158.80572509765625,156.56805419921875,120.54779052734375,35.38250732421875,64.56494140625,5.95654296875,389.48095703125,95.77154541015625,115.62286376953125
6120536000,1195.462158203125,1195.462158203125,1287.0700988769531,1195.462158203125,1252.8559265136719,1252.8559265136719,1262.5389099121094,1276.3645324707031,1283.7718505859375,1399.9049987792969,1426.2481994628906,1331.4592590332031,1345.6345825195312,1321.2232055664062,1387.9711303710938,1379.3607482910156,929.8934936523438,1162.0093994140625,1162.0093994140625,1012.3404541015625,0.0,1275.5988464355469,888.7264404296875,45.47998046875,1220.917724609375,5190.0152587890625,3828.6427001953125,1352.7693481445312,1426.4250183105469,1426.4250183105469,1142.4734497070312,1406.6298217773438,876.8969116210938,1381.2310485839844,1240.0239868164062,1206.2622375488281,1206.2622375488281,1291.164794921875,1234.1811218261719,1251.7398681640625,1278.9013977050781,1323.4550476074219,1149.6126708984375,1193.301025390625,594.366943359375,594.366943359375,1357.5780029296875,1369.7824096679688,1412.5873260498047,1260.0227661132812,1411.1480407714844,1396.9095458984375,1425.5026397705078,1262.8519592285156,1171.1461791992188,1168.9085083007812,1132.8882446289062,1047.7229614257812,947.7755126953125,1006.3839111328125,622.8594970703125,916.5689086914062,1127.9633178710938
6120536600,80.13668823242188,80.13668823242188,11.47125244140625,80.13668823242188,22.742919921875,22.742919921875,13.0599365234375,0.76568603515625,8.173004150390625,124.30615234375,150.64935302734375,55.86041259765625,70.03573608398438,45.624359130859375,112.37228393554688,103.76190185546875,345.7053527832031,113.58944702148438,113.58944702148438,263.2583923339844,1275.5988464355469,0.0,2164.3252868652344,1230.1188659667969,54.681121826171875,6465.614105224609,5104.241546630859,77.17050170898438,150.826171875,150.826171875,133.12539672851562,131.03097534179688,398.7019348144531,105.6322021484375,35.574859619140625,69.33660888671875,69.33660888671875,15.565948486328125,41.417724609375,23.858978271484375,3.30255126953125,47.856201171875,125.98617553710938,82.29782104492188,681.2319030761719,681.2319030761719,81.97915649414062,94.18356323242188,136.9884796142578,15.576080322265625,135.5491943359375,121.31069946289062,149.90379333496094,12.74688720703125,104.45266723632812,106.69033813476562,142.71060180664062,227.87588500976562,327.8233337402344,269.2149353027344,652.7393493652344,359.0299377441406,147.63552856445312
6120538940,2084.1885986328125,2084.1885986328125,2175.7965393066406,2084.1885986328125,2141.5823669433594,2141.5823669433594,2151.265350341797,2165.0909729003906,2172.498291015625,2288.6314392089844,2314.974639892578,2220.1856994628906,2234.3610229492188,2209.9496459960938,2276.6975708007812,2268.087188720703,1818.6199340820312,2050.73583984375,2050.73583984375,1901.06689453125,888.7264404296875,2164.3252868652344,0.0,934.2064208984375,2109.6441650390625,4301.288818359375,2939.916259765625,2241.4957885742188,2315.1514587402344,2315.1514587402344,2031.1998901367188,2295.3562622070312,1765.6233520507812,2269.957489013672,2128.7504272460938,2094.9886779785156,2094.9886779785156,2179.8912353515625,2122.9075622558594,2140.46630859375,2167.6278381347656,2212.1814880371094,2038.339111328125,2082.0274658203125,1483.0933837890625,1483.0933837890625,2246.304443359375,2258.5088500976562,2301.313766479492,2148.7492065429688,2299.874481201172,2285.635986328125,2314.2290802001953,2151.578399658203,2059.8726196289062,2057.6349487304688,2021.6146850585938,1936.4494018554688,1836.501953125,1895.1103515625,1511.5859375,1805.2953491210938,2016.6897583007812
6120539900,1149.982177734375,1149.982177734375,1241.5901184082031,1149.982177734375,1207.3759460449219,1207.3759460449219,1217.0589294433594,1230.8845520019531,1238.2918701171875,1354.4250183105469,1380.7682189941406,1285.9792785644531,1300.1546020507812,1275.7432250976562,1342.4911499023438,1333.8807678222656,884.4135131835938,1116.5294189453125,1116.5294189453125,966.8604736328125,45.47998046875,1230.1188659667969,934.2064208984375,0.0,1175.437744140625,5235.4952392578125,3874.1226806640625,1307.2893676757812,1380.9450378417969,1380.9450378417969,1096.9934692382812,1361.1498413085938,831.4169311523438,1335.7510681152344,1194.5440063476562,1160.7822570800781,1160.7822570800781,1245.684814453125,1188.7011413574219,1206.2598876953125,1233.4214172363281,1277.9750671386719,1104.1326904296875,1147.821044921875,548.886962890625,548.886962890625,1312.0980224609375,1324.3024291992188,1367.1073455810547,1214.5427856445312,1365.6680603027344,1351.4295654296875,1380.0226593017578,1217.3719787597656,1125.6661987304688,1123.4285278320312,1087.4082641601562,1002.2429809570312,902.2955322265625,960.9039306640625,577.3795166015625,871.0889282226562,1082.4833374023438
6120541010,25.45556640625,25.45556640625,66.15237426757812,25.45556640625,31.938201904296875,31.938201904296875,41.621185302734375,55.446807861328125,62.8541259765625,178.98727416992188,205.33047485351562,110.54153442382812,124.71685791015625,100.30548095703125,167.05340576171875,158.44302368164062,291.02423095703125,58.9083251953125,58.9083251953125,208.5772705078125,1220.917724609375,54.681121826171875,2109.6441650390625,1175.437744140625,0.0,6410.9329833984375,5049.5604248046875,131.85162353515625,205.50729370117188,205.50729370117188,78.44427490234375,185.71209716796875,344.02081298828125,160.31332397460938,19.10626220703125,14.655487060546875,14.655487060546875,70.2470703125,13.263397216796875,30.8221435546875,57.983673095703125,102.53732299804688,71.3050537109375,27.61669921875,626.55078125,626.55078125,136.6602783203125,148.86468505859375,191.6696014404297,39.10504150390625,190.23031616210938,175.9918212890625,204.5849151611328,41.934234619140625,49.77154541015625,52.00921630859375,88.02947998046875,173.19476318359375,273.1422119140625,214.5338134765625,598.0582275390625,304.34881591796875,92.95440673828125
6120541320,6385.4774169921875,6385.4774169921875,6477.085357666016,6385.4774169921875,6442.871185302734,6442.871185302734,6452.554168701172,6466.379791259766,6473.787109375,6589.920257568359,6616.263458251953,6521.474517822266,6535.649841308594,6511.238464355469,6577.986389160156,6569.376007080078,6119.908752441406,6352.024658203125,6352.024658203125,6202.355712890625,5190.0152587890625,6465.614105224609,4301.288818359375,5235.4952392578125,6410.9329833984375,0.0,1361.37255859375,6542.784606933594,6616.440277099609,6616.440277099609,6332.488708496094,6596.645080566406,6066.912170410156,6571.246307373047,6430.039245605469,6396.277496337891,6396.277496337891,6481.1800537109375,6424.196380615234,6441.755126953125,6468.916656494141,6513.470306396484,6339.6279296875,6383.3162841796875,5784.3822021484375,5784.3822021484375,6547.59326171875,6559.797668457031,6602.602584838867,6450.038024902344,6601.163299560547,6586.9248046875,6615.51789855957,6452.867218017578,6361.161437988281,6358.923767089844,6322.903503417969,6237.738220214844,6137.790771484375,6196.399169921875,5812.874755859375,6106.584167480469,6317.978576660156
6120541740,5024.1048583984375,5024.1048583984375,5115.712799072266,5024.1048583984375,5081.498626708984,5081.498626708984,5091.181610107422,5105.007232666016,5112.41455078125,5228.547698974609,5254.890899658203,5160.101959228516,5174.277282714844,5149.865905761719,5216.613830566406,5208.003448486328,4758.536193847656,4990.652099609375,4990.652099609375,4840.983154296875,3828.6427001953125,5104.241546630859,2939.916259765625,3874.1226806640625,5049.5604248046875,1361.37255859375,0.0,5181.412048339844,5255.067718505859,5255.067718505859,4971.116149902344,5235.272521972656,4705.539611816406,5209.873748779297,5068.666687011719,5034.904937744141,5034.904937744141,5119.8074951171875,5062.823822021484,5080.382568359375,5107.544097900391,5152.097747802734,4978.25537109375,5021.9437255859375,4423.0096435546875,4423.0096435546875,5186.220703125,5198.425109863281,5241.230026245117,5088.665466308594,5239.790740966797,5225.55224609375,5254.14533996582,5091.494659423828,4999.788879394531,4997.551208496094,4961.530944824219,4876.365661621094,4776.418212890625,4835.026611328125,4451.502197265625,4745.211608886719,4956.606018066406
6120542380,157.30718994140625,157.30718994140625,65.69924926757812,157.30718994140625,99.91342163085938,99.91342163085938,90.23043823242188,76.40481567382812,68.99749755859375,47.135650634765625,73.47885131835938,21.310089111328125,7.134765625,31.546142578125,35.2017822265625,26.591400146484375,422.8758544921875,190.75994873046875,190.75994873046875,340.42889404296875,1352.7693481445312,77.17050170898438,2241.4957885742188,1307.2893676757812,131.85162353515625,6542.784606933594,5181.412048339844,0.0,73.65567016601562,73.65567016601562,210.2958984375,53.8604736328125,475.8724365234375,28.461700439453125,112.745361328125,146.50711059570312,146.50711059570312,61.60455322265625,118.58822631835938,101.02947998046875,73.86795043945312,29.314300537109375,203.15667724609375,159.46832275390625,758.4024047851562,758.4024047851562,4.80865478515625,17.0130615234375,59.81797790527344,92.74658203125,58.378692626953125,44.14019775390625,72.73329162597656,89.91738891601562,181.6231689453125,183.86083984375,219.881103515625,305.04638671875,404.99383544921875,346.38543701171875,729.9098510742188,436.200439453125,224.8060302734375
6120543000,230.96286010742188,230.96286010742188,139.35491943359375,230.96286010742188,173.569091796875,173.569091796875,163.8861083984375,150.06048583984375,142.65316772460938,26.52001953125,0.17681884765625,94.96575927734375,80.79043579101562,105.20181274414062,38.453887939453125,47.06427001953125,496.5315246582031,264.4156188964844,264.4156188964844,414.0845642089844,1426.4250183105469,150.826171875,2315.1514587402344,1380.9450378417969,205.50729370117188,6616.440277099609,5255.067718505859,73.65567016601562,0.0,0.0,283.9515686035156,19.795196533203125,549.5281066894531,45.1939697265625,186.40103149414062,220.16278076171875,220.16278076171875,135.26022338867188,192.243896484375,174.68515014648438,147.52362060546875,102.969970703125,276.8123474121094,233.12399291992188,832.0580749511719,832.0580749511719,68.84701538085938,56.642608642578125,13.837692260742188,166.40225219726562,15.2769775390625,29.515472412109375,0.9223785400390625,163.57305908203125,255.27883911132812,257.5165100097656,293.5367736816406,378.7020568847656,478.6495056152344,420.0411071777344,803.5655212402344,509.8561096191406,298.4617004394531
6120543130,230.96286010742188,230.96286010742188,139.35491943359375,230.96286010742188,173.569091796875,173.569091796875,163.8861083984375,150.06048583984375,142.65316772460938,26.52001953125,0.17681884765625,94.96575927734375,80.79043579101562,105.20181274414062,38.453887939453125,47.06427001953125,496.5315246582031,264.4156188964844,264.4156188964844,414.0845642089844,1426.4250183105469,150.826171875,2315.1514587402344,1380.9450378417969,205.50729370117188,6616.440277099609,5255.067718505859,73.65567016601562,0.0,0.0,283.9515686035156,19.795196533203125,549.5281066894531,45.1939697265625,186.40103149414062,220.16278076171875,220.16278076171875,135.26022338867188,192.243896484375,174.68515014648438,147.52362060546875,102.969970703125,276.8123474121094,233.12399291992188,832.0580749511719,832.0580749511719,68.84701538085938,56.642608642578125,13.837692260742188,166.40225219726562,15.2769775390625,29.515472412109375,0.9223785400390625,163.57305908203125,255.27883911132812,257.5165100097656,293.5367736816406,378.7020568847656,478.6495056152344,420.0411071777344,803.5655212402344,509.8561096191406,298.4617004394531
6120544970,52.98870849609375,52.98870849609375,144.59664916992188,52.98870849609375,110.38247680664062,110.38247680664062,120.06546020507812,133.89108276367188,141.29840087890625,257.4315490722656,283.7747497558594,188.98580932617188,203.1611328125,178.749755859375,245.4976806640625,236.88729858398438,212.5799560546875,19.53594970703125,19.53594970703125,130.13299560546875,1142.4734497070312,133.12539672851562,2031.1998901367188,1096.9934692382812,78.44427490234375,6332.488708496094,4971.116149902344,210.2958984375,283.9515686035156,283.9515686035156,0.0,264.1563720703125,265.5765380859375,238.75759887695312,97.550537109375,63.788787841796875,63.788787841796875,148.69134521484375,91.70767211914062,109.26641845703125,136.42794799804688,180.98159790039062,7.13922119140625,50.82757568359375,548.1065063476562,548.1065063476562,215.10455322265625,227.3089599609375,270.11387634277344,117.54931640625,268.6745910644531,254.43609619140625,283.02919006347656,120.37850952148438,28.6727294921875,26.43505859375,9.585205078125,94.75048828125,194.69793701171875,136.08953857421875,519.6139526367188,225.904541015625,14.5101318359375
6120546480,211.16766357421875,211.16766357421875,119.55972290039062,211.16766357421875,153.77389526367188,153.77389526367188,144.09091186523438,130.26528930664062,122.85797119140625,6.724822998046875,19.618377685546875,75.17056274414062,60.9952392578125,85.4066162109375,18.65869140625,27.269073486328125,476.736328125,244.62042236328125,244.62042236328125,394.28936767578125,1406.6298217773438,131.03097534179688,2295.3562622070312,1361.1498413085938,185.71209716796875,6596.645080566406,5235.272521972656,53.8604736328125,19.795196533203125,19.795196533203125,264.1563720703125,0.0,529.73291015625,25.398773193359375,166.6058349609375,200.36758422851562,200.36758422851562,115.46502685546875,172.44869995117188,154.88995361328125,127.72842407226562,83.17477416992188,257.01715087890625,213.32879638671875,812.2628784179688,812.2628784179688,49.05181884765625,36.847412109375,5.9575042724609375,146.6070556640625,4.518218994140625,9.72027587890625,18.872817993164062,143.77786254882812,235.483642578125,237.7213134765625,273.7415771484375,358.9068603515625,458.85430908203125,400.24591064453125,783.7703247070312,490.0609130859375,278.66650390625
6120547190,318.56524658203125,318.56524658203125,410.1731872558594,318.56524658203125,375.9590148925781,375.9590148925781,385.6419982910156,399.4676208496094,406.87493896484375,523.0080871582031,549.3512878417969,454.5623474121094,468.7376708984375,444.3262939453125,511.07421875,502.4638366699219,52.99658203125,285.11248779296875,285.11248779296875,135.44354248046875,876.8969116210938,398.7019348144531,1765.6233520507812,831.4169311523438,344.02081298828125,6066.912170410156,4705.539611816406,475.8724365234375,549.5281066894531,549.5281066894531,265.5765380859375,529.73291015625,0.0,504.3341369628906,363.1270751953125,329.3653259277344,329.3653259277344,414.26788330078125,357.2842102050781,374.84295654296875,402.0044860839844,446.5581359863281,272.71575927734375,316.40411376953125,282.52996826171875,282.52996826171875,480.68109130859375,492.885498046875,535.6904144287109,383.1258544921875,534.2511291503906,520.0126342773438,548.6057281494141,385.9550476074219,294.249267578125,292.0115966796875,255.9913330078125,170.8260498046875,70.87860107421875,129.48699951171875,254.03741455078125,39.6719970703125,251.06640625
6120547460,185.76889038085938,185.76889038085938,94.16094970703125,185.76889038085938,128.3751220703125,128.3751220703125,118.692138671875,104.86651611328125,97.45919799804688,18.6739501953125,45.01715087890625,49.77178955078125,35.596466064453125,60.007843017578125,6.740081787109375,1.87030029296875,451.3375549316406,219.22164916992188,219.22164916992188,368.8905944824219,1381.2310485839844,105.6322021484375,2269.957489013672,1335.7510681152344,160.31332397460938,6571.246307373047,5209.873748779297,28.461700439453125,45.1939697265625,45.1939697265625,238.75759887695312,25.398773193359375,504.3341369628906,0.0,141.20706176757812,174.96881103515625,174.96881103515625,90.06625366210938,147.0499267578125,129.49118041992188,102.32965087890625,57.7760009765625,231.61837768554688,187.93002319335938,786.8641052246094,786.8641052246094,23.653045654296875,11.448638916015625,31.356277465820312,121.20828247070312,29.9169921875,15.678497314453125,44.27159118652344,118.37908935546875,210.08486938476562,212.32254028320312,248.34280395507812,333.5080871582031,433.4555358886719,374.8471374511719,758.3715515136719,464.6621398925781,253.26773071289062
