,6120513360,6120513890,6120514100,6120516590,6120516810,6120518060,6120518270,6120520130,6120521680,6120521890,6120524210,6120524610,6120524690,6120527690,6120527820,6120527980,6120528190,6120528450,6120528670,6120528800,6120528900,6120529300,6120530270,6120530990,6120531550,6120531560,6120531740,6120533670,6120533730,6120533830,6120533900,6120534130,6120534890,6120535290,6120535300,6120535390,6120535470,6120535480,6120535490,6120535500,6120536000,6120536280,6120536600,6120537050,6120538530,6120538940,6120539010,6120539900,6120540740,6120540890,6120541000,6120541010,6120541430,6120541550,6120541730,6120541740,6120542240,6120542380,6120543000,6120543130,6120543650,6120543770,6120544070,6120544970,6120546480,6120547190,6120547460,6120547620,6120548370,6120548840,6120548850,6120551470,6120553750,6120554690,6120555030,6120555120,6120555130,6120555310,6120556170,6120556300,6120557900,6120557910,6120558070,6120558590,6120558600,6120558690,6120558700,6120560300,6120560540,6120560550,6120560560,6120561410,6120561540,6120561790,6120562540,6120566530,6120566540,6120567170,6121166600,6121172700,6121173010,6121173180,6121173230,6121173240,6121173320,6121173840,6121174660,6121174810,6121175210,6121175540,6121175890,6121176000,6121176800,6121177030,6121177210,6121177360,6121178060,6121178070,6121178270,6121178320,6121178410,6121178770,6121178800,6121179320,6121179430,6121179520,6121180040,6121180080,6121180300,6121180310,6121180520,6121180630,6121180730,6121181170,6121181510,6121181570,6121181580,6121181860,6121181870,6121182820,6121182900,6121184110,6121185930,6121186380,6121187460,6121188440
6120513360,0.0,4.474990845000008,1390.4090576160002,1390.4090576160002,20.99999237099999,1180.208984376,107.2073955538,1520.048950196,1338.068969726,93.92900085400001,79.8469963076,1989.628906246,37.8541946414,74.3841972354,29.951995850000003,1953.6989746059999,52.19500732400002,68.5070953372,2282.898925786,1748.568969726,1401.119018556,39.132003784000005,69.22119522119999,1748.568969726,2330.789062496,78.28869628929999,118.234008789,296.420013427,10731.129394506,53.350006103,60.621002196999996,83.81619644189999,80.675495148,51.19900512699999,22.861007690000008,3061.2990722659997,382.187011719,4159.148925786,51.7137985232,9753.408691406,10272.929199206,126.04800415,4159.148925786,22915.129394506,88.50369644189999,10251.229003906,83.7323951724,14824.028808606,24.33900451599999,6237.329101566,90.8769950869,4690.418945316,35.573692322,72.2016944888,62.50199890100001,9994.528808606,159.304016113,7628.309082036,4368.588867186,1982.979003906,159.304016113,542.05102539,35.573692322,6872.559082036,4559.628906246,6344.9589843759995,3817.559082036,1922.0590820359998,61.24400329600002,26.672996521,73.94100952100001,91.0321960452,11160.328613306001,23.489997864000003,7009.809082036,55.46800231899999,1517.6590576160002,416.68597412099996,556.92602539,608.986999511,78.6545944216,212.277008056,37.36779785179999,53.29901122999999,537.653991699,5.111999511999997,43.027008056,20.83700561500001,357.56799316400003,537.653991699,159.33001709,119.651000976,62.3008956912,88.822998047,139.145996094,58.2950973513,0.19898986799998397,53.353996277099995,8.915992736999996,98.65879440329999,9201.188964846,1442.739013676,170.97601318300002,9185.108886716002,10272.929199206,44.10299682600001,4763.938964846,6237.329101566,3020.309082036,72.4865951541,72.4865951541,46.697006224999996,8733.698730466002,87.19309616109999,80.9748954775,4992.579101566,227.825988769,4204.378906246,5839.338867186,83.0346946719,79.2932968142,4427.738769536,442.05200195300006,7158.999023436,6255.039062496,44.39700317399999,5686.758789066,8221.139160156,5.287002563000016,37.904006958,4897.2988281259995,5409.389160156,184.33898925800003,6745.628906246,99.755004883,101.7700958254,46.57901000999999,5114.068847656,4092.128906246,770.190002441,288.505004883,97.125,7.189010620000005,39.898292541800004,74.6856956484,80.8470954898
6120513890,4.474990845000008,0.0,1394.884048461,1394.884048461,16.525001525999983,1184.683975221,102.73240470879999,1524.523941041,1342.543960571,98.40399169900002,75.37200546259999,1994.1038970910001,33.37920379639999,69.90920639039999,25.477005004999995,1958.173965451,56.669998169000024,64.03210449219999,2287.373916631,1753.043960571,1405.594009401,43.60699462900001,64.74620437619998,1753.043960571,2335.2640533410004,73.81370544429998,122.70899963400001,300.89500427200005,10735.604385351,57.824996948000006,65.095993042,79.34120559689998,76.20050430299999,55.673995972,27.335998535000016,3065.774063111,386.662002564,4163.623916631001,47.23880767819999,9757.883682251,10277.404190051,130.522994995,4163.623916631001,22919.604385351,84.02870559689998,10255.703994751,79.2574043274,14828.503799451,28.813995360999996,6241.804092411,86.40200424189999,4694.893936161,31.09870147699999,67.7267036438,66.97698974600002,9999.003799451,163.779006958,7632.784072881001,4373.063858031001,1987.453994751,163.779006958,546.5260162349999,31.09870147699999,6877.034072881001,4564.103897091,6349.433975221,3822.034072881,1926.534072881,65.71899414100002,22.198005675999994,78.41600036600002,86.55720520019999,11164.803604151,19.015007018999995,7014.284072881001,59.942993164,1522.134048461,421.16096496599994,561.4010162349999,613.461990356,74.17960357659999,216.751998901,32.892807006799984,57.774002075,542.128982544,0.6370086669999893,47.50199890100001,25.311996460000017,362.04298400900007,542.128982544,163.80500793500002,124.12599182100001,57.82590484619999,93.297988892,143.620986939,53.82010650629999,4.276000977000024,48.87900543209999,4.4410018919999885,94.18380355829999,9205.663955691,1447.2140045209999,175.45100402800003,9189.583877561001,10277.404190051,48.57798767100002,4768.413955691,6241.804092411,3024.784072881,68.0116043091,68.0116043091,51.17199707,8738.173721311001,82.71810531609998,76.49990463249999,4997.054092411,232.300979614,4208.853897091,5843.813858031001,78.55970382689999,74.8183059692,4432.213760381001,446.52699279800004,7163.474014281001,6259.514053341,48.871994019,5691.233779911,8225.614151001,9.761993408000023,42.378997803000004,4901.773818971,5413.864151001,188.81398010300003,6750.103897091,104.229995728,97.2951049804,51.054000855,5118.543838501,4096.603897091,774.664993286,292.97999572800006,101.59999084500001,11.664001465000013,35.423301696799996,70.21070480339999,76.37210464479999
6120514100,1390.4090576160002,1394.884048461,0.0,0.0,1411.4090499870001,210.20007323999994,1497.6164531698,129.63989257999992,52.34008788999995,1296.480056762,1470.2560539236001,599.2198486300001,1428.2632522574,1464.7932548514,1420.3610534660002,563.2899169899999,1338.2140502920001,1458.9161529532,892.4898681699999,358.15991211000005,10.709960939999974,1351.277053832,1459.6302528372,358.15991211000005,940.3800048800001,1468.6977539053,1272.175048827,1093.989044189,9340.720336889999,1337.059051513,1329.788055419,1474.2252540579,1471.0845527640001,1339.210052489,1367.548049926,1670.8900146499998,1008.222045897,2768.7398681700006,1442.1228561392,8362.99963379,8882.52014159,1264.3610534660002,2768.7398681700006,21524.72033689,1478.9127540579,8860.81994629,1474.1414527884,13433.61975099,1366.0700531,4846.92004395,1481.2860527029,3300.0098877,1425.982749938,1462.6107521048,1327.907058715,8604.11975099,1231.105041503,6237.900024420001,2978.1798095700005,592.56994629,1231.105041503,848.3580322260001,1425.982749938,5482.150024420001,3169.2198486300003,4954.54992676,2427.1500244199997,531.6500244199999,1329.16505432,1417.0820541370001,1316.468048095,1481.4412536612,9769.91955569,1413.89905548,5619.400024420001,1334.941055297,127.25,973.7230834950001,833.4830322260001,781.422058105,1469.0636520376001,1178.13204956,1427.7768554678,1337.110046386,852.755065917,1395.521057128,1347.38204956,1369.572052001,1032.841064452,852.755065917,1231.079040526,1270.75805664,1452.7099533072,1301.586059569,1251.263061522,1448.7041549673,1390.608047484,1443.7630538931,1399.325050353,1489.0678520193,7810.7799072299995,52.32995605999986,1219.433044433,7794.699829100001,8882.52014159,1346.30606079,3373.5299072300004,4846.92004395,1629.90002442,1462.8956527701,1462.8956527701,1343.712051391,7343.289672850001,1477.6021537771,1471.3839530935,3602.17004395,1162.583068847,2813.9698486300003,4448.9298095700005,1473.4437522879,1469.7023544302,3037.3297119200006,948.357055663,5768.5899658200005,4864.63000488,1346.0120544420001,4296.34973145,6830.73010254,1385.122055053,1352.505050658,3506.88977051,4018.98010254,1206.070068358,5355.21984863,1290.654052733,1492.1791534414,1343.830047606,3723.65979004,2701.7198486300003,620.219055175,1101.904052733,1293.2840576160002,1383.220046996,1430.3073501578,1465.0947532644,1471.2561531058
6120516590,1390.4090576160002,1394.884048461,0.0,0.0,1411.4090499870001,210.20007323999994,1497.6164531698,129.63989257999992,52.34008788999995,1296.480056762,1470.2560539236001,599.2198486300001,1428.2632522574,1464.7932548514,1420.3610534660002,563.2899169899999,1338.2140502920001,1458.9161529532,892.4898681699999,358.15991211000005,10.709960939999974,1351.277053832,1459.6302528372,358.15991211000005,940.3800048800001,1468.6977539053,1272.175048827,1093.989044189,9340.720336889999,1337.059051513,1329.788055419,1474.2252540579,1471.0845527640001,1339.210052489,1367.548049926,1670.8900146499998,1008.222045897,2768.7398681700006,1442.1228561392,8362.99963379,8882.52014159,1264.3610534660002,2768.7398681700006,21524.72033689,1478.9127540579,8860.81994629,1474.1414527884,13433.61975099,1366.0700531,4846.92004395,1481.2860527029,3300.0098877,1425.982749938,1462.6107521048,1327.907058715,8604.11975099,1231.105041503,6237.900024420001,2978.1798095700005,592.56994629,1231.105041503,848.3580322260001,1425.982749938,5482.150024420001,3169.2198486300003,4954.54992676,2427.1500244199997,531.6500244199999,1329.16505432,1417.0820541370001,1316.468048095,1481.4412536612,9769.91955569,1413.89905548,5619.400024420001,1334.941055297,127.25,973.7230834950001,833.4830322260001,781.422058105,1469.0636520376001,1178.13204956,1427.7768554678,1337.110046386,852.755065917,1395.521057128,1347.38204956,1369.572052001,1032.841064452,852.755065917,1231.079040526,1270.75805664,1452.7099533072,1301.586059569,1251.263061522,1448.7041549673,1390.608047484,1443.7630538931,1399.325050353,1489.0678520193,7810.7799072299995,52.32995605999986,1219.433044433,7794.699829100001,8882.52014159,1346.30606079,3373.5299072300004,4846.92004395,1629.90002442,1462.8956527701,1462.8956527701,1343.712051391,7343.289672850001,1477.6021537771,1471.3839530935,3602.17004395,1162.583068847,2813.9698486300003,4448.9298095700005,1473.4437522879,1469.7023544302,3037.3297119200006,948.357055663,5768.5899658200005,4864.63000488,1346.0120544420001,4296.34973145,6830.73010254,1385.122055053,1352.505050658,3506.88977051,4018.98010254,1206.070068358,5355.21984863,1290.654052733,1492.1791534414,1343.830047606,3723.65979004,2701.7198486300003,620.219055175,1101.904052733,1293.2840576160002,1383.220046996,1430.3073501578,1465.0947532644,1471.2561531058
6120516810,20.99999237099999,16.525001525999983,1411.4090499870001,1411.4090499870001,0.0,1201.2089767470002,86.20740318280001,1541.048942567,1359.0689620970002,114.928993225,58.847003936600004,2010.6288986170002,16.85420227040001,53.384204864400004,8.952003479000012,1974.698966977,73.194999695,47.50710296620001,2303.898918157,1769.5689620970002,1422.119010927,60.131996154999996,48.22120285020001,1769.5689620970002,2351.7890548670002,57.28870391830001,139.23400116,317.42000579800003,10752.129386876999,74.34999847399999,81.62099456799999,62.81620407090001,59.675502777000005,72.19899749799998,43.861000061,3082.299064637,403.18700408999996,4180.1489181570005,30.713806152200007,9774.408683777,10293.929191576999,147.047996521,4180.1489181570005,22936.129386877,67.5037040709,10272.228996277,62.732402801400006,14845.028800977,45.33899688699998,6258.329093937,69.8770027159,4711.418937687,14.573699951000009,51.201702117800004,83.501991272,10015.528800977,180.30400848399998,7649.3090744070005,4389.588859557,2003.978996277,180.30400848399998,563.0510177609999,14.573699951000009,6893.5590744070005,4580.628898617,6365.958976747,3838.559074407,1943.059074407,82.24399566700001,5.673004150000011,94.941001892,70.0322036742,11181.328605677,2.4900054930000124,7030.8090744070005,76.46799468999998,1538.6590499870001,437.6859664919999,577.9260177609999,629.986991882,57.654602050600005,233.277000427,16.3678054808,74.29900360099998,558.65398407,15.887992858999993,64.02700042699999,41.836997986,378.56798553500005,558.65398407,180.330009461,140.650993347,41.30090332020001,109.82299041799999,160.145988465,37.29510498030001,20.801002503000007,32.354003906100004,12.083999633999994,77.6588020323,9222.188957216998,1463.739006047,191.976005554,9206.108879087,10293.929191576999,65.102989197,4784.938957217,6258.329093937,3041.309074407,51.486602783100004,51.486602783100004,67.69699859599999,8754.698722837,66.1931037901,59.97490310650001,5013.579093937,248.82598113999998,4225.378898617,5860.338859557,62.03470230090001,58.29330444320001,4448.7387619070005,463.051994324,7179.999015807,6276.039054867,65.39699554499998,5707.758781437,8242.139152527,26.286994934000006,58.90399932899999,4918.298820497,5430.389152527,205.33898162900002,6766.628898617,120.75499725399999,80.77010345440002,67.57900238099998,5135.068840027,4113.128898617,791.189994812,309.50499725400005,118.12499237099999,28.189002990999995,18.898300170800013,53.68570327740001,59.84710311880001
6120518060,1180.208984376,1184.683975221,210.20007323999994,210.20007323999994,1201.2089767470002,0.0,1287.4163799298,339.83996581999986,157.85998535,1086.279983522,1260.0559806836002,809.41992187,1218.0631790174002,1254.5931816114,1210.160980226,773.4899902299999,1128.013977052,1248.7160797132,1102.6899414099998,568.35998535,220.9100341799999,1141.0769805920002,1249.4301795972,568.35998535,1150.58007812,1258.4976806653,1061.974975587,883.788970949,9550.92041013,1126.858978273,1119.5879821790002,1264.0251808179,1260.8844795240002,1129.009979249,1157.347976686,1881.0900878899997,798.0219726570001,2978.9399414100003,1231.9227828992,8573.19970703,9092.72021483,1054.160980226,2978.9399414100003,21734.92041013,1268.7126808179,9071.02001953,1263.9413795484002,13643.81982423,1155.86997986,5057.120117189999,1271.0859794629,3510.2099609399997,1215.7826766980002,1252.4106788648,1117.706985475,8814.31982423,1020.9049682630001,6448.100097660001,3188.3798828100003,802.7700195299999,1020.9049682630001,638.1579589860002,1215.7826766980002,5692.350097660001,3379.41992187,5164.75,2637.35009766,741.8500976599998,1118.9649810800001,1206.8819808970002,1106.2679748550001,1271.2411804212002,9980.11962893,1203.69898224,5829.600097660001,1124.740982057,337.45007323999994,763.5230102550001,623.2829589860002,571.2219848650001,1258.8635787976,967.9319763200001,1217.5767822278,1126.909973146,642.5549926770001,1185.320983888,1137.18197632,1159.371978761,822.640991212,642.5549926770001,1020.878967286,1060.5579834,1242.5098800672001,1091.3859863290002,1041.062988282,1238.5040817273002,1180.4079742440001,1233.5629806531,1189.124977113,1278.8677787793001,8020.97998047,262.5300292999998,1009.2329711930001,8004.899902340001,9092.72021483,1136.10598755,3583.72998047,5057.120117189999,1840.1000976599998,1252.6955795301,1252.6955795301,1133.5119781510002,7553.489746090001,1267.4020805371001,1261.1838798535,3812.3701171899997,952.3829956070001,3024.16992187,4659.129882810001,1263.2436790479,1259.5022811902002,3247.5297851600003,738.156982423,5978.790039060001,5074.83007812,1135.8119812020002,4506.549804689999,7040.93017578,1174.921981813,1142.3049774180001,3717.0898437499995,4229.18017578,995.8699951180001,5565.41992187,1080.4539794930001,1281.9790802014002,1133.6299743660002,3933.85986328,2911.91992187,410.01898193500006,891.7039794930001,1083.083984376,1173.0199737560001,1220.1072769178002,1254.8946800244,1261.0560798658
6120518270,107.2073955538,102.73240470879999,1497.6164531698,1497.6164531698,86.20740318280001,1287.4163799298,0.0,1627.2563457498,1445.2763652798,201.13639640780002,27.360399246200004,2096.8363017998004,69.3532009124,32.8231983184,77.2553997038,2060.9063701598,159.4024028778,38.7003002166,2390.1063213398,1855.7763652798,1508.3264141098,146.3393993378,37.9862003326,1855.7763652798,2437.9964580498004,28.9186992645,225.4414043428,403.6274089808,10838.3367900598,160.55740165679998,167.82839775079998,23.3911991119,26.531900405800002,158.4064006808,130.0684032438,3168.5064678198,489.3944072728,4266.3563213398,55.4935970306,9860.6160869598,10380.1365947598,233.25539970379998,4266.3563213398,23022.3367900598,18.7036991119,10358.4363994598,23.4750003814,14931.2362041598,131.54640006979997,6344.5364971198,16.330400466900002,4797.6263408698,71.6337032318,35.005701065000004,169.70939445480002,10101.7362041598,266.5114116668,7735.5164775898,4475.7962627398,2090.1863994598,266.5114116668,649.2584209437999,71.6337032318,6979.7664775898,4666.8363017998,6452.166379929799,3924.7664775898,2029.2664775898,168.4513988498,80.5343990328,181.1484050748,16.175199508600002,11267.5360088598,83.7173976898,7117.0164775898,162.67539787279998,1624.8664531698,523.8933696747999,664.1334209437999,716.1943950648,28.552801132200003,319.4844036098,69.839597702,160.5064067838,644.8613872528,102.0953960418,150.23440360979998,128.0444011688,464.7753887178,644.8613872528,266.5374126438,226.85839652980002,44.9064998626,196.03039360079998,246.35339164779998,48.9122982025,107.00840568580001,53.8533992767,98.2914028168,8.548601150499998,9308.3963603998,1549.9464092297999,278.1834087368,9292.316282269801,10380.1365947598,151.31039237980002,4871.1463603998,6344.5364971198,3127.5164775898,34.7208003997,34.7208003997,153.90440177879998,8840.906126019801,20.014299392700003,26.2325000763,5099.7864971198,335.0333843228,4311.5863017998,5946.5462627398,24.1727008819,27.9140987396,4534.9461650898,549.2593975068,7266.2064189898,6362.2464580498,151.6043987278,5793.9661846198,8328.3465557098,112.49439811680001,145.1114025118,5004.506223679799,5516.5965557098,291.5463848118,6852.8363017998,206.9624004368,5.437299728399999,153.78640556379997,5221.2762432098,4199.3363017998,877.3973979948,395.7124004368,204.33239555379998,114.3964061738,67.309103012,32.5216999054,26.360300064
6120520130,1520.048950196,1524.523941041,129.63989257999992,129.63989257999992,1541.048942567,339.83996581999986,1627.2563457498,0.0,181.97998046999987,1426.119949342,1599.8959465036,469.5799560500002,1557.9031448373999,1594.4331474314,1550.000946046,433.65002441,1467.853942872,1588.5560455332,762.84997559,228.52001953000013,118.92993163999995,1480.916946412,1589.2701454172,228.52001953000013,810.7401123000002,1598.3376464853,1401.8149414069999,1223.628936769,9211.08044431,1466.698944093,1459.427947999,1603.8651466379,1600.724445344,1468.849945069,1497.187942506,1541.2501220699999,1137.861938477,2639.09997559,1571.7627487191999,8233.35974121,8752.88024901,1394.000946046,2639.09997559,21395.08044431,1608.5526466379,8731.18005371,1603.7813453684,13303.97985841,1495.70994568,4717.28015137,1610.9259452828999,3170.3699951199997,1555.622642518,1592.2506446848,1457.5469512949999,8474.47985841,1360.7449340829999,6108.26013184,2848.53991699,462.93005371000004,1360.7449340829999,977.997924806,1555.622642518,5352.51013184,3039.57995605,4824.9100341799995,2297.51013184,402.01013184,1458.8049469,1546.721946717,1446.107940675,1611.0811462412,9640.279663110001,1543.53894806,5489.76013184,1464.580947877,2.3898925799999233,1103.362976075,963.122924806,911.0619506849999,1598.7035446176,1307.77194214,1557.4167480478,1466.749938966,982.394958497,1525.1609497079999,1477.02194214,1499.211944581,1162.4809570319999,982.394958497,1360.718933106,1400.3979492199999,1582.3498458872,1431.225952149,1380.902954102,1578.3440475472999,1520.247940064,1573.4029464731,1528.964942933,1618.7077445993,7681.140014649999,77.30993652000006,1349.072937013,7665.0599365200005,8752.88024901,1475.9459533699999,3243.89001465,4717.28015137,1500.26013184,1592.5355453501,1592.5355453501,1473.3519439709999,7213.6497802700005,1607.2420463571,1601.0238456734999,3472.5301513699997,1292.222961427,2684.32995605,4319.28991699,1603.0836448679,1599.3422470102,2907.68981934,1077.996948243,5638.95007324,4734.9901123,1475.651947022,4166.70983887,6701.09020996,1514.7619476329999,1482.144943238,3377.2498779299995,3889.34020996,1335.709960938,5225.57995605,1420.293945313,1621.8190460214,1473.469940186,3594.01989746,2572.07995605,749.8589477549999,1231.543945313,1422.923950196,1512.859939576,1559.9472427378,1594.7346458444,1600.8960456858
6120521680,1338.068969726,1342.543960571,52.34008788999995,52.34008788999995,1359.0689620970002,157.85998535,1445.2763652798,181.97998046999987,0.0,1244.139968872,1417.9159660336002,651.5599365200001,1375.9231643674002,1412.4531669614,1368.020965576,615.6300048799999,1285.873962402,1406.5760650632,944.8299560599999,410.5,63.05004882999992,1298.9369659420001,1407.2901649472,410.5,992.7200927700001,1416.3576660153,1219.834960937,1041.648956299,9393.06042478,1284.718963623,1277.4479675290002,1421.8851661679,1418.7444648740002,1286.869964599,1315.207962036,1723.2301025399997,955.8819580070001,2821.0799560600003,1389.7827682492,8415.33972168,8934.86022948,1212.020965576,2821.0799560600003,21577.06042478,1426.5726661679,8913.16003418,1421.8013648984002,13485.95983888,1313.72996521,4899.260131839999,1428.9459648129,3352.3499755899998,1373.6426620480001,1410.2706642148,1275.566970825,8656.45983888,1178.7649536130002,6290.240112310001,3030.5198974600003,644.9100341799999,1178.7649536130002,796.0179443360001,1373.6426620480001,5534.490112310001,3221.55993652,5006.89001465,2479.49011231,583.9901123099999,1276.8249664300001,1364.7419662470002,1264.1279602050001,1429.1011657712002,9822.25964358,1361.55896759,5671.740112310001,1282.600967407,179.59008788999995,921.3829956050001,781.1429443360001,729.0819702150001,1416.7235641476,1125.79196167,1375.4367675778,1284.769958496,800.4149780270001,1343.180969238,1295.04196167,1317.231964111,980.500976562,800.4149780270001,1178.738952636,1218.41796875,1400.3698654172001,1249.2459716790001,1198.922973632,1396.3640670773002,1338.267959594,1391.4229660031,1346.984962463,1436.7277641293,7863.11999512,104.67004394999981,1167.0929565430001,7847.039916990001,8934.86022948,1293.9659729,3425.86999512,4899.260131839999,1682.2401123099999,1410.5555648801,1410.5555648801,1291.3719635010002,7395.629760740001,1425.2620658871,1419.0438652035,3654.5101318399998,1110.242980957,2866.30993652,4501.269897460001,1421.1036643979,1417.3622665402002,3089.6697998100003,896.016967773,5820.930053710001,4916.97009277,1293.6719665520002,4348.689819339999,6883.07019043,1332.781967163,1300.1649627680001,3559.2298583999996,4071.32019043,1153.7299804680001,5407.55993652,1238.3139648430001,1439.8390655514002,1291.4899597160002,3775.99987793,2754.05993652,567.878967285,1049.5639648430001,1240.943969726,1330.8799591060001,1377.9672622678002,1412.7546653744,1418.9160652158
6120521890,93.92900085400001,98.40399169900002,1296.480056762,1296.480056762,114.928993225,1086.279983522,201.13639640780002,1426.119949342,1244.139968872,0.0,173.7759971616,1895.6999053920001,131.7831954954,168.3131980894,123.88099670400001,1859.769973752,41.73399352999999,162.43609619120002,2188.969924932,1654.639968872,1307.190017702,54.79699707,163.1501960752,1654.639968872,2236.8600616420003,172.2176971433,24.305007934999992,202.491012573,10637.200393652,40.57899475100001,33.30799865700001,177.7451972959,174.60449600200002,42.729995727000016,71.067993164,2967.370071412,288.25801086499996,4065.2199249320006,145.6427993772,9659.479690552,10179.000198352,32.11900329599999,4065.2199249320006,22821.200393652,182.4326972959,10157.300003052,177.6613960264,14730.099807752,69.58999633800002,6143.400100712,184.8059959409,4596.489944462,129.502693176,166.1306953428,31.427001953,9900.599807752,65.37501525899998,7534.380081182,4274.659866332,1889.050003052,65.37501525899998,448.1220245359999,129.502693176,6778.630081182,4465.699905392,6251.029983521999,3723.630081182,1828.130081182,32.68499755799999,120.60199737500001,19.987991332999997,184.9611968992,11066.399612452,117.41899871800001,6915.880081182,38.460998535000016,1423.730056762,322.7569732669999,462.9970245359999,515.057998657,172.5835952756,118.34800720199999,131.2967987058,40.62998962400002,443.724990845,99.041000366,50.90199279800001,73.091995239,263.63899231000005,443.724990845,65.401016236,25.722000121999997,156.2298965452,5.10600280700001,45.21699523999999,152.2240982053,94.12799072199999,147.2829971311,102.844993591,192.5877952573,9107.259963991999,1348.8100128219999,77.04701232900001,9091.179885862,10179.000198352,49.826004028,4670.009963992,6143.400100712,2926.380081182,166.4155960081,166.4155960081,47.23199462900001,8639.769729612,181.1220970151,174.9038963315,4898.650100712,133.89698791499998,4110.449905392,5745.409866332,176.9636955259,173.2222976682,4333.809768682,348.123001099,7065.070022582,6161.110061642,49.53199768000002,5592.829788212,8127.210159302,88.641998291,56.02499389600001,4803.369827271999,5315.460159302,90.40998840400002,6651.699905392,5.826004028999989,195.69909667940001,47.34999084400002,5020.139846802,3998.1999053920003,676.261001587,194.57600402900002,3.1959991459999912,86.739990234,133.8272933958,168.61469650240002,174.77609634380002
6120524210,79.8469963076,75.37200546259999,1470.2560539236001,1470.2560539236001,58.847003936600004,1260.0559806836002,27.360399246200004,1599.8959465036,1417.9159660336002,173.7759971616,0.0,2069.4759025536,41.992801666199995,5.462799072199999,49.89500045759999,2033.5459709136,132.0420036316,11.339900970399995,2362.7459220936,1828.4159660336002,1480.9660148636,118.9790000916,10.625801086399996,1828.4159660336002,2410.6360588036,1.5583000182999953,198.0810050966,376.26700973460004,10810.9763908136,133.1970024106,140.4679985046,3.969200134300003,0.8284988404000018,131.0460014346,102.7080039976,3141.1460685735997,462.03400802659996,4238.995922093601,28.133197784399997,9833.2556877136,10352.7761955136,205.8950004576,4238.995922093601,22994.9763908136,8.656700134300003,10331.0760002136,3.8853988648000026,14903.8758049136,104.18600082359998,6317.1760978736,11.029998779300001,4770.2659416236,44.273303985599995,7.6453018188,142.3489952086,10074.3758049136,239.15101242059998,7708.156078343601,4448.435863493601,2062.8260002136,239.15101242059998,621.8980216975999,44.273303985599995,6952.406078343601,4639.4759025536005,6424.8059806836,3897.4060783436,2001.9060783436,141.0909996036,53.17399978659999,153.7880058286,11.185199737600001,11240.1756096136,56.35699844359999,7089.656078343601,135.3149986266,1597.5060539236001,496.5329704285999,636.7730216975999,688.8339958186,1.192401885999999,292.12400436359997,42.4791984558,133.14600753759998,617.5009880066,74.7349967956,122.8740043636,100.6840019226,437.41498947160005,617.5009880066,239.1770133976,199.4979972836,17.546100616399997,168.6699943546,218.9929924016,21.551898956299993,79.64800643960001,26.4930000305,70.9310035706,18.811798095700006,9281.035961153599,1522.5860099836,250.82300949060001,9264.9558830236,10352.7761955136,123.9499931336,4843.7859611536005,6317.1760978736,3100.1560783436,7.3604011535,7.3604011535,126.54400253259999,8813.5457267736,7.3460998535,1.1278991699000045,5072.4260978736,307.67298507659996,4284.2259025536005,5919.185863493601,3.1876983643000045,0.5536994933999964,4507.585765843601,521.8989982606,7238.846019743601,6334.8860588036005,124.24399948159999,5766.6057853736,8300.9861564636,85.13399887060001,117.75100326559999,4977.1458244336,5489.2361564636,264.18598556560005,6825.4759025536005,179.6020011906,21.923099517800004,126.42600631759998,5193.9158439636,4171.9759025536005,850.0369987486,368.35200119060005,176.9719963076,87.0360069276,39.94870376579999,5.161300659199995,1.0000991822000032
6120524610,1989.628906246,1994.1038970910001,599.2198486300001,599.2198486300001,2010.6288986170002,809.41992187,2096.8363017998004,469.5799560500002,651.5599365200001,1895.6999053920001,2069.4759025536,0.0,2027.4831008874003,2064.0131034814003,2019.580902096,35.92993164000018,1937.433898922,2058.1360015832,293.2700195399998,241.05993652000006,588.5098876900001,1950.4969024620002,2058.8501014672,241.05993652000006,341.16015625,2067.9176025353004,1871.394897457,1693.208892819,8741.50048826,1936.278900143,1929.0079040490002,2073.4451026879,2070.3044013940003,1938.429901119,1966.767898556,1071.6701660199997,1607.4418945270002,2169.5200195400002,2041.3427047692,7763.77978516,8283.30029296,1863.580902096,2169.5200195400002,20925.50048826,2078.1326026879,8261.60009766,2073.3613014184,12834.39990236,1965.28990173,4247.70019532,2080.5059013329,2700.7900390699997,2025.2025985680002,2061.8306007348,1927.126907345,8004.89990236,1830.3248901330003,5638.68017579,2378.95996094,6.649902340000153,1830.3248901330003,1447.5778808560003,2025.2025985680002,4882.93017579,2570.0,4355.3300781299995,1827.9301757899998,67.5698242100002,1928.3849029500002,2016.3019027670002,1915.6878967250002,2080.6611022912,9170.699707060001,2013.1189041100001,5020.18017579,1934.1609039270002,471.9698486300001,1572.9429321250002,1432.7028808560003,1380.6419067350002,2068.2835006676,1777.3518981900002,2026.9967040978001,1936.3298950160001,1451.974914547,1994.740905758,1946.6018981900002,1968.791900631,1632.060913082,1451.974914547,1830.298889156,1869.97790527,2051.9298019372,1900.8059081990002,1850.4829101520002,2047.9240035973003,1989.8278961140002,2042.9829025231002,1998.5448989830002,2088.2877006493,7211.560058599999,546.8898925700003,1818.6528930630002,7195.479980470001,8283.30029296,1945.52590942,2774.3100586,4247.70019532,1030.6801757899998,2062.1155014001,2062.1155014001,1942.9319000210003,6744.069824220001,2076.8220024071,2070.6038017235,3002.9501953199997,1761.8029174770002,2214.75,3849.70996094,2072.6636009179,2068.9222030602,2438.1098632900002,1547.576904293,5169.37011719,4265.41015625,1945.2319030720003,3697.1298828199997,6231.51025391,1984.341903683,1951.7248992880002,2907.6699218799995,3419.76025391,1805.2899169880002,4756.0,1889.8739013630002,2091.3990020714,1943.0498962360002,3124.43994141,2102.5,1219.438903805,1701.1239013630002,1892.503906246,1982.4398956260002,2029.5271987878002,2064.3146018944003,2070.4760017358003
6120524690,37.8541946414,33.37920379639999,1428.2632522574,1428.2632522574,16.85420227040001,1218.0631790174002,69.3532009124,1557.9031448373999,1375.9231643674002,131.7831954954,41.992801666199995,2027.4831008874003,0.0,36.530002593999995,7.9021987913999965,1991.5531692474,90.04920196540002,30.6529006958,2320.7531204274,1786.4231643674002,1438.9732131974001,76.9861984254,31.3670005798,1786.4231643674002,2368.6432571374003,40.4345016479,156.0882034304,334.2742080684,10768.9835891474,91.2042007444,98.4751968384,45.9620018005,42.8213005066,89.05319976839999,60.71520233140001,3099.1532669074,420.0412063604,4197.0031204274,13.859603881799998,9791.2628860474,10310.7833938474,163.9021987914,4197.0031204274,22952.9835891474,50.6495018005,10289.0831985474,45.878200531,14861.8830032474,62.19319915739999,6275.1832962073995,53.022800445499996,4728.2731399573995,2.2805023194,34.347499847399995,100.3561935424,10032.3830032474,197.1582107544,7666.1632766774,4406.4430618274,2020.8331985474001,197.1582107544,579.9052200314,2.2805023194,6910.4132766774,4597.4831008874,6382.813179017399,3855.4132766774,1959.9132766774,99.09819793740002,11.181198120399998,111.79520416240001,53.178001403799996,11198.1828079474,14.364196777399997,7047.6632766774,93.32219696039999,1555.5132522574,454.54016876239996,594.7802200314,646.8411941524,40.800399780199996,250.1312026974,0.48639678960000765,91.15320587139999,575.5081863404,32.7421951294,80.8812026974,58.69120025640001,395.42218780540003,575.5081863404,197.1842117314,157.5051956174,24.446701049799998,126.6771926884,177.0001907354,20.4409027099,37.655204773400015,15.499801635699995,28.938201904400003,60.8045997619,9239.043159487399,1480.5932083173998,208.83020782440002,9222.9630813574,10310.7833938474,81.95719146740001,4801.7931594874,6275.1832962073995,3058.1632766774,34.632400512699995,34.632400512699995,84.5512008664,8771.5529251074,49.338901519699995,43.1207008361,5030.4332962073995,265.6801834104,4242.2331008874,5877.1930618274,45.1805000305,41.4391021728,4465.5929641774,479.90619659440006,7196.8532180774,6292.8932571374,82.25119781539999,5724.6129837073995,8258.9933547974,43.141197204400015,75.7582015994,4935.153022767399,5447.2433547974,222.19318389940003,6783.4831008874,137.6091995244,63.915901184,84.43320465139999,5151.9230422974,4129.9831008874,808.0441970824,326.3591995244,134.9791946414,45.043205261400004,2.044097900400004,36.831501007,42.9929008484
6120527690,74.3841972354,69.90920639039999,1464.7932548514,1464.7932548514,53.384204864400004,1254.5931816114,32.8231983184,1594.4331474314,1412.4531669614,168.3131980894,5.462799072199999,2064.0131034814003,36.530002593999995,0.0,44.43220138539999,2028.0831718414,126.57920455940001,5.877101898199996,2357.2831230214,1822.9531669614,1475.5032157914,113.5162010194,5.163002014199996,1822.9531669614,2405.1732597314003,3.904499053900004,192.6182060244,370.8042106624,10805.513591741399,127.7342033384,135.0051994324,9.431999206500002,6.291297912600001,125.58320236239999,97.2452049254,3135.6832695014,456.5712089544,4233.533123021401,22.670398712199997,9827.7928886414,10347.3133964414,200.4322013854,4233.533123021401,22989.5135917414,14.119499206500002,10325.6132011414,9.348197937000002,14898.4130058414,98.72320175139998,6311.7132988014,16.4927978515,4764.8031425514,38.810504913399996,2.182502746600001,136.8861961364,10068.9130058414,233.68821334839998,7702.693279271401,4442.9730644214005,2057.3632011414,233.68821334839998,616.4352226254,38.810504913399996,6946.943279271401,4634.0131034814,6419.3431816114,3891.9432792714,1996.4432792714,135.6282005314,47.71120071439999,148.3252067564,16.6479988098,11234.7128105414,50.89419937139999,7084.193279271401,129.8521995544,1592.0432548514,491.07017135639995,631.3102226254,683.3711967464001,4.2703971862,286.6612052914,37.0163993836,127.68320846539999,612.0381889344001,69.2721977234,117.4112052914,95.2212028504,431.9521903994,612.0381889344001,233.7142143254,194.0351982114,12.083301544199998,163.2071952824,213.5301933294,16.089099884099994,74.18520736740001,21.0302009583,65.4682044984,24.274597167900005,9275.573162081399,1517.1232109113998,245.36021041840002,9259.4930839514,10347.3133964414,118.4871940614,4838.3231620814,6311.7132988014,3094.6932792714,1.8976020813000005,1.8976020813000005,121.08120346039999,8808.0829277014,12.8088989257,6.590698242100004,5066.9632988014,302.2101860044,4278.7631034814,5913.7230644214005,8.650497436500004,4.909099578800003,4502.122966771401,516.4361991884,7233.3832206714005,6329.4232597314,118.78120040939999,5761.1429863014,8295.5233573914,79.67119979840001,112.28820419339999,4971.6830253614,5483.7733573914,258.7231864934,6820.0131034814,174.1392021184,27.385898590000004,120.96320724539999,5188.4530448914,4166.5131034814,844.5741996764,362.8892021184,171.5091972354,81.5732078554,34.48590469359999,0.30149841300000446,6.462898254400002
6120527820,29.951995850000003,25.477005004999995,1420.3610534660002,1420.3610534660002,8.952003479000012,1210.160980226,77.2553997038,1550.000946046,1368.020965576,123.88099670400001,49.89500045759999,2019.580902096,7.9021987913999965,44.43220138539999,0.0,1983.6509704559999,82.14700317400002,38.555099487199996,2312.850921636,1778.520965576,1431.071014406,69.08399963400001,39.269199371199996,1778.520965576,2360.741058346,48.336700439299996,148.186004639,326.372009277,10761.081390356,83.302001953,90.572998047,53.864200591899994,50.72349929799999,81.151000977,52.81300354000001,3091.2510681159997,412.139007569,4189.100921636001,21.761802673199995,9783.360687256,10302.881195056,156.0,4189.100921636001,22945.081390356,58.551700591899994,10281.180999756,53.780399322399994,14853.980804456,54.29100036599999,6267.281097416,60.92499923689999,4720.370941166,5.6216964719999964,42.24969863879999,92.45399475100001,10024.480804456,189.256011963,7658.261077886001,4398.540863036001,2012.930999756,189.256011963,572.00302124,5.6216964719999964,6902.511077886001,4589.5809020960005,6374.910980226,3847.511077886,1952.0110778859998,91.19599914600002,3.2789993290000012,103.89300537100002,61.08020019519999,11190.280609156,6.461997986,7039.761077886001,85.419998169,1547.6110534660002,446.63796997099996,586.87802124,638.938995361,48.70259857159999,242.229003906,7.415802001799989,83.25100708,567.605987549,24.839996338000006,72.979003906,50.78900146500001,387.51998901400003,567.605987549,189.28201294000002,149.602996826,32.348899841199994,118.774993897,169.097991944,28.343101501299998,29.75300598200002,23.402000427099992,21.036003113000007,68.70679855329999,9231.140960695999,1472.691009526,200.92800903300002,9215.060882566,10302.881195056,74.05499267600001,4793.890960696001,6267.281097416,3050.261077886,42.53459930409999,42.53459930409999,76.649002075,8763.650726316,57.24110031109999,51.022899627499996,5022.531097416,257.777984619,4234.3309020960005,5869.290863036001,53.082698821899996,49.341300964199995,4457.690765386001,472.00399780300006,7188.951019286001,6284.9910583460005,74.348999024,5716.710784916,8251.091156006,35.23899841300002,67.856002808,4927.250823976,5439.341156006,214.29098510800003,6775.5809020960005,129.707000733,71.8180999754,76.53100586,5144.020843506,4122.0809020960005,800.141998291,318.45700073300003,127.07699585,37.14100647000001,9.9462966918,44.733699798399996,50.895099639799994
6120527980,1953.6989746059999,1958.173965451,563.2899169899999,563.2899169899999,1974.698966977,773.4899902299999,2060.9063701598,433.65002441,615.6300048799999,1859.769973752,2033.5459709136,35.92993164000018,1991.5531692474,2028.0831718414,1983.6509704559999,0.0,1901.5039672819998,2022.2060699432,329.19995117999997,205.1300048799999,552.57995605,1914.566970822,2022.9201698272,205.1300048799999,377.0900878900002,2031.9876708953,1835.464965817,1657.278961179,8777.4304199,1900.348968503,1893.077972409,2037.5151710479,2034.374469754,1902.499969479,1930.837966916,1107.6000976599998,1571.511962887,2205.4499511800004,2005.4127731291999,7799.7097168,8319.2302246,1827.6509704559999,2205.4499511800004,20961.4304199,2042.2026710479,8297.5300293,2037.4313697784,12870.329834,1929.35997009,4283.63012696,2044.5759696929,2736.71997071,1989.272666928,2025.9006690948,1891.1969757049999,8040.829834,1794.394958493,5674.61010743,2414.8898925800004,29.280029300000024,1794.394958493,1411.6479492160001,1989.272666928,4918.86010743,2605.92993164,4391.26000977,1863.86010743,31.63989257000003,1892.45497131,1980.371971127,1879.757965085,2044.7311706512,9206.6296387,1977.18897247,5056.11010743,1898.230972287,436.03991698999994,1537.013000485,1396.7729492160001,1344.711975095,2032.3535690275999,1741.42196655,1991.0667724578,1900.399963376,1416.0449829069998,1958.8109741179999,1910.67196655,1932.861968991,1596.130981442,1416.0449829069998,1794.368957516,1834.04797363,2015.9998702972,1864.875976559,1814.552978512,2011.9940719573,1953.897964474,2007.0529708831,1962.614967343,2052.3577690093,7247.489990239999,510.9599609300001,1782.722961423,7231.409912110001,8319.2302246,1909.5959777799999,2810.23999024,4283.63012696,1066.61010743,2026.1855697601,2026.1855697601,1907.001968381,6779.999755860001,2040.8920707671,2034.6738700834999,3038.88012696,1725.872985837,2250.67993164,3885.6398925800004,2036.7336692779,2032.9922714202,2474.0397949300004,1511.646972653,5205.30004883,4301.34008789,1909.301971432,3733.05981446,6267.44018555,1948.4119720429999,1915.794967648,2943.5998535199997,3455.69018555,1769.359985348,4791.92993164,1853.943969723,2055.4690704314,1907.119964596,3160.36987305,2138.42993164,1183.508972165,1665.193969723,1856.5739746059999,1946.509963986,1993.5972671478,2028.3846702544,2034.5460700958
