,6120514100,6120516590,6120518060,6120520130,6120521680,6120524610,6120527980,6120528670,6120528900,6120530990,6120531550,6120533730,6120535390,6120535480,6120535500,6120536000,6120536600,6120537050,6120538940,6120539900,6120541010,6120541740,6120542380,6120543000,6120544970,6120546480,6120547190,6120547460,6120553750,6120555030,6120555130,6120556300,6121173010,6121173180,6121173240,6121173320,6121174660,6121174810,6121175210,6121176800,6121177360,6121178070,6121178270,6121178770,6121179320,6121179430,6121180040,6121180080,6121180520,6121180630,6121181170,6121181860,6121181870
6120514100,0.0,4.29890024909e-05,0.090596917011,0.0493469239841,0.134096931009,0.214752598878,0.0467054206134,0.148666040858,0.119545326718,0.117552054634,0.413309217273,0.655137935389,0.477813090907,0.571268635375,0.664114524544,0.673736181493,0.559763573141,0.551440216576,0.670248427937,0.565458838977,0.285274389795,0.561768146164,0.60302937508,0.498027451112,0.475965050806,0.238307866971,0.483145850977,0.394071715613,0.625031952546,0.673730615035,0.60995033225,0.525257639659,0.666306161588,0.387310702389,0.634735357423,0.674057655986,0.650218331641,0.395470321612,0.492562251505,0.670943951778,0.3476100646,0.275102373711,0.618858975459,0.304170180934,0.66492439801,0.578223217561,0.459394570577,0.673219955541,0.458983100263,0.613459679181,0.660523306165,0.517414300558,0.563526876756
6120516590,4.29890024909e-05,0.0,0.0885803698564,0.0467364819091,0.13440329158,0.214312920747,0.0473024475111,0.149361220817,0.121030206379,0.119005038975,0.414288647669,0.654918259028,0.478202054357,0.571547938905,0.663965395875,0.673777626205,0.560056648596,0.552782786393,0.670351499811,0.566218799986,0.285917709176,0.562113832464,0.603476905,0.498356903894,0.476674612798,0.238979877924,0.483782959332,0.394659215356,0.624590377188,0.673771165424,0.61021689336,0.525957012304,0.666397932335,0.388316551282,0.634991985535,0.674089092356,0.650320102138,0.395988101489,0.492833357864,0.671084365599,0.348072784551,0.275922296512,0.61911959651,0.304914498055,0.665092310315,0.578643306749,0.460076059379,0.673142311988,0.459640999566,0.613723120601,0.660734305709,0.518035587267,0.564014576529
6120518060,0.090596917011,0.0885803698564,0.0,0.0128670813614,0.161282708779,0.226327995677,0.125391496123,0.211439359077,0.224402383015,0.22358809875,0.469637197418,0.642239842802,0.507836063808,0.583530723903,0.653722608338,0.674341557068,0.57303767837,0.620108133588,0.674026873353,0.606996719395,0.331735889604,0.582553620913,0.626989566279,0.515975563327,0.51852332903,0.287495084471,0.523606924847,0.443260162212,0.597012462461,0.674034822954,0.631026934989,0.573491265821,0.669825358314,0.453863570865,0.645290741434,0.674165208967,0.654008965061,0.427521239353,0.521176857902,0.674303736466,0.377110362588,0.338974812933,0.634441502077,0.361166922579,0.672551616342,0.605308128859,0.506165184374,0.664271623224,0.506491749903,0.632309303116,0.670632573714,0.559912413656,0.598185040347
6120520130,0.0493469239841,0.0467364819091,0.0128670813614,0.0,0.182743562892,0.180620855353,0.0881601735997,0.185885934855,0.211376870007,0.196389505989,0.454095965187,0.646250531868,0.500870500943,0.583183550559,0.657362233603,0.674481907881,0.572531873639,0.600933670959,0.673299433582,0.595365021657,0.319967226504,0.577930373223,0.620210139689,0.514267885359,0.505013094222,0.275362462395,0.509896344476,0.429095317771,0.612742210235,0.674477036691,0.624870671322,0.56027655934,0.669190010482,0.444174994428,0.643276244634,0.674434453653,0.654543207938,0.420021001022,0.513740261022,0.674321488251,0.372065366886,0.320710006577,0.630219140878,0.345032564785,0.670562335464,0.595475464967,0.491322952884,0.669280258411,0.4911964609,0.624955010187,0.667363099226,0.54489211135,0.586345972352
6120521680,0.134096931009,0.13440329158,0.161282708779,0.182743562892,0.0,0.0724281827034,0.201231613605,0.272409962949,0.222614751479,0.257056591747,0.491805117978,0.656902377632,0.515064337779,0.589146185518,0.661964560817,0.674479855734,0.579501690362,0.623715888566,0.673691122579,0.616206231744,0.376693531171,0.599436143766,0.631232215393,0.531966017614,0.543039354221,0.337413382074,0.548676535622,0.471553883934,0.610753613643,0.674104482863,0.638055672918,0.587914860033,0.667432961364,0.451686581032,0.644729660329,0.67448091645,0.652683009338,0.451986056722,0.527016750182,0.674455722706,0.411600481917,0.383554874031,0.637716303176,0.403252159809,0.672189156473,0.617064216907,0.529027225736,0.66594740494,0.53189586162,0.639712700605,0.670996087408,0.578186863926,0.610985138792
6120524610,0.214752598878,0.214312920747,0.226327995677,0.180620855353,0.0724281827034,0.0,0.124570379502,0.200733197644,0.344991135363,0.294556925517,0.464153920148,0.642601264918,0.520946093106,0.58718562482,0.652666125701,0.6743140295,0.576974832587,0.634232766562,0.674199065071,0.618534385678,0.359211734743,0.592750707952,0.632932723525,0.525132426619,0.526822015136,0.309768331272,0.529654842242,0.467478967251,0.614067055561,0.674458366414,0.640028048666,0.594820450511,0.669172116633,0.521665389833,0.646142078462,0.674140429441,0.65676199987,0.441862778542,0.539179081747,0.673995614399,0.388115440091,0.369300078714,0.639342001619,0.388493454026,0.673312965334,0.607177941963,0.518773370423,0.666376636224,0.520627688212,0.63233271284,0.670639106332,0.566325441194,0.605663401107
6120527980,0.0467054206134,0.0473024475111,0.125391496123,0.0881601735997,0.201231613605,0.124570379502,0.0,0.0621969747813,0.122525499933,0.0931616324301,0.354937071078,0.659274253625,0.42987915273,0.544106181312,0.663178203758,0.674132707773,0.529897063232,0.587551885107,0.672250497202,0.590588265158,0.273027846537,0.576473792945,0.611087382037,0.472728150965,0.490134204801,0.210721611866,0.496999954349,0.393805036903,0.614274547462,0.6744197362,0.62521563122,0.557499133036,0.660301968536,0.392597288843,0.628510647328,0.674195760367,0.640128467087,0.365531351149,0.456324963903,0.674199117359,0.307508484792,0.276117057538,0.62115688712,0.304411609968,0.669325624535,0.589765732616,0.469455739292,0.668773078126,0.475608231782,0.621065521773,0.666526669047,0.534674740122,0.582584477782
6120528670,0.148666040858,0.149361220817,0.211439359077,0.185885934855,0.272409962949,0.200733197644,0.0621969747813,0.0,0.115019579468,0.149883792683,0.311555411754,0.663276587039,0.421090490285,0.525063003319,0.663274865425,0.673892670408,0.509377575441,0.620235062476,0.67249508191,0.610982097218,0.299884741411,0.586672023784,0.620796340578,0.460852242435,0.507090229203,0.218994212772,0.5134988564,0.421624198546,0.607898649202,0.674448433239,0.638985526858,0.589746069874,0.652456413028,0.460181757409,0.621377438807,0.673891625471,0.633352218262,0.369029919431,0.461948387142,0.674293603185,0.289744231001,0.311539750903,0.626823556249,0.336003077644,0.672199183759,0.600828642669,0.490424146171,0.664233238112,0.500631422537,0.628600568922,0.670156051608,0.554604032399,0.601312370182
6120528900,0.119545326718,0.121030206379,0.224402383015,0.211376870007,0.222614751479,0.344991135363,0.122525499933,0.115019579468,0.0,0.0442017930063,0.377884334789,0.674389191616,0.357023677628,0.511156395638,0.673707408131,0.672750342989,0.49632435007,0.626394655135,0.672237447672,0.629155608247,0.376087261451,0.619257599006,0.628867283465,0.478347332647,0.569465951084,0.32144503166,0.580125406421,0.463590011357,0.59706439165,0.671414405234,0.649163914076,0.60711495105,0.641710327147,0.215426303293,0.620166543078,0.671811605035,0.602008048777,0.406128072341,0.392497310929,0.674291051902,0.364054417286,0.391770342159,0.631093621936,0.413103763009,0.671864035345,0.63654428253,0.543975640831,0.656349893341,0.558509690167,0.653600362863,0.673593380558,0.605279003516,0.632935222903
6120530990,0.117552054634,0.119005038975,0.22358809875,0.196389505989,0.257056591747,0.294556925517,0.0931616324301,0.149883792683,0.0442017930063,0.0,0.274011734894,0.673753459236,0.291069791247,0.473085471215,0.674002716427,0.672224997376,0.45621764949,0.621540660522,0.671992477772,0.627497347432,0.352180278347,0.619166463383,0.624700183004,0.456057806848,0.561365106509,0.291477960061,0.572730905266,0.451662817198,0.602708415154,0.672282711916,0.650069185733,0.607522767988,0.633045045218,0.1690353687,0.611125527841,0.670841641622,0.585623803341,0.375947070242,0.354684073977,0.674291212597,0.333003671664,0.373469038154,0.628289488232,0.395407547373,0.671646380783,0.633167339376,0.534880962067,0.657447548736,0.551862727827,0.651574372209,0.673234004881,0.600019349714,0.631053203247
6120531550,0.413309217273,0.414288647669,0.469637197418,0.454095965187,0.491805117978,0.464153920148,0.354937071078,0.311555411754,0.377884334789,0.274011734894,0.0,0.664869757212,0.28326090046,0.401765271685,0.674307201979,0.667431534376,0.38526659074,0.660677048368,0.669765452816,0.654725403437,0.471450459262,0.639252462198,0.644220771993,0.460644772544,0.602716464522,0.387957114342,0.611924885122,0.544699106712,0.614125431653,0.671263385684,0.667907461844,0.654670340319,0.604504614337,0.126836672278,0.5971922463,0.66480448724,0.552385920933,0.448508824575,0.427931312459,0.672816028025,0.366468881985,0.494352440012,0.643597628204,0.505753579184,0.674091690701,0.65208998025,0.590694326314,0.654271241109,0.608192885692,0.663304441545,0.674471035194,0.636522524875,0.657796082541
6120533730,0.655137935389,0.654918259028,0.642239842802,0.646250531868,0.656902377632,0.642601264918,0.659274253625,0.663276587039,0.674389191616,0.673753459236,0.664869757212,0.0,0.661541247936,0.661701119275,0.152371905038,0.280153595411,0.662377372818,0.634357675066,0.358691811569,0.673462198653,0.652974796825,0.643869832661,0.54431440239,0.672350306518,0.673995771845,0.664095342265,0.654345946894,0.665374688699,0.673045312999,0.655073387883,0.573565027536,0.562998160304,0.285474662772,0.648881292107,0.519417825173,0.252304197761,0.636741556247,0.640485696324,0.665757278268,0.532279368716,0.674341196649,0.646996217653,0.646179035827,0.643648183514,0.598235894365,0.632785064035,0.663357811829,0.669354847852,0.600251947942,0.598846207514,0.674410622536,0.584530405467,0.543127268283
6120535390,0.477813090907,0.478202054357,0.507836063808,0.500870500943,0.515064337779,0.520946093106,0.42987915273,0.421090490285,0.357023677628,0.291069791247,0.28326090046,0.661541247936,0.0,0.42533051356,0.674406227831,0.672495062952,0.446502740176,0.674310141878,0.673923097152,0.671864859721,0.590040204453,0.661629124666,0.668440898195,0.61212586774,0.652191999691,0.577450199117,0.655316128185,0.633202505289,0.624592343699,0.667622911111,0.673957256688,0.671494119762,0.625134723119,0.243474087136,0.631948124847,0.670947927539,0.552515174323,0.56324265396,0.292976801111,0.663052440482,0.559379523328,0.619059994917,0.669999760975,0.618558593285,0.671426383119,0.67021157817,0.65293113943,0.645286465829,0.66002072773,0.67282304255,0.670386606353,0.6686218451,0.673521473775
6120535480,0.571268635375,0.571547938905,0.583530723903,0.583183550559,0.589146185518,0.58718562482,0.544106181312,0.525063003319,0.511156395638,0.473085471215,0.401765271685,0.661701119275,0.42533051356,0.0,0.674478407744,0.667170944445,0.0036499890462,0.673742353012,0.671047585358,0.671876423898,0.564550130811,0.652179696439,0.665058680775,0.298649976171,0.629381735039,0.468991733987,0.633342894841,0.634981899626,0.630348650828,0.672174497651,0.674475598843,0.674296123207,0.58591786167,0.422135603681,0.59622424211,0.665046937791,0.307729821061,0.513487624405,0.579826983912,0.662524328199,0.373448666051,0.596100738628,0.660304758371,0.59502335271,0.671345232516,0.661564073805,0.634982620139,0.650291812315,0.648101451909,0.668030530171,0.6729179156,0.658889666363,0.672078337015
6120535500,0.664114524544,0.663965395875,0.653722608338,0.657362233603,0.661964560817,0.652666125701,0.663178203758,0.663274865425,0.673707408131,0.674002716427,0.674307201979,0.152371905038,0.674406227831,0.674478407744,0.0,0.291116125061,0.674454173942,0.669074185072,0.304399111426,0.659537263232,0.66614700825,0.600051999475,0.411211407331,0.673724452719,0.666693174037,0.66744536713,0.673334898332,0.672721134877,0.674190569245,0.672838214072,0.633293997323,0.633582317439,0.316551392288,0.671420812784,0.437175817315,0.312966868074,0.670683277021,0.606175822598,0.674172901733,0.374671443541,0.673982465875,0.666731882829,0.639746287838,0.664198864463,0.540733204036,0.663363668296,0.674009574559,0.673458198683,0.641427121086,0.646944493231,0.668106486069,0.637530414643,0.614107482465
6120536000,0.673736181493,0.673777626205,0.674341557068,0.674481907881,0.674479855734,0.6743140295,0.674132707773,0.673892670408,0.672750342989,0.672224997376,0.667431534376,0.280153595411,0.672495062952,0.667170944445,0.291116125061,0.0,0.667514350624,0.674468126831,0.0276974261796,0.556411700268,0.673716797864,0.35196777544,0.411397344705,0.669802294212,0.547149186334,0.674096944565,0.619547713385,0.674330156934,0.658736105959,0.66848152499,0.646786778861,0.66302990341,0.357434891925,0.669136260339,0.337197285906,0.0225931245408,0.659660118129,0.64955421965,0.674011255622,0.289614036429,0.662859969422,0.67399355692,0.625083067125,0.673799090268,0.525130079459,0.665483516997,0.657418575029,0.62970606733,0.674306944967,0.672306652572,0.618757842516,0.674471493366,0.661147754746
6120536600,0.559763573141,0.560056648596,0.57303767837,0.572531873639,0.579501690362,0.576974832587,0.529897063232,0.509377575441,0.49632435007,0.45621764949,0.38526659074,0.662377372818,0.446502740176,0.0036499890462,0.674454173942,0.667514350624,0.0,0.673874427443,0.671222127148,0.671522742586,0.556114205127,0.650764557924,0.664484091404,0.273382325983,0.626280662506,0.456832780633,0.630297947871,0.630506715765,0.628340371998,0.672161127825,0.674449505744,0.674129294454,0.585017411908,0.411876621915,0.59478249796,0.665426614986,0.282647503206,0.504335190989,0.552233323032,0.6619001946,0.360733518652,0.588999421579,0.659597593205,0.588329224755,0.671202616098,0.660432730993,0.631976202346,0.64930704512,0.645698798571,0.667347201529,0.672903432377,0.657353926239,0.671580480332
6120537050,0.551440216576,0.552782786393,0.620108133588,0.600933670959,0.623715888566,0.634232766562,0.587551885107,0.620235062476,0.626394655135,0.621540660522,0.660677048368,0.634357675066,0.674310141878,0.673742353012,0.669074185072,0.674468126831,0.673874427443,0.0,0.662097827116,0.0787590406227,0.584184811138,0.30517871097,0.600342353271,0.672878066195,0.374498029877,0.626647937809,0.444429217381,0.635600004169,0.636895125118,0.64768392458,0.651001110213,0.574185729986,0.651618478693,0.666839419461,0.67356300616,0.673208286168,0.664015120699,0.660121345362,0.674218242298,0.571946468021,0.66247266441,0.585961592543,0.669919015455,0.585027510804,0.654405242553,0.573678979693,0.584981993069,0.580354585662,0.568582367073,0.637462288272,0.622844053807,0.565837745048,0.599214878839
6120538940,0.670248427937,0.670351499811,0.674026873353,0.673299433582,0.673691122579,0.674199065071,0.672250497202,0.67249508191,0.672237447672,0.671992477772,0.669765452816,0.358691811569,0.673923097152,0.671047585358,0.304399111426,0.0276974261796,0.671222127148,0.662097827116,0.0,0.498937156928,0.673885134711,0.270318827689,0.36305375436,0.670949211031,0.483815052638,0.672020070854,0.576307961199,0.673880582464,0.64759205379,0.658956574438,0.661311896899,0.673362427139,0.360114890228,0.671871440827,0.369296933703,0.0930063033693,0.667287782216,0.645491510382,0.674381166349,0.200485931352,0.660666705912,0.67346544397,0.620175693305,0.673616336051,0.50086517129,0.648180045259,0.636998851006,0.59693339058,0.670924227791,0.674402746682,0.590279174866,0.669180792737,0.67255847477
6120539900,0.565458838977,0.566218799986,0.606996719395,0.595365021657,0.616206231744,0.618534385678,0.590588265158,0.610982097218,0.629155608247,0.627497347432,0.654725403437,0.673462198653,0.671864859721,0.671876423898,0.659537263232,0.556411700268,0.671522742586,0.0787590406227,0.498937156928,0.0,0.614139088907,0.0927465889157,0.536156589223,0.661789258395,0.333168302797,0.615177352842,0.409808834626,0.637992942044,0.63440372111,0.638968548855,0.66559541443,0.610425521268,0.648980179804,0.665334708921,0.615222233812,0.59215145005,0.674423585545,0.643601900204,0.672527188127,0.465493997385,0.631819545606,0.602621285493,0.648398205465,0.603558700179,0.613139485139,0.553861662378,0.564633567165,0.550958999536,0.575567899432,0.639067169134,0.584424088135,0.568082892536,0.61992476269
6120541010,0.285274389795,0.285917709176,0.331735889604,0.319967226504,0.376693531171,0.359211734743,0.273027846537,0.299884741411,0.376087261451,0.352180278347,0.471450459262,0.652974796825,0.590040204453,0.564550130811,0.66614700825,0.673716797864,0.556114205127,0.584184811138,0.673885134711,0.614139088907,0.0,0.627927260246,0.48250353654,0.478509582269,0.518708269791,0.210449023115,0.526947645277,0.444883623638,0.657193089372,0.672936737157,0.648262467235,0.60061293783,0.67443756901,0.545764859194,0.665219444742,0.673005962985,0.649001822491,0.329988080864,0.617839347859,0.666646318969,0.326855726701,0.231069625779,0.625884936115,0.203044402958,0.673480296445,0.60369175539,0.424032829147,0.66857096562,0.450428163553,0.625425798601,0.670067131802,0.526711275724,0.595909612342
6120541740,0.561768146164,0.562113832464,0.582553620913,0.577930373223,0.599436143766,0.592750707952,0.576473792945,0.586672023784,0.619257599006,0.619166463383,0.639252462198,0.643869832661,0.661629124666,0.652179696439,0.600051999475,0.35196777544,0.650764557924,0.30517871097,0.270318827689,0.0927465889157,0.627927260246,0.0,0.454859401692,0.632655079473,0.233619962273,0.584339186841,0.333880230348,0.634631424756,0.656240948507,0.627367988966,0.669563266615,0.633223780338,0.501581497705,0.657336918661,0.449449978979,0.424658385803,0.66375657769,0.604526252037,0.665737591252,0.366528274052,0.568011519589,0.60724548258,0.607548719367,0.610992085912,0.561746150778,0.524109469405,0.534545029258,0.557268653311,0.579722199078,0.629342781953,0.547581958498,0.565061446973,0.633159111922
6120542380,0.60302937508,0.603476905,0.626989566279,0.620210139689,0.631232215393,0.632932723525,0.611087382037,0.620796340578,0.628867283465,0.624700183004,0.644220771993,0.54431440239,0.668440898195,0.665058680775,0.411211407331,0.411397344705,0.664484091404,0.600342353271,0.36305375436,0.536156589223,0.48250353654,0.454859401692,0.0,0.653970276177,0.389657060461,0.622600157485,0.519517461372,0.651860799728,0.672315926705,0.641790385756,0.674113345626,0.66693971189,0.431046343629,0.656789200776,0.388480850405,0.446895644783,0.671772992817,0.432497222057,0.671061973691,0.256641517781,0.609687315308,0.632670005625,0.58061649594,0.633840462639,0.438633142153,0.622970795757,0.576075843844,0.648710830781,0.653725435962,0.659384413484,0.566494056591,0.649984106763,0.672626623927
6120543000,0.498027451112,0.498356903894,0.515975563327,0.514267885359,0.531966017614,0.525132426619,0.472728150965,0.460852242435,0.478347332647,0.456057806848,0.460644772544,0.672350306518,0.61212586774,0.298649976171,0.673724452719,0.669802294212,0.273382325983,0.672878066195,0.670949211031,0.661789258395,0.478509582269,0.632655079473,0.653970276177,0.0,0.583621006442,0.329221042196,0.586444938926,0.581478249064,0.637881586092,0.674480180246,0.670664213929,0.665166018371,0.605236567819,0.52448107231,0.601250416246,0.669123529296,0.200003899218,0.441459111197,0.530254976366,0.668859049859,0.209935244423,0.511036424596,0.637127581804,0.513121057458,0.674093012294,0.637734185387,0.582747100937,0.660181880183,0.603059571236,0.651129402491,0.67442552182,0.623873402388,0.656882189774
6120544970,0.475965050806,0.476674612798,0.51852332903,0.505013094222,0.543039354221,0.526822015136,0.490134204801,0.507090229203,0.569465951084,0.561365106509,0.602716464522,0.673995771845,0.652191999691,0.629381735039,0.666693174037,0.547149186334,0.626280662506,0.374498029877,0.483815052638,0.333168302797,0.518708269791,0.233619962273,0.389657060461,0.583621006442,0.0,0.465941662074,0.0838932016867,0.601294014097,0.6319948518,0.453260404581,0.596368859728,0.522845554868,0.585901277097,0.64349385925,0.515043664206,0.586993248265,0.658528671662,0.465664437463,0.661736660829,0.434723949948,0.448917669963,0.529882096938,0.552410748045,0.529563324239,0.520603927535,0.31946646377,0.403182715279,0.526292885164,0.498458171299,0.455880628482,0.400850571266,0.418057860979,0.536295796581
6120546480,0.238307866971,0.238979877924,0.287495084471,0.275362462395,0.337413382074,0.309768331272,0.210721611866,0.218994212772,0.32144503166,0.291477960061,0.387957114342,0.664095342265,0.577450199117,0.468991733987,0.66744536713,0.674096944565,0.456832780633,0.626647937809,0.672020070854,0.615177352842,0.210449023115,0.584339186841,0.622600157485,0.329221042196,0.465941662074,0.0,0.460686991698,0.278742102436,0.649977692433,0.666962502892,0.637114072991,0.592550622044,0.648611187281,0.509351681483,0.625581775204,0.674359775974,0.592642778984,0.290652908887,0.613254169648,0.674476422802,0.0932814775151,0.166122733462,0.506121404524,0.207660990267,0.669078353593,0.564245859326,0.399851896014,0.671007518375,0.434524699335,0.590234258764,0.666737215096,0.495249059624,0.578937932824
6120547190,0.483145850977,0.483782959332,0.523606924847,0.509896344476,0.548676535622,0.529654842242,0.496999954349,0.5134988564,0.580125406421,0.572730905266,0.611924885122,0.654345946894,0.655316128185,0.633342894841,0.673334898332,0.619547713385,0.630297947871,0.444429217381,0.576307961199,0.409808834626,0.526947645277,0.333880230348,0.519517461372,0.586444938926,0.0838932016867,0.460686991698,0.0,0.599502831456,0.602799714959,0.373245477659,0.486799736021,0.396308081553,0.645082136494,0.650547801656,0.599515041909,0.643057954074,0.661928021969,0.520459934519,0.663610424135,0.558155272895,0.455088725798,0.517901368677,0.581913486746,0.516100611448,0.600299821678,0.118228771091,0.390375736247,0.505239128805,0.435524002575,0.282066592265,0.449072228906,0.285839998243,0.39067645429
6120547460,0.394071715613,0.394659215356,0.443260162212,0.429095317771,0.471553883934,0.467478967251,0.393805036903,0.421624198546,0.463590011357,0.451662817198,0.544699106712,0.665374688699,0.633202505289,0.634981899626,0.672721134877,0.674330156934,0.630506715765,0.635600004169,0.673880582464,0.637992942044,0.444883623638,0.634631424756,0.651860799728,0.581478249064,0.601294014097,0.278742102436,0.599502831456,0.0,0.659647587572,0.673797598502,0.641692041663,0.600698602744,0.67414956895,0.593114645389,0.66923807415,0.673966274153,0.673375105509,0.556423788441,0.632438089822,0.672401838322,0.470277218847,0.182044645969,0.436000577988,0.345531776896,0.666419573531,0.635066349746,0.541058396334,0.671777371755,0.53087460825,0.638927690343,0.672245944741,0.587046805487,0.610820349607
6120553750,0.625031952546,0.624590377188,0.597012462461,0.612742210235,0.610753613643,0.614067055561,0.614274547462,0.607898649202,0.59706439165,0.602708415154,0.614125431653,0.673045312999,0.624592343699,0.630348650828,0.674190569245,0.658736105959,0.628340371998,0.636895125118,0.64759205379,0.63440372111,0.657193089372,0.656240948507,0.672315926705,0.637881586092,0.6319948518,0.649977692433,0.602799714959,0.659647587572,0.0,0.190993068721,0.415884959102,0.58258645244,0.673896326503,0.605612114555,0.674421789819,0.665469602068,0.641709366859,0.655246461794,0.635909360011,0.606200940537,0.640443356981,0.662944003146,0.671106161597,0.665047457213,0.66692179243,0.575303908084,0.672575783228,0.286141610423,0.667742869325,0.418179305013,0.583341360634,0.600045718768,0.546923609205
6120555030,0.673730615035,0.673771165424,0.674034822954,0.674477036691,0.674104482863,0.674458366414,0.6744197362,0.674448433239,0.671414405234,0.672282711916,0.671263385684,0.655073387883,0.667622911111,0.672174497651,0.672838214072,0.66848152499,0.672161127825,0.64768392458,0.658956574438,0.638968548855,0.672936737157,0.627367988966,0.641790385756,0.674480180246,0.453260404581,0.666962502892,0.373245477659,0.673797598502,0.190993068721,0.0,0.258545269544,0.358928111032,0.673995081088,0.66400565907,0.670607640068,0.67263682376,0.67128851206,0.667435650833,0.668282427524,0.612028509875,0.666844523589,0.669443740478,0.661570381657,0.669091152063,0.632816109916,0.373697092742,0.603712629161,0.348991040352,0.606730651473,0.215386896851,0.428444471936,0.407994863272,0.289305781378
6120555130,0.60995033225,0.61021689336,0.631026934989,0.624870671322,0.638055672918,0.640028048666,0.62521563122,0.638985526858,0.649163914076,0.650069185733,0.667907461844,0.573565027536,0.673957256688,0.674475598843,0.633293997323,0.646786778861,0.674449505744,0.651001110213,0.661311896899,0.66559541443,0.648262467235,0.669563266615,0.674113345626,0.670664213929,0.596368859728,0.637114072991,0.486799736021,0.641692041663,0.415884959102,0.258545269544,0.0,0.0634456511442,0.630573046407,0.671551459541,0.647847943284,0.638880220229,0.671195758657,0.67332777282,0.673587151694,0.673930868225,0.659620000824,0.614005031485,0.672326842123,0.619923426781,0.673761488937,0.432115250592,0.602470524216,0.544231203783,0.521636503799,0.0945804641735,0.615733881547,0.357582995422,0.155686951248
6120556300,0.525257639659,0.525957012304,0.573491265821,0.56027655934,0.587914860033,0.594820450511,0.557499133036,0.589746069874,0.60711495105,0.607522767988,0.654670340319,0.562998160304,0.671494119762,0.674296123207,0.633582317439,0.66302990341,0.674129294454,0.574185729986,0.673362427139,0.610425521268,0.60061293783,0.633223780338,0.66693971189,0.665166018371,0.522845554868,0.592550622044,0.396308081553,0.600698602744,0.58258645244,0.358928111032,0.0634456511442,0.0,0.635163310933,0.662797777554,0.659780169843,0.654590551148,0.668319253411,0.665795405317,0.670462806365,0.660444167943,0.642522765661,0.542536669244,0.669759599961,0.551925985276,0.670216698881,0.35570964575,0.542042191493,0.493891003419,0.422911278086,0.149091465294,0.583670299513,0.259862181661,0.0855386532303
6121173010,0.666306161588,0.666397932335,0.669825358314,0.669190010482,0.667432961364,0.669172116633,0.660301968536,0.652456413028,0.641710327147,0.633045045218,0.604504614337,0.285474662772,0.625134723119,0.58591786167,0.316551392288,0.357434891925,0.585017411908,0.651618478693,0.360114890228,0.648980179804,0.67443756901,0.501581497705,0.431046343629,0.605236567819,0.585901277097,0.648611187281,0.645082136494,0.67414956895,0.673896326503,0.673995081088,0.630573046407,0.635163310933,0.0,0.611356091001,0.132635169413,0.390599732075,0.571991708251,0.539853337355,0.64942403825,0.469729389911,0.579102363299,0.674422963204,0.584563187827,0.673966517199,0.547763504365,0.673955029361,0.666041634647,0.671618319439,0.666392926022,0.667372777953,0.648552669077,0.667660978184,0.633051149037
6121173180,0.387310702389,0.388316551282,0.453863570865,0.444174994428,0.451686581032,0.521665389833,0.392597288843,0.460181757409,0.215426303293,0.1690353687,0.126836672278,0.648881292107,0.243474087136,0.422135603681,0.671420812784,0.669136260339,0.411876621915,0.666839419461,0.671871440827,0.665334708921,0.545764859194,0.657336918661,0.656789200776,0.52448107231,0.64349385925,0.509351681483,0.650547801656,0.593114645389,0.605612114555,0.66400565907,0.671551459541,0.662797777554,0.611356091001,0.0,0.615939975235,0.665891013692,0.520379001686,0.513656651205,0.379444065635,0.670984199135,0.484600699617,0.570571102817,0.655811306519,0.576654658877,0.674480683926,0.669024617013,0.633708190729,0.643519503955,0.646158276377,0.672832659972,0.672695800909,0.663378967853,0.670843598418
6121173240,0.634735357423,0.634991985535,0.645290741434,0.643276244634,0.644729660329,0.646142078462,0.628510647328,0.621377438807,0.620166543078,0.611125527841,0.5971922463,0.519417825173,0.631948124847,0.59622424211,0.437175817315,0.337197285906,0.59478249796,0.67356300616,0.369296933703,0.615222233812,0.665219444742,0.449449978979,0.388480850405,0.601250416246,0.515043664206,0.625581775204,0.599515041909,0.66923807415,0.674421789819,0.670607640068,0.647847943284,0.659780169843,0.132635169413,0.615939975235,0.0,0.276858789232,0.59838665794,0.532802591949,0.653297430362,0.451505810907,0.556878983703,0.669242254156,0.578273573472,0.670984242152,0.539897008491,0.664315246815,0.645062723502,0.665127491916,0.674480446275,0.673890453274,0.629574274845,0.674406572308,0.658443497332
6121173320,0.674057655986,0.674089092356,0.674165208967,0.674434453653,0.67448091645,0.674140429441,0.674195760367,0.673891625471,0.671811605035,0.670841641622,0.66480448724,0.252304197761,0.670947927539,0.665046937791,0.312966868074,0.0225931245408,0.665426614986,0.673208286168,0.0930063033693,0.59215145005,0.673005962985,0.424658385803,0.446895644783,0.669123529296,0.586993248265,0.674359775974,0.643057954074,0.673966274153,0.665469602068,0.67263682376,0.638880220229,0.654590551148,0.390599732075,0.665891013692,0.276858789232,0.0,0.656863246813,0.650220813465,0.673426051145,0.364747837989,0.664204025209,0.672926547888,0.630856135322,0.672492655837,0.547678924039,0.672087367811,0.665638151219,0.649195907837,0.671916005629,0.668174092749,0.636850646689,0.672338366746,0.651539082992
6121174660,0.650218331641,0.650320102138,0.654008965061,0.654543207938,0.652683009338,0.65676199987,0.640128467087,0.633352218262,0.602008048777,0.585623803341,0.552385920933,0.636741556247,0.552515174323,0.307729821061,0.670683277021,0.659660118129,0.282647503206,0.664015120699,0.667287782216,0.674423585545,0.649001822491,0.66375657769,0.671772992817,0.200003899218,0.658528671662,0.592642778984,0.661928021969,0.673375105509,0.641709366859,0.67128851206,0.671195758657,0.668319253411,0.571991708251,0.520379001686,0.59838665794,0.656863246813,0.0,0.590198882007,0.521006903722,0.663738282839,0.444464534531,0.66661535499,0.662408004774,0.663172551488,0.671393133226,0.672429795281,0.666216137699,0.650856141975,0.673058904295,0.674111815717,0.670006699344,0.673968215443,0.672148169291
6121174810,0.395470321612,0.395988101489,0.427521239353,0.420021001022,0.451986056722,0.441862778542,0.365531351149,0.369029919431,0.406128072341,0.375947070242,0.448508824575,0.640485696324,0.56324265396,0.513487624405,0.606175822598,0.64955421965,0.504335190989,0.660121345362,0.645491510382,0.643601900204,0.329988080864,0.604526252037,0.432497222057,0.441459111197,0.465664437463,0.290652908887,0.520459934519,0.556423788441,0.655246461794,0.667435650833,0.67332777282,0.665795405317,0.539853337355,0.513656651205,0.532802591949,0.650220813465,0.590198882007,0.0,0.601992006199,0.646625075934,0.242688374059,0.459471628561,0.476633791032,0.457893013192,0.593052086584,0.616463931116,0.494232017052,0.668159183777,0.613531294981,0.650616639213,0.645547505182,0.624668537033,0.666689440577
6121175210,0.492562251505,0.492833357864,0.521176857902,0.513740261022,0.527016750182,0.539179081747,0.456324963903,0.461948387142,0.392497310929,0.354684073977,0.427931312459,0.665757278268,0.292976801111,0.579826983912,0.674172901733,0.674011255622,0.552233323032,0.674218242298,0.674381166349,0.672527188127,0.617839347859,0.665737591252,0.671061973691,0.530254976366,0.661736660829,0.613254169648,0.663610424135,0.632438089822,0.635909360011,0.668282427524,0.673587151694,0.670462806365,0.64942403825,0.379444065635,0.653297430362,0.673426051145,0.521006903722,0.601992006199,0.0,0.666222388511,0.60339612858,0.630003269072,0.671944317973,0.634833603989,0.672148478953,0.672406154092,0.661375416107,0.650488071469,0.666002044023,0.673632417727,0.670109802881,0.671684389731,0.673699461582
6121176800,0.670943951778,0.671084365599,0.674303736466,0.674321488251,0.674455722706,0.673995614399,0.674199117359,0.674293603185,0.674291051902,0.674291212597,0.672816028025,0.532279368716,0.663052440482,0.662524328199,0.374671443541,0.289614036429,0.6619001946,0.571946468021,0.200485931352,0.465493997385,0.666646318969,0.366528274052,0.256641517781,0.668859049859,0.434723949948,0.674476422802,0.558155272895,0.672401838322,0.606200940537,0.612028509875,0.673930868225,0.660444167943,0.469729389911,0.670984199135,0.451505810907,0.364747837989,0.663738282839,0.646625075934,0.666222388511,0.0,0.674438032038,0.665936460636,0.62969252429,0.66462474052,0.36688035061,0.638784030914,0.589917900536,0.520089816438,0.648618059879,0.665354878742,0.476589618404,0.646466985945,0.670122840466
6121177360,0.3476100646,0.348072784551,0.377110362588,0.372065366886,0.411600481917,0.388115440091,0.307508484792,0.289744231001,0.364054417286,0.333003671664,0.366468881985,0.674341196649,0.559379523328,0.373448666051,0.673982465875,0.662859969422,0.360733518652,0.66247266441,0.660666705912,0.631819545606,0.326855726701,0.568011519589,0.609687315308,0.209935244423,0.448917669963,0.0932814775151,0.455088725798,0.470277218847,0.640443356981,0.666844523589,0.659620000824,0.642522765661,0.579102363299,0.484600699617,0.556878983703,0.664204025209,0.444464534531,0.242688374059,0.60339612858,0.674438032038,0.0,0.369589207439,0.473754866157,0.374312623474,0.667024240244,0.570834785122,0.44609127161,0.66611919745,0.519373628138,0.603646764669,0.669685180124,0.544975970427,0.62759054589
6121178070,0.275102373711,0.275922296512,0.338974812933,0.320710006577,0.383554874031,0.369300078714,0.276117057538,0.311539750903,0.391770342159,0.373469038154,0.494352440012,0.646996217653,0.619059994917,0.596100738628,0.666731882829,0.67399355692,0.588999421579,0.585961592543,0.67346544397,0.602621285493,0.231069625779,0.60724548258,0.632670005625,0.511036424596,0.529882096938,0.166122733462,0.517901368677,0.182044645969,0.662944003146,0.669443740478,0.614005031485,0.542536669244,0.674422963204,0.570571102817,0.669242254156,0.672926547888,0.66661535499,0.459471628561,0.630003269072,0.665936460636,0.369589207439,0.0,0.600549189949,0.0447811202613,0.646855318024,0.585385658831,0.269097527074,0.673789437978,0.346826302346,0.595860084983,0.664710802055,0.472799146179,0.541114693975
6121178270,0.618858975459,0.61911959651,0.634441502077,0.630219140878,0.637716303176,0.639342001619,0.62115688712,0.626823556249,0.631093621936,0.628289488232,0.643597628204,0.646179035827,0.669999760975,0.660304758371,0.639746287838,0.625083067125,0.659597593205,0.669919015455,0.620175693305,0.648398205465,0.625884936115,0.607548719367,0.58061649594,0.637127581804,0.552410748045,0.506121404524,0.581913486746,0.436000577988,0.671106161597,0.661570381657,0.672326842123,0.669759599961,0.584563187827,0.655811306519,0.578273573472,0.630856135322,0.662408004774,0.476633791032,0.671944317973,0.62969252429,0.473754866157,0.600549189949,0.0,0.619342395721,0.552698467343,0.632763374597,0.549386101593,0.674470411919,0.649542567302,0.652703572199,0.647533890621,0.647617517811,0.671909624972
6121178770,0.304170180934,0.304914498055,0.361166922579,0.345032564785,0.403252159809,0.388493454026,0.304411609968,0.336003077644,0.413103763009,0.395407547373,0.505753579184,0.643648183514,0.618558593285,0.59502335271,0.664198864463,0.673799090268,0.588329224755,0.585027510804,0.673616336051,0.603558700179,0.203044402958,0.610992085912,0.633840462639,0.513121057458,0.529563324239,0.207660990267,0.516100611448,0.345531776896,0.665047457213,0.669091152063,0.619923426781,0.551925985276,0.673966517199,0.576654658877,0.670984242152,0.672492655837,0.663172551488,0.457893013192,0.634833603989,0.66462474052,0.374312623474,0.0447811202613,0.619342395721,0.0,0.636686154276,0.584982748141,0.173873026348,0.673748534819,0.324895366064,0.597697361238,0.665498070128,0.465420610306,0.54592724168
6121179320,0.66492439801,0.665092310315,0.672551616342,0.670562335464,0.672189156473,0.673312965334,0.669325624535,0.672199183759,0.671864035345,0.671646380783,0.674091690701,0.598235894365,0.671426383119,0.671345232516,0.540733204036,0.525130079459,0.671202616098,0.654405242553,0.50086517129,0.613139485139,0.673480296445,0.561746150778,0.438633142153,0.674093012294,0.520603927535,0.669078353593,0.600299821678,0.666419573531,0.66692179243,0.632816109916,0.673761488937,0.670216698881,0.547763504365,0.674480683926,0.539897008491,0.547678924039,0.671393133226,0.593052086584,0.672148478953,0.36688035061,0.667024240244,0.646855318024,0.552698467343,0.636686154276,0.0,0.646761401293,0.459331985674,0.646148921536,0.661499352821,0.666061207508,0.491971340181,0.668185191672,0.674481829688
6121179430,0.578223217561,0.578643306749,0.605308128859,0.595475464967,0.617064216907,0.607177941963,0.589765732616,0.600828642669,0.63654428253,0.633167339376,0.65208998025,0.632785064035,0.67021157817,0.661564073805,0.663363668296,0.665483516997,0.660432730993,0.573678979693,0.648180045259,0.553861662378,0.60369175539,0.524109469405,0.622970795757,0.637734185387,0.31946646377,0.564245859326,0.118228771091,0.635066349746,0.575303908084,0.373697092742,0.432115250592,0.35570964575,0.673955029361,0.669024617013,0.664315246815,0.672087367811,0.672429795281,0.616463931116,0.672406154092,0.638784030914,0.570834785122,0.585385658831,0.632763374597,0.584982748141,0.646761401293,0.0,0.495347148722,0.349896914997,0.484232880253,0.218391685137,0.516323278506,0.304379324683,0.334811229124
6121180040,0.459394570577,0.460076059379,0.506165184374,0.491322952884,0.529027225736,0.518773370423,0.469455739292,0.490424146171,0.543975640831,0.534880962067,0.590694326314,0.663357811829,0.65293113943,0.634982620139,0.674009574559,0.657418575029,0.631976202346,0.584981993069,0.636998851006,0.564633567165,0.424032829147,0.534545029258,0.576075843844,0.582747100937,0.403182715279,0.399851896014,0.390375736247,0.541058396334,0.672575783228,0.603712629161,0.602470524216,0.542042191493,0.666041634647,0.633708190729,0.645062723502,0.665638151219,0.666216137699,0.494232017052,0.661375416107,0.589917900536,0.44609127161,0.269097527074,0.549386101593,0.173873026348,0.459331985674,0.495347148722,0.0,0.661613577722,0.315929633369,0.531001627932,0.561369357047,0.404198960048,0.534190788148
6121180080,0.673219955541,0.673142311988,0.664271623224,0.669280258411,0.66594740494,0.666376636224,0.668773078126,0.664233238112,0.656349893341,0.657447548736,0.654271241109,0.669354847852,0.645286465829,0.650291812315,0.673458198683,0.62970606733,0.64930704512,0.580354585662,0.59693339058,0.550958999536,0.66857096562,0.557268653311,0.648710830781,0.660181880183,0.526292885164,0.671007518375,0.505239128805,0.671777371755,0.286141610423,0.348991040352,0.544231203783,0.493891003419,0.671618319439,0.643519503955,0.665127491916,0.649195907837,0.650856141975,0.668159183777,0.650488071469,0.520089816438,0.66611919745,0.673789437978,0.674470411919,0.673748534819,0.646148921536,0.349896914997,0.661613577722,0.0,0.647965266584,0.482541561257,0.512397154246,0.555155532827,0.526668447898
6121180520,0.458983100263,0.459640999566,0.506491749903,0.4911964609,0.53189586162,0.520627688212,0.475608231782,0.500631422537,0.558509690167,0.551862727827,0.608192885692,0.600251947942,0.66002072773,0.648101451909,0.641427121086,0.674306944967,0.645698798571,0.568582367073,0.670924227791,0.575567899432,0.450428163553,0.579722199078,0.653725435962,0.603059571236,0.498458171299,0.434524699335,0.435524002575,0.53087460825,0.667742869325,0.606730651473,0.521636503799,0.422911278086,0.666392926022,0.646158276377,0.674480446275,0.671916005629,0.673058904295,0.613531294981,0.666002044023,0.648618059879,0.519373628138,0.346826302346,0.649542567302,0.324895366064,0.661499352821,0.484232880253,0.315929633369,0.647965266584,0.0,0.475305998682,0.532307288315,0.115819987144,0.36957257863
