,6120316520,6120318040,6120318200,6120321090,6120321300,6121088530,6121089100
6120316520,0.0,10.6461221551,22.7155563421,31.5517113197,23.0651079384,42.2979926062,48.6009230562
6120318040,10.6461221551,0.0,14.4986610644,22.6040693218,14.3851405015,33.0998554521,39.8396339313
6120318200,22.7155563421,14.4986610644,0.0,8.93325840467,1.30659964233,19.6770024912,25.8910404131
6120321090,31.5517113197,22.6040693218,8.93325840467,0.0,8.48811498155,10.7569321869,17.2403229575
6120321300,23.0651079384,14.3851405015,1.30659964233,8.48811498155,0.0,19.2341856977,25.6471749406
6121088530,42.2979926062,33.0998554521,19.6770024912,10.7569321869,19.2341856977,0.0,7.23761008703
6121089100,48.6009230562,39.8396339313,25.8910404131,17.2403229575,25.6471749406,7.23761008703,0.0
