,6120316520,6120318040,6120318200,6120321090,6120321300,6121088530,6121089100
6120316520,0.0,6020.0996094,1974.3007812,6808.1992187,1974.3007812,10981.8984375,7131.0996094
6120318040,6020.0996094,0.0,7994.4003906,12828.2988281,7994.4003906,4961.7988281,13151.1992188
6120318200,1974.3007812,7994.4003906,0.0,4833.8984375,0.0,12956.1992187,5156.7988282
6120321090,6808.1992187,12828.2988281,4833.8984375,0.0,4833.8984375,17790.0976562,322.9003907
6120321300,1974.3007812,7994.4003906,0.0,4833.8984375,0.0,12956.1992187,5156.7988282
6121088530,10981.8984375,4961.7988281,12956.1992187,17790.0976562,12956.1992187,0.0,18112.9980469
6121089100,7131.0996094,13151.1992188,5156.7988282,322.9003907,5156.7988282,18112.9980469,0.0
