,6120316520,6120318040,6120318200,6120321090,6120321300,6121088530,6121089100
6120316520,1.0,-0.64433070157,0.63862648201,0.170505777438,0.619955849964,-0.420333374058,0.105011937245
6120318040,-0.64433070157,1.0,-0.570734049379,-0.640208092589,-0.549923243995,-0.811526876001,-0.999000497534
6120318200,0.63862648201,-0.570734049379,1.0,0.707305156089,0.999405915017,0.0521573592359,0.536736791204
6120321090,0.170505777438,-0.640208092589,0.707305156089,1.0,0.724729812372,-0.723024483484,0.971780008688
6120321300,0.619955849964,-0.549923243995,0.999405915017,0.724729812372,1.0,0.070316684082,0.52948935372
6121088530,-0.420333374058,-0.811526876001,0.0521573592359,-0.723024483484,0.070316684082,1.0,-0.837793434796
6121089100,0.105011937245,-0.999000497534,0.536736791204,0.971780008688,0.52948935372,-0.837793434796,1.0
