,6120316520,6120318040,6120318200,6120321090,6120321300,6121088530,6121089100
6120316520,0.0,0.39446281882,0.399398861728,0.654873560907,0.415248201687,0.555314634276,0.667044399787
6120318040,0.39446281882,0.0,0.45477819092,0.398034641576,0.470508318308,0.230284517677,0.00134761954772
6120318200,0.399398861728,0.45477819092,0.0,0.337051879974,0.000801161511709,0.672647402708,0.480173103574
6120321090,0.654873560907,0.398034641576,0.337051879974,0.0,0.320221715005,0.321886942378,0.0375306308727
6120321300,0.415248201687,0.470508318308,0.000801161511709,0.320221715005,0.0,0.671147323183,0.485385102715
6121088530,0.555314634276,0.230284517677,0.672647402708,0.321886942378,0.671147323183,0.0,0.20106461828
6121089100,0.667044399787,0.00134761954772,0.480173103574,0.0375306308727,0.485385102715,0.20106461828,0.0
