,6120316520,6120318040,6120318200,6120321090,6120321300,6121088530,6121089100
6120316520,1.0,-0.644327053272,0.638624849235,0.170505431012,0.619954139972,-0.420331139387,0.105013558048
6120318040,-0.644327053272,1.0,-0.570727656284,-0.640206413616,-0.549916713107,-0.811523848888,-0.999000600547
6120318200,0.638624849235,-0.570727656284,1.0,0.707304282494,0.99940591559,0.0521630859511,0.536734065089
6120321090,0.170505431012,-0.640206413616,0.707304282494,1.0,0.724729003294,-0.723023667238,0.971779532313
6120321300,0.619954139972,-0.549916713107,0.99940591559,0.724729003294,1.0,0.0703222942988,0.529486445706
6121088530,-0.420331139387,-0.811523848888,0.0521630859511,-0.723023667238,0.0703222942988,1.0,-0.837794245279
6121089100,0.105013558048,-0.999000600547,0.536734065089,0.971779532313,0.529486445706,-0.837794245279,1.0
