,6120331830,6120331960,6120331970,6120334580,6120336230,6121092980,6121093140,6121093290
6120331830,0.0,21529.1015625,0.0,8363.1953125,8669.796875,5201.4023437,8414.1015625,8619.6015625
6120331960,21529.1015625,0.0,21529.1015625,29892.296875,30198.8984375,16327.6992188,13115.0,30148.703125
6120331970,0.0,21529.1015625,0.0,8363.1953125,8669.796875,5201.4023437,8414.1015625,8619.6015625
6120334580,8363.1953125,29892.296875,8363.1953125,0.0,306.6015625,13564.5976562,16777.296875,256.40625
6120336230,8669.796875,30198.8984375,8669.796875,306.6015625,0.0,13871.1992187,17083.8984375,50.1953125
6121092980,5201.4023437,16327.6992188,5201.4023437,13564.5976562,13871.1992187,0.0,3212.6992188,13821.0039062
6121093140,8414.1015625,13115.0,8414.1015625,16777.296875,17083.8984375,3212.6992188,0.0,17033.703125
6121093290,8619.6015625,30148.703125,8619.6015625,256.40625,50.1953125,13821.0039062,17033.703125,0.0
