,6120331830,6120331960,6120331970,6120334580,6120336230,6121092980,6121093140,6121093290
6120331830,0.0,0.476971025097,7.81226397046e-05,0.589183019369,0.621567944691,0.614160947541,0.605855130978,0.66934700306
6120331960,0.476971025097,0.0,0.480547773569,0.645409134528,0.570539714957,0.673006412997,0.438054403,0.552077230523
6120331970,7.81226397046e-05,0.480547773569,0.0,0.593225482264,0.621644247639,0.617800798128,0.605398504365,0.669400440139
6120334580,0.589183019369,0.645409134528,0.593225482264,0.0,0.242715456737,0.674258832532,0.359734144125,0.34758295269
6120336230,0.621567944691,0.570539714957,0.621644247639,0.242715456737,0.0,0.517452107074,0.305011717465,0.0396887504052
6121092980,0.614160947541,0.673006412997,0.617800798128,0.674258832532,0.517452107074,0.0,0.616711307645,0.526522084355
6121093140,0.605855130978,0.438054403,0.605398504365,0.359734144125,0.305011717465,0.616711307645,0.0,0.327183128175
6121093290,0.66934700306,0.552077230523,0.669400440139,0.34758295269,0.0396887504052,0.526522084355,0.327183128175,0.0
