,6120331830,6120331960,6120331970,6120334580,6120336230,6121092980,6121093140,6121093290
6120331830,1.0,-0.541139834627,0.999942086197,0.355617999053,0.280090055404,0.299058038205,-0.318976469714,0.0872544002317
6120331960,-0.541139834627,1.0,-0.536217310036,-0.207612073674,-0.392564072618,0.0467717539608,-0.592058719429,-0.426004403292
6120331970,0.999942086197,-0.536217310036,1.0,0.347089144754,0.279888172404,0.28989493346,-0.320036095741,0.086799328636
6120334580,0.355617999053,-0.207612073674,0.347089144754,1.0,0.800090315612,0.0182050761298,-0.683120618816,0.696179830989
6120336230,0.280090055404,-0.392564072618,0.279888172404,0.800090315612,1.0,-0.482507950345,-0.740124975219,0.970132353006
6121092980,0.299058038205,0.0467717539608,0.28989493346,0.0182050761298,-0.482507950345,1.0,0.292669227163,-0.468365630285
6121093140,-0.318976469714,-0.592058719429,-0.320036095741,-0.683120618816,-0.740124975219,0.292669227163,1.0,-0.717575390803
6121093290,0.0872544002317,-0.426004403292,0.086799328636,0.696179830989,0.970132353006,-0.468365630285,-0.717575390803,1.0
