,6120282210,6120285110,6120286590,6120287640,6120289950,6120290550,6120291220,6120292470,6120293210,6120294010,6120294330,6120294870,6120294980,6120294990,6120295000,6120295140,6120295300,6120297930,6120299270,6120300440,6120300910,6120300920,6120301070,6120301180,6120301240,6120301800,6121074790,6121075480,6121075780,6121076240,6121076560,6121076880,6121077050,6121077410,6121077580,6121078140,6121078240,6121078850,6121079400,6121079720,6121079740,6121080100
6120282210,0.0,0.00696703054554,0.310376176449,0.567674557715,0.534910070932,0.478343155561,0.565968660968,0.0983829998395,0.183755817023,0.260796814878,0.223840454588,0.658608938427,0.168392205974,0.148856593135,0.121213020483,0.407397646428,0.66943589265,0.388049807084,0.243340892674,0.648389412139,0.231568445763,0.672728151376,0.326547228082,0.441708433979,0.423677668403,0.415349807786,0.264554100775,0.247736874251,0.147692216593,0.116659867103,0.129313487417,0.128491312397,0.153903372347,0.135371921956,0.138680667275,0.295900913641,0.28186786467,0.225013410795,0.577778443306,0.508334424135,0.572768396815,0.662050962561
6120285110,0.00696703054554,0.0,0.277197997522,0.528519918066,0.499389788848,0.478255204729,0.55368019711,0.129977548039,0.187828824302,0.287876857703,0.23294930713,0.661204591309,0.186872984491,0.182789750939,0.151386401291,0.424423776815,0.670653071522,0.402249605534,0.26073301023,0.656065035744,0.247809798119,0.673686943394,0.344338325254,0.450987944898,0.440758198479,0.430747139313,0.295828663884,0.253836235975,0.183152405732,0.146105955813,0.154168783538,0.159328151763,0.190739759556,0.164269389059,0.174208220179,0.311720956554,0.300139293109,0.246487802619,0.584595828082,0.515823633342,0.580660861901,0.667193099132
6120286590,0.310376176449,0.277197997522,0.0,0.480607012162,0.599205535506,0.434419276997,0.640976351324,0.522806555249,0.431514553038,0.575474134846,0.576879610869,0.674429050418,0.559432378815,0.541809989097,0.532965830265,0.616370580305,0.67124016935,0.640056349128,0.583340002834,0.672373224837,0.55989409702,0.673127972911,0.620000926174,0.6139767399,0.639767717062,0.64132216632,0.522769824856,0.559318616149,0.514700281451,0.514645573288,0.534447697937,0.530410557665,0.537629443303,0.53870216075,0.537078923063,0.604320415023,0.616881759832,0.556007903799,0.671878630128,0.644724475308,0.671784894688,0.669026477167
6120287640,0.567674557715,0.528519918066,0.480607012162,0.0,0.096356829292,0.654526663872,0.459205872654,0.601040855131,0.580248681979,0.624019672669,0.485020716177,0.674139364951,0.565502994828,0.626649955457,0.605029840939,0.641963609612,0.673784777101,0.588965155537,0.575331150028,0.663166030477,0.573732020237,0.665159724659,0.601018887972,0.627686828136,0.640131208173,0.624224645489,0.642382601247,0.596622343081,0.632892144435,0.618112459126,0.611769473682,0.622683892718,0.635143782209,0.620442274847,0.62908179926,0.589270478094,0.56318175135,0.590828795845,0.642547179865,0.6412235809,0.651620260933,0.651076749119
6120289950,0.534910070932,0.499389788848,0.599205535506,0.096356829292,0.0,0.6052829699,0.221156328829,0.578024155423,0.491281981763,0.609517128501,0.383241785672,0.673688989402,0.516369535152,0.612043958697,0.58387376286,0.632699862139,0.674042390099,0.542637150638,0.539539287161,0.660373125177,0.540739261737,0.662390674273,0.568583933225,0.612770358709,0.6245354135,0.599673758114,0.626990861436,0.562294890529,0.611974386017,0.593686744805,0.587664904662,0.603625612346,0.620176149731,0.602201029442,0.614375886323,0.556889974034,0.508922392224,0.565652772197,0.616777050308,0.62852264011,0.633285421789,0.645492183577
6120290550,0.478343155561,0.478255204729,0.434419276997,0.654526663872,0.6052829699,0.0,0.370117173884,0.588609464483,0.227177906626,0.625331770176,0.606950083727,0.670615305128,0.61426440087,0.599275319332,0.596264337914,0.650012281382,0.66140326055,0.651384840061,0.628285757519,0.662181852531,0.607311114759,0.670433383743,0.647536974164,0.638871927294,0.661062306219,0.660630430346,0.55320183163,0.618428876765,0.564645723792,0.573613461198,0.594795711424,0.588222756404,0.590260001975,0.597045890202,0.59381558272,0.642345321868,0.636602882772,0.607812084176,0.672621690118,0.663404999353,0.673817921792,0.657331224975
6120291220,0.565968660968,0.55368019711,0.640976351324,0.459205872654,0.221156328829,0.370117173884,0.0,0.590218728078,0.402190456021,0.622847718839,0.383490957264,0.674309303203,0.51906668816,0.609078302636,0.594432556225,0.641042452556,0.673962486586,0.575175347362,0.585146472403,0.671086640724,0.581999855306,0.671174288582,0.597821280887,0.628875861283,0.635335431937,0.622117144608,0.637349230948,0.585092382582,0.613002491619,0.594837905074,0.590687879223,0.600701428106,0.613144030696,0.600554923081,0.609029995862,0.597253509767,0.53706007496,0.597519667701,0.636228112189,0.646017915815,0.646605528261,0.66682717255
6120292470,0.0983829998395,0.129977548039,0.522806555249,0.601040855131,0.578024155423,0.588609464483,0.590218728078,0.0,0.288665392634,0.202683006188,0.193322144838,0.636238078688,0.134208325583,0.0340346666207,0.0045819432094,0.374999659482,0.648849042762,0.3364461428,0.122505940112,0.572930850764,0.157296084987,0.660125493722,0.221890651309,0.395015832381,0.289559086937,0.288142052842,0.266653916857,0.241044430996,0.123365992433,0.0922227702472,0.0812935632409,0.0797335270001,0.0981872673878,0.0687558083926,0.0519387481174,0.165201831118,0.222073860333,0.179899842235,0.522371874162,0.457652767613,0.493435067461,0.590273145619
6120293210,0.183755817023,0.187828824302,0.431514553038,0.580248681979,0.491281981763,0.227177906626,0.402190456021,0.288665392634,0.0,0.431766916431,0.267269482654,0.672635640263,0.291612376883,0.318958569727,0.307655107801,0.527264659353,0.674418701271,0.453835530081,0.401056827051,0.673676290523,0.372219333989,0.674336890956,0.448412789128,0.513186496346,0.529735061092,0.519515992382,0.366010005448,0.342893452173,0.278724816306,0.249148071103,0.274068831012,0.275155321041,0.300472782798,0.289969906766,0.302013632968,0.442018093362,0.370551813784,0.388954321063,0.602683594283,0.579304511542,0.611482044935,0.674480972295
6120294010,0.260796814878,0.287876857703,0.575474134846,0.624019672669,0.609517128501,0.625331770176,0.622847718839,0.202683006188,0.431766916431,0.0,0.360936816945,0.512820729354,0.337953726206,0.304468536255,0.230540228399,0.0673977876119,0.60037361101,0.476263566306,0.315552948309,0.59016609783,0.369829114179,0.672349686788,0.43205041384,0.541578720088,0.503326025756,0.483663079095,0.41364219043,0.398302665826,0.327021305327,0.309214450755,0.306667222737,0.313040307236,0.334176988169,0.312808179383,0.313637203654,0.3474680912,0.396622298224,0.174839841574,0.60640475428,0.521041125555,0.603654967811,0.646020883084
6120294330,0.223840454588,0.23294930713,0.576879610869,0.485020716177,0.383241785672,0.606950083727,0.383490957264,0.193322144838,0.267269482654,0.360936816945,0.0,0.659562172171,0.0711630978118,0.249316638284,0.213453265774,0.479254780087,0.668288281223,0.170969421083,0.194345470623,0.667061548899,0.218580436422,0.674005626477,0.217475799484,0.439837446783,0.39620135794,0.335449749504,0.310970823149,0.194797451724,0.2001078678,0.165667960847,0.150654481898,0.188095482788,0.223997616466,0.191995013371,0.229938782188,0.227013584171,0.0826831357727,0.287689745143,0.412072005021,0.500773027675,0.441982103709,0.672981178695
6120294870,0.658608938427,0.661204591309,0.674429050418,0.674139364951,0.673688989402,0.670615305128,0.674309303203,0.636238078688,0.672635640263,0.512820729354,0.659562172171,0.0,0.661306453044,0.657507801915,0.638695600902,0.365120158555,0.280454661791,0.662301611082,0.605844552032,0.625165302036,0.633253650264,0.67275610566,0.640885656649,0.666766971458,0.620555560821,0.624231554344,0.673773380045,0.665220825245,0.668512782602,0.664238737001,0.662080906916,0.663078131489,0.666292399578,0.661207982354,0.661801180935,0.616891535987,0.660387295828,0.606148387442,0.662946176295,0.527068933836,0.655123538896,0.644685331136
6120294980,0.168392205974,0.186872984491,0.559432378815,0.565502994828,0.516369535152,0.61426440087,0.51906668816,0.134208325583,0.291612376883,0.337953726206,0.0711630978118,0.661306453044,0.0,0.166230169613,0.157041680337,0.470307524241,0.668495488884,0.135469466794,0.196770029206,0.659108342338,0.211308464758,0.674474145136,0.203604889847,0.429564256173,0.382856277518,0.332306541227,0.253220468953,0.164197389023,0.0970000144993,0.0589650854045,0.0415688754891,0.0691215303325,0.0991056855204,0.0833484555539,0.127970716338,0.228882375445,0.0378730894187,0.278283812726,0.390052606207,0.502508691484,0.429185178457,0.666827309461
6120294990,0.148856593135,0.182789750939,0.541809989097,0.626649955457,0.612043958697,0.599275319332,0.609078302636,0.0340346666207,0.318958569727,0.304468536255,0.249316638284,0.657507801915,0.166230169613,0.0,0.0261794228089,0.461233929905,0.663889051152,0.376305033191,0.193040430009,0.60276018877,0.209128367199,0.658434170475,0.232026502523,0.399321056298,0.312993501896,0.313700730708,0.284661772832,0.275363486089,0.132002413133,0.10225608831,0.0883327693918,0.0708934155047,0.0710680949334,0.0523029783957,0.0157531613832,0.188639643062,0.263679834465,0.289829321733,0.553363517638,0.515296207768,0.502136379054,0.586001059097
6120295000,0.121213020483,0.151386401291,0.532965830265,0.605029840939,0.58387376286,0.596264337914,0.594432556225,0.0045819432094,0.307655107801,0.230540228399,0.213453265774,0.638695600902,0.157041680337,0.0261794228089,0.0,0.39979379259,0.648794193611,0.357713034158,0.115785179036,0.571697584872,0.161643633151,0.658484049071,0.227823156398,0.391812831685,0.277435144242,0.281094673779,0.285683190638,0.255292609511,0.144850771183,0.111637261776,0.0977709025415,0.0946342655418,0.114964760169,0.0785957624047,0.0563828002925,0.145103733658,0.244505519928,0.205480840698,0.527334031656,0.461902846856,0.49147949794,0.578985996007
6120295140,0.407397646428,0.424423776815,0.616370580305,0.641963609612,0.632699862139,0.650012281382,0.641042452556,0.374999659482,0.527264659353,0.0673977876119,0.479254780087,0.365120158555,0.470307524241,0.461233929905,0.39979379259,0.0,0.604044803653,0.565141131901,0.462344118094,0.631077185286,0.501308380973,0.674474903675,0.550040916046,0.604738278876,0.605092833049,0.58846879828,0.527848424767,0.496800876479,0.469730891929,0.452705325424,0.451052985812,0.458938441026,0.477777033328,0.460067937467,0.466713486962,0.480362986765,0.510796935339,0.34094914031,0.649323918712,0.583287360479,0.651396014822,0.666143215608
6120295300,0.66943589265,0.670653071522,0.67124016935,0.673784777101,0.674042390099,0.66140326055,0.673962486586,0.648849042762,0.674418701271,0.60037361101,0.668288281223,0.280454661791,0.668495488884,0.663889051152,0.648794193611,0.604044803653,0.0,0.667835804789,0.616001048093,0.521707927859,0.650561914041,0.656307809665,0.641412555992,0.674100343999,0.596499171733,0.61268157956,0.673362111903,0.671213194955,0.673819196796,0.671151119326,0.668504339548,0.669328474191,0.671537547752,0.667120668977,0.667868587221,0.624953190245,0.667608160413,0.589064356159,0.662139630255,0.271552020771,0.647305311289,0.552691594972
6120297930,0.388049807084,0.402249605534,0.640056349128,0.588965155537,0.542637150638,0.651384840061,0.575175347362,0.3364461428,0.453835530081,0.476263566306,0.170969421083,0.662301611082,0.135469466794,0.376305033191,0.357713034158,0.565141131901,0.667835804789,0.0,0.223437683872,0.674079851975,0.288248128619,0.671917527236,0.174365112479,0.483525380573,0.402143458636,0.304510601438,0.364346993439,0.316675837152,0.261194219928,0.249214260421,0.197476093231,0.23279631315,0.247791464336,0.254956904012,0.327862671564,0.222150545804,0.0403585916682,0.398819542221,0.142924766382,0.520282517331,0.266605337457,0.674464352984
6120299270,0.243340892674,0.26073301023,0.583340002834,0.575331150028,0.539539287161,0.628285757519,0.585146472403,0.122505940112,0.401056827051,0.315552948309,0.194345470623,0.605844552032,0.196770029206,0.193040430009,0.115785179036,0.462344118094,0.616001048093,0.223437683872,0.0,0.589600206263,0.0805221595441,0.663742942339,0.0879443885097,0.344309613282,0.172279692883,0.123179565695,0.372147010863,0.318258417586,0.276553051547,0.251189120974,0.212562434432,0.238760908053,0.268519564661,0.214663168299,0.223506699152,0.0159478111484,0.188461692953,0.251852689843,0.345157610995,0.406827692356,0.317448051031,0.594123984199
6120300440,0.648389412139,0.656065035744,0.672373224837,0.663166030477,0.660373125177,0.662181852531,0.671086640724,0.572930850764,0.673676290523,0.59016609783,0.667061548899,0.625165302036,0.659108342338,0.60276018877,0.571697584872,0.631077185286,0.521707927859,0.674079851975,0.589600206263,0.0,0.618108891743,0.594756998802,0.638259782869,0.649538820659,0.564072376375,0.615160825869,0.672894176313,0.661366722219,0.658166140072,0.647372789346,0.639307419164,0.636427683503,0.64075356479,0.626479792832,0.61840791001,0.605617056673,0.66943290445,0.314709330382,0.67390462848,0.191925920316,0.67155403274,0.33559216122
6120300910,0.231568445763,0.247809798119,0.55989409702,0.573732020237,0.540739261737,0.607311114759,0.581999855306,0.157296084987,0.372219333989,0.369829114179,0.218580436422,0.633253650264,0.211308464758,0.209128367199,0.161643633151,0.501308380973,0.650561914041,0.288248128619,0.0805221595441,0.618108891743,0.0,0.657172560877,0.176870536884,0.155065131908,0.200410437006,0.210168443323,0.356964380338,0.323134362276,0.260729333858,0.239378535869,0.216763076129,0.234423253837,0.259248218605,0.220641887638,0.224265570264,0.129884039297,0.228667062891,0.352254828972,0.435587605572,0.520447945847,0.421872411737,0.561715046826
6120300920,0.672728151376,0.673686943394,0.673127972911,0.665159724659,0.662390674273,0.670433383743,0.671174288582,0.660125493722,0.674336890956,0.672349686788,0.674005626477,0.67275610566,0.674474145136,0.658434170475,0.658484049071,0.674474903675,0.656307809665,0.671917527236,0.663742942339,0.594756998802,0.657172560877,0.0,0.663770011604,0.527083904078,0.460578522143,0.621797811606,0.67441547163,0.673884985451,0.672767916319,0.671664717626,0.67114800027,0.669438062556,0.668969759494,0.66730656022,0.662511331473,0.669288024489,0.672731814546,0.67138401281,0.674428973463,0.638506071843,0.665870990921,0.242198905608
6120301070,0.326547228082,0.344338325254,0.620000926174,0.601018887972,0.568583933225,0.647536974164,0.597821280887,0.221890651309,0.448412789128,0.43205041384,0.217475799484,0.640885656649,0.203604889847,0.232026502523,0.227823156398,0.550040916046,0.641412555992,0.174365112479,0.0879443885097,0.638259782869,0.176870536884,0.663770011604,0.0,0.405696409142,0.212782691613,0.10635325798,0.395582715592,0.343965059165,0.298288538337,0.273493743931,0.215915696169,0.235938462995,0.253084687912,0.199992119566,0.216779365567,0.0797174851485,0.167107716918,0.361134152204,0.286304826847,0.449972268308,0.240187138492,0.617577784997
6120301180,0.441708433979,0.450987944898,0.6139767399,0.627686828136,0.612770358709,0.638871927294,0.628875861283,0.395015832381,0.513186496346,0.541578720088,0.439837446783,0.666766971458,0.429564256173,0.399321056298,0.391812831685,0.604738278876,0.674100343999,0.483525380573,0.344309613282,0.649538820659,0.155065131908,0.527083904078,0.405696409142,0.0,0.371627269826,0.426577780465,0.505061784598,0.488854636269,0.449001788682,0.436299880161,0.423612637852,0.428742665161,0.439409391107,0.417440834731,0.411121491553,0.378651235135,0.445119972868,0.557449641231,0.571417054913,0.64771332601,0.56457011092,0.594720764339
6120301240,0.423677668403,0.440758198479,0.639767717062,0.640131208173,0.6245354135,0.661062306219,0.635335431937,0.289559086937,0.529735061092,0.503326025756,0.39620135794,0.620555560821,0.382856277518,0.312993501896,0.277435144242,0.605092833049,0.596499171733,0.402143458636,0.172279692883,0.564072376375,0.200410437006,0.460578522143,0.212782691613,0.371627269826,0.0,0.0838310441147,0.493127298866,0.45575625067,0.421275615903,0.401730425485,0.368192291867,0.379486461655,0.395299223804,0.35320154726,0.345364541503,0.201205058258,0.385920582265,0.441167367623,0.379917941662,0.396893825796,0.282093253542,0.333724420209
6120301800,0.415349807786,0.430747139313,0.64132216632,0.624224645489,0.599673758114,0.660630430346,0.622117144608,0.288142052842,0.519515992382,0.483663079095,0.335449749504,0.624231554344,0.332306541227,0.313700730708,0.281094673779,0.58846879828,0.61268157956,0.304510601438,0.123179565695,0.615160825869,0.210168443323,0.621797811606,0.10635325798,0.426577780465,0.0838310441147,0.0,0.471655523385,0.429083569841,0.402478177899,0.384918162964,0.340462798348,0.361036833387,0.37955144444,0.331741520219,0.335459133719,0.125795255201,0.302453823733,0.403428263711,0.258618100597,0.402109440292,0.116953551052,0.536502729896
6121074790,0.264554100775,0.295828663884,0.522769824856,0.642382601247,0.626990861436,0.55320183163,0.637349230948,0.266653916857,0.366010005448,0.41364219043,0.310970823149,0.673773380045,0.253220468953,0.284661772832,0.285683190638,0.527848424767,0.673362111903,0.364346993439,0.372147010863,0.672894176313,0.356964380338,0.67441547163,0.395582715592,0.505061784598,0.493127298866,0.471655523385,0.0,0.0723715480113,0.0993298650537,0.193997742399,0.251470851751,0.247059478907,0.246854612994,0.270630186399,0.263645056402,0.409088534049,0.29104498141,0.372883534793,0.534008358534,0.584014554134,0.554901687075,0.673179851202
6121075480,0.247736874251,0.253836235975,0.559318616149,0.596622343081,0.562294890529,0.618428876765,0.585092382582,0.241044430996,0.342893452173,0.398302665826,0.194797451724,0.665220825245,0.164197389023,0.275363486089,0.255292609511,0.496800876479,0.671213194955,0.316675837152,0.318258417586,0.661366722219,0.323134362276,0.673884985451,0.343965059165,0.488854636269,0.45575625067,0.429083569841,0.0723715480113,0.0,0.182232434079,0.148025841649,0.170473579052,0.219248471892,0.265525697095,0.23037596413,0.263633494906,0.35130702231,0.216904282417,0.355285165889,0.517402645629,0.548644068766,0.531661548567,0.666346345625
6121075780,0.147692216593,0.183152405732,0.514700281451,0.632892144435,0.611974386017,0.564645723792,0.613002491619,0.123365992433,0.278724816306,0.327021305327,0.2001078678,0.668512782602,0.0970000144993,0.132002413133,0.144850771183,0.469730891929,0.673819196796,0.261194219928,0.276553051547,0.658166140072,0.260729333858,0.672767916319,0.298288538337,0.449001788682,0.421275615903,0.402478177899,0.0993298650537,0.182232434079,0.0,0.0227066348172,0.0698532934829,0.0813362992276,0.0805599883857,0.106092392077,0.100705806903,0.320930756542,0.15894204923,0.289524166307,0.495233855349,0.541094573124,0.515636763565,0.660844284659
6121076240,0.116659867103,0.146105955813,0.514645573288,0.618112459126,0.593686744805,0.573613461198,0.594837905074,0.0922227702472,0.249148071103,0.309214450755,0.165667960847,0.664238737001,0.0589650854045,0.10225608831,0.111637261776,0.452705325424,0.671151119326,0.249214260421,0.251189120974,0.647372789346,0.239378535869,0.671664717626,0.273493743931,0.436299880161,0.401730425485,0.384918162964,0.193997742399,0.148025841649,0.0227066348172,0.0,0.0257789063532,0.0375433771754,0.0627168375248,0.0587587281783,0.0729505154722,0.294236678902,0.137443724368,0.274836419699,0.495279067185,0.524871446321,0.509042444116,0.652763628116
6121076560,0.129313487417,0.154168783538,0.534447697937,0.611769473682,0.587664904662,0.594795711424,0.590687879223,0.0812935632409,0.274068831012,0.306667222737,0.150654481898,0.662080906916,0.0415688754891,0.0883327693918,0.0977709025415,0.451052985812,0.668504339548,0.197476093231,0.212562434432,0.639307419164,0.216763076129,0.67114800027,0.215915696169,0.423612637852,0.368192291867,0.340462798348,0.251470851751,0.170473579052,0.0698532934829,0.0257789063532,0.0,0.011880421796,0.036832219807,0.0220816498266,0.0565650413657,0.246848208042,0.109119998643,0.269642941326,0.445768124277,0.511775211205,0.457092352172,0.644872676068
6121076880,0.128491312397,0.159328151763,0.530410557665,0.622683892718,0.603625612346,0.588222756404,0.600701428106,0.0797335270001,0.275155321041,0.313040307236,0.188095482788,0.663078131489,0.0691215303325,0.0708934155047,0.0946342655418,0.458938441026,0.669328474191,0.23279631315,0.238760908053,0.636427683503,0.234423253837,0.669438062556,0.235938462995,0.428742665161,0.379486461655,0.361036833387,0.247059478907,0.219248471892,0.0813362992276,0.0375433771754,0.011880421796,0.0,0.0132136901042,0.00989441972326,0.036958704878,0.272871132023,0.147128331572,0.285858656009,0.471472055303,0.523269851949,0.47513092097,0.638471849977
6121077050,0.153903372347,0.190739759556,0.537629443303,0.635143782209,0.620176149731,0.590260001975,0.613144030696,0.0981872673878,0.300472782798,0.334176988169,0.223997616466,0.666292399578,0.0991056855204,0.0710680949334,0.114964760169,0.477777033328,0.671537547752,0.247791464336,0.268519564661,0.64075356479,0.259248218605,0.668969759494,0.253084687912,0.439409391107,0.395299223804,0.37955144444,0.246854612994,0.265525697095,0.0805599883857,0.0627168375248,0.036832219807,0.0132136901042,0.0,0.0243837900824,0.0277460290534,0.301392880991,0.173053512133,0.311562076938,0.475715510096,0.539412127758,0.478540184257,0.638305916915
6121077410,0.135371921956,0.164269389059,0.53870216075,0.620442274847,0.602201029442,0.597045890202,0.600554923081,0.0687558083926,0.289969906766,0.312808179383,0.191995013371,0.661207982354,0.0833484555539,0.0523029783957,0.0785957624047,0.460067937467,0.667120668977,0.254956904012,0.214663168299,0.626479792832,0.220641887638,0.66730656022,0.199992119566,0.417440834731,0.35320154726,0.331741520219,0.270630186399,0.23037596413,0.106092392077,0.0587587281783,0.0220816498266,0.00989441972326,0.0243837900824,0.0,0.0204336372892,0.240331640658,0.164987824166,0.287973557594,0.477174032176,0.517967338879,0.452414464533,0.625086024588
6121077580,0.138680667275,0.174208220179,0.537078923063,0.62908179926,0.614375886323,0.59381558272,0.609029995862,0.0519387481174,0.302013632968,0.313637203654,0.229938782188,0.661801180935,0.127970716338,0.0157531613832,0.0563828002925,0.466713486962,0.667868587221,0.327862671564,0.223506699152,0.61840791001,0.224265570264,0.662511331473,0.216779365567,0.411121491553,0.345364541503,0.335459133719,0.263645056402,0.263633494906,0.100705806903,0.0729505154722,0.0565650413657,0.036958704878,0.0277460290534,0.0204336372892,0.0,0.246448641094,0.222699308938,0.298019356985,0.531623948388,0.526775720512,0.483340179021,0.607315022732
6121078140,0.295900913641,0.311720956554,0.604320415023,0.589270478094,0.556889974034,0.642345321868,0.597253509767,0.165201831118,0.442018093362,0.3474680912,0.227013584171,0.616891535987,0.228882375445,0.188639643062,0.145103733658,0.480362986765,0.624953190245,0.222150545804,0.0159478111484,0.605617056673,0.129884039297,0.669288024489,0.0797174851485,0.378651235135,0.201205058258,0.125795255201,0.409088534049,0.35130702231,0.320930756542,0.294236678902,0.246848208042,0.272871132023,0.301392880991,0.240331640658,0.246448641094,0.0,0.205444665664,0.285080618606,0.332708189923,0.431417001639,0.290829243577,0.613879989424
6121078240,0.28186786467,0.300139293109,0.616881759832,0.56318175135,0.508922392224,0.636602882772,0.53706007496,0.222073860333,0.370551813784,0.396622298224,0.0826831357727,0.660387295828,0.0378730894187,0.263679834465,0.244505519928,0.510796935339,0.667608160413,0.0403585916682,0.188461692953,0.66943290445,0.228667062891,0.672731814546,0.167107716918,0.445119972868,0.385920582265,0.302453823733,0.29104498141,0.216904282417,0.15894204923,0.137443724368,0.109119998643,0.147128331572,0.173053512133,0.164987824166,0.222699308938,0.205444665664,0.0,0.32306015725,0.268330337167,0.5044485116,0.341719066342,0.673561809795
6121078850,0.225013410795,0.246487802619,0.556007903799,0.590828795845,0.565652772197,0.607812084176,0.597519667701,0.179899842235,0.388954321063,0.174839841574,0.287689745143,0.606148387442,0.278283812726,0.289829321733,0.205480840698,0.34094914031,0.589064356159,0.398819542221,0.251852689843,0.314709330382,0.352254828972,0.67138401281,0.361134152204,0.557449641231,0.441167367623,0.403428263711,0.372883534793,0.355285165889,0.289524166307,0.274836419699,0.269642941326,0.285858656009,0.311562076938,0.287973557594,0.298019356985,0.285080618606,0.32306015725,0.0,0.53427849805,0.228077307399,0.533338119735,0.623227812889
6121079400,0.577778443306,0.584595828082,0.671878630128,0.642547179865,0.616777050308,0.672621690118,0.636228112189,0.522371874162,0.602683594283,0.60640475428,0.412072005021,0.662946176295,0.390052606207,0.553363517638,0.527334031656,0.649323918712,0.662139630255,0.142924766382,0.345157610995,0.67390462848,0.435587605572,0.674428973463,0.286304826847,0.571417054913,0.379917941662,0.258618100597,0.534008358534,0.517402645629,0.495233855349,0.495279067185,0.445768124277,0.471472055303,0.475715510096,0.477174032176,0.531623948388,0.332708189923,0.268330337167,0.53427849805,0.0,0.529082535916,0.104971780551,0.673415429845
6121079720,0.508334424135,0.515823633342,0.644724475308,0.6412235809,0.62852264011,0.663404999353,0.646017915815,0.457652767613,0.579304511542,0.521041125555,0.500773027675,0.527068933836,0.502508691484,0.515296207768,0.461902846856,0.583287360479,0.271552020771,0.520282517331,0.406827692356,0.191925920316,0.520447945847,0.638506071843,0.449972268308,0.64771332601,0.396893825796,0.402109440292,0.584014554134,0.548644068766,0.541094573124,0.524871446321,0.511775211205,0.523269851949,0.539412127758,0.517967338879,0.526775720512,0.431417001639,0.5044485116,0.228077307399,0.529082535916,0.0,0.495049504649,0.534147309189
6121079740,0.572768396815,0.580660861901,0.671784894688,0.651620260933,0.633285421789,0.673817921792,0.646605528261,0.493435067461,0.611482044935,0.603654967811,0.441982103709,0.655123538896,0.429185178457,0.502136379054,0.49147949794,0.651396014822,0.647305311289,0.266605337457,0.317448051031,0.67155403274,0.421872411737,0.665870990921,0.240187138492,0.56457011092,0.282093253542,0.116953551052,0.554901687075,0.531661548567,0.515636763565,0.509042444116,0.457092352172,0.47513092097,0.478540184257,0.452414464533,0.483340179021,0.290829243577,0.341719066342,0.533338119735,0.104971780551,0.495049504649,0.0,0.649532208283
6121080100,0.662050962561,0.667193099132,0.669026477167,0.651076749119,0.645492183577,0.657331224975,0.66682717255,0.590273145619,0.674480972295,0.646020883084,0.672981178695,0.644685331136,0.666827309461,0.586001059097,0.578985996007,0.666143215608,0.552691594972,0.674464352984,0.594123984199,0.33559216122,0.561715046826,0.242198905608,0.617577784997,0.594720764339,0.333724420209,0.536502729896,0.673179851202,0.666346345625,0.660844284659,0.652763628116,0.644872676068,0.638471849977,0.638305916915,0.625086024588,0.607315022732,0.613879989424,0.673561809795,0.623227812889,0.673415429845,0.534147309189,0.649532208283,0.0
