,6120277420,6120278290,6120279370,6120279550,6120282210,6120282300,6120285110,6120285270,6120285280,6120286590,6120287640,6120288900,6120289420,6120289820,6120289950,6120290440,6120290550,6120291220,6120292470,6120292600,6120293210,6120294010,6120294330,6120294870,6120294980,6120294990,6120295000,6120295140,6120295300,6120297930,6120298080,6120299270,6120300440,6120300910,6120300920,6120301070,6120301170,6120301180,6120301240,6120301420,6120301800,6121068100,6121068690,6121068970,6121069060,6121069120,6121069370,6121069470,6121069680,6121069930,6121070030,6121070490,6121070850,6121071110,6121071140,6121071360,6121071730,6121071790,6121071940,6121072170,6121072610,6121073080,6121073420,6121073430,6121073870,6121074210,6121074290,6121074350,6121074670,6121074790,6121075480,6121075780,6121076020,6121076240,6121076560,6121076880,6121077050,6121077410,6121077580,6121078140,6121078240,6121078850,6121079400,6121079720,6121079740,6121080100
6120277420,0.0,29.692677623057754,54.65910127962192,62.1200948486575,50.27361845898929,27.433139235691424,48.43192951495415,39.24842097793258,36.529995833893096,51.431457942838,56.39991411903172,77.80376015172534,105.78419135045597,115.37875201758372,59.40854201347665,57.283317789630495,64.42242790001822,64.49793685331247,91.11132849417145,117.44012623724001,67.10147643052015,130.6474570859353,74.16763309078802,144.2693488378181,79.50557950686145,95.14180219055821,96.15186082824714,138.4567009193151,142.3487142378216,88.94789151640171,103.33521601351653,108.27162918812165,136.34447612404426,121.17905966780947,126.96018527557321,109.82744755139164,117.86882892125598,126.55264407901352,122.57959046901372,137.94500529274825,115.28069133551863,74.29040760211868,57.88604322852625,54.509434034577275,39.18443530219057,15.51532726469014,72.95325105812839,8.274800767814748,34.285782977173895,53.26124190521902,72.7046068557224,53.18087561572682,12.08535248483042,21.724437442881015,71.7200456122969,69.6041345601444,28.593271426043437,55.97571514113726,23.722192181038988,36.804231829687424,41.24244876256183,48.25435771400316,30.85295528146828,52.2556163711079,57.178165679784414,65.06510984474893,69.63221904201512,44.585950797065436,71.79247600944822,51.15770768041759,56.70084170088112,63.36758991202678,84.98159968582033,67.10809942959632,73.72297414763321,77.95759855144907,81.23825952070924,84.76789624327853,90.96486857071119,102.90347779080231,83.98684896837887,142.2212147125368,97.6444448889321,137.7356754484362,104.55938834134032,132.19326103651258
6120278290,29.692677623057754,0.0,25.464317659163314,34.057666965956706,26.23127594700766,29.263870395074527,29.000227572904926,49.41767242494597,53.59368449627937,40.90916686981562,47.24221386212647,100.71259073952832,131.33363959546838,140.77004065370718,51.45180800605882,57.71431133703128,61.05770919966296,63.178416942020746,112.69158148327702,142.83705536682004,67.34778836003112,155.33694441812102,77.62834663403811,168.47322678526203,85.48497603149498,112.87380496242506,116.81882135778467,162.79621444792164,164.9856601781964,98.66879239938788,112.8694718235572,127.31724809109691,156.05385766999518,139.4832538818033,144.64017004012643,123.19146262683633,129.85664540997521,143.84212877654073,138.06866574083668,152.86982807027047,129.30740348751206,48.29159468644227,32.242162353863186,26.156081939265228,14.21435182324838,18.012611267815526,44.89612289245881,22.903648386290822,7.423528683874284,24.380997145665585,43.15122316204142,23.496989319317418,38.59276387232325,48.163268560275824,42.029450878554606,40.72668682529782,55.1298710761743,28.39984405698957,14.721727531539793,62.06882379072306,65.73246633317684,72.33026158526728,37.039061935729514,75.5011681542876,80.47235688602912,88.35683285366382,92.747862847874,57.79846334165411,94.94398401854069,64.99040449754652,70.88039891252514,77.3340639694242,107.67713015945944,81.11798630226305,88.28722757835868,93.13187509140249,96.55467503253553,100.73803548715733,107.74803747037008,121.71209683643039,91.78429879884284,163.45529180158422,108.75308189669344,158.24477116689891,117.06412370406832,150.99006226124712
6120279370,54.65910127962192,25.464317659163314,0.0,10.164881974707352,16.251988545987253,44.634653387074046,24.64923706540224,63.497960476352844,71.05010274716655,41.14387754910157,46.72849220291276,118.91484396516056,151.0630572312128,160.2327241252563,50.96186994617592,63.20863099559794,62.72413421516641,66.23965933012649,129.50788147255926,162.2791962668562,71.06720614439584,173.9854873875325,82.67015276867379,186.53058571588386,91.7694990445572,126.67289776884385,132.7951409964851,181.0400621274283,181.67249572674976,106.92290340764498,120.18485226250439,141.7007144133046,170.3448051293867,152.94768154955946,157.4655692021404,133.14257993851592,138.44813279472447,156.36311863638952,149.25867764403063,163.20864252837563,139.57599371259474,38.272314915506975,28.238168304233422,17.9427146104448,25.29928168309703,43.31449215417715,30.216343100863988,48.32121327500744,24.308084178019417,15.206677933689106,21.967300854507478,6.019876559265046,62.05983242533433,70.91426066091691,18.526182779591853,15.313243883293671,77.55412323822398,7.86021909334299,33.91190946469772,83.41663484466237,86.42421268256325,92.43624826710943,51.87533431472276,94.90947507581683,99.68874954480047,107.25873706505449,111.36460780024632,72.392056545855,113.51325338142382,79.08715401212211,84.59809270150576,90.32464065470222,125.51071367552507,93.83509699748727,100.89820893005239,105.89598913121824,109.23332345289552,113.69549318395606,121.01119766238145,136.0666064285535,98.9957256775067,178.93306222183145,117.53439148149035,173.1798092692706,126.57131971293909,164.60796542381883
6120279550,62.1200948486575,34.057666965956706,10.164881974707352,0.0,15.572180686963195,48.0764997236098,23.465354973857323,65.3199771081042,74.06024527750786,38.969381499248385,43.7072549965695,121.46007957855129,154.17286315753861,163.14568011586317,47.63006350779846,61.56421727200596,59.589365471002395,63.49955077232863,131.2659207741818,165.1704884158544,68.3992688279219,176.38984539816823,80.16357088493483,188.56741175351158,89.53664388391914,127.05182053512503,134.11985631195296,183.19810583871924,183.03043807200558,105.20144001858611,117.90261916962488,142.20615783534478,170.61336680346457,152.94982812829016,157.15055064003087,131.79236487021006,136.48717860731833,155.92098832223442,148.29064980002215,161.78018839308834,138.29811875656583,44.43834475860136,36.97722269370688,26.989471352818,35.43149631635108,52.06979188223947,35.13422962105772,56.453016851293235,33.99310905243875,24.517992029457506,23.743343716866576,15.784876223299792,68.30722330836903,76.56513817500245,18.299563423937958,8.599351355176534,82.90183360332584,6.2758065605248605,39.76025178832689,88.06260027981874,90.66857118281655,96.28052862148512,54.596221766132246,98.35729026413286,102.9718610228434,110.28601431540224,114.19953692569833,74.10681947517752,116.30049597819726,80.39297518619497,85.60125134508003,90.88617571794158,127.80726115239756,94.20766417241494,101.09644751808189,106.08015096908265,109.33087881373913,113.85327373935262,121.21333407332172,136.60675582753302,96.98872215531107,179.7141046154663,115.87725814735002,173.73297015871518,125.10521136588527,164.6023211049591
6120282210,50.27361845898929,26.23127594700766,16.251988545987253,15.572180686963195,0.0,32.89890753133538,8.48922101050012,49.74792946650936,58.59847145108307,24.92496983774022,30.481344362936024,105.89752420088531,138.6581345844931,147.60409986946414,34.73097261482955,47.18696348703435,46.47230337361079,50.005046941773145,115.71485397733514,149.62628793166974,54.84430197011923,160.81796199030055,66.48062170169747,173.0043434341924,75.64114651470531,111.77782554935484,118.62317445080063,167.62928418360826,167.54229821197129,90.9488021085333,104.06789897915331,126.90235005351578,155.3988088234655,137.82383571311036,142.1566950614423,117.32270871594406,122.4240463522598,140.98319464415368,133.6113821223038,147.37531802648698,123.78920109868952,54.37451048202336,42.879665294175005,32.70511932939202,33.78801488120683,43.102934793271515,46.46503865490278,45.93954053202006,29.52509866200338,29.804434503067313,37.329291882163844,21.148079925147883,54.80049524514124,62.40564719599106,32.74446982470526,24.156988686666224,68.45678221776176,10.193132254899307,26.726689495241313,73.15145980257431,75.55359917877658,80.99557123902187,39.134807079883295,82.9511052769235,87.52077229764552,94.78039426319832,98.66503920012076,58.54005474670292,100.75965830174812,64.86697471007263,70.12959152131806,75.52407697192577,112.23538143552979,78.90502950452513,85.8589900725164,90.85298475389293,94.1377303260957,98.64291323292736,105.99373930089068,121.28955014280783,82.9297176456575,164.34843490930783,101.59095395825588,158.42874698367012,110.70252003756836,149.48499020244884
6120282300,27.433139235691424,29.263870395074527,44.634653387074046,48.0764997236098,32.89890753133538,0.0,27.24297867334205,20.243993836849953,26.418488704188672,24.686389250039902,29.139401849357384,74.30853888053122,106.47646653195315,115.61081709707966,31.992285128927254,31.452402145462464,37.52190322928201,38.19855403732291,85.2460461108768,117.65500441094665,41.47549879433652,129.37709380428385,50.32354075831281,142.01967065931194,57.342062146610154,84.03669329004096,88.88513900338424,136.490182716665,137.56549812673447,69.71845893134619,84.03846947248975,98.71117611347479,127.48166858226273,110.6244600304201,115.64043096612035,93.93970823310002,100.71350086874811,114.78163276008056,108.83519666694686,123.60775034328213,100.04436187219409,76.56092915703216,61.06455136713648,53.50538672832071,43.4712193789605,31.863975459700477,71.6029323346945,28.858337170309113,36.68462330959413,51.117314696221435,66.33512115571743,46.32843154411665,25.61724760479958,30.929204895983776,63.13653476681256,56.62892226388456,36.25955711887898,42.007365205649855,14.589384839340871,40.32174051688065,42.656104916224386,48.20854575223541,7.839032258846247,50.40682390089834,55.121696882515224,62.63563018227108,66.72999252996286,28.865060397381534,68.87957085177017,35.979694284091295,41.82034480470722,48.17151186336944,80.96773975295187,51.93191015073491,59.11159168687471,63.99469405752728,67.41487997199029,71.65970788906442,78.75629335991724,93.07950500550315,63.187749475760455,135.38080244888127,79.6478089751739,129.92135260180567,87.84834039443824,122.19639021689616
6120285110,48.43192951495415,29.000227572904926,24.64923706540224,23.465354973857323,8.48922101050012,27.24297867334205,0.0,42.32005201847989,51.82056955328973,16.499540068064004,22.253799063315675,98.55274743776299,131.53232358105114,140.35908230536154,26.570947892219536,38.69870507874433,38.16338332370814,41.60000598129311,107.9883423922126,142.36709106676204,46.41975171974088,153.31211970602064,58.02560728362916,165.33112547690243,67.16190325261917,103.59224400324128,110.72618930010661,160.01022691379075,159.62056706558653,82.46132024615086,95.58722955333197,118.74277961061581,147.1710114647368,129.5410201710828,133.8122033398452,108.85267962041713,113.93487501057479,132.6173742010498,125.17489090549923,138.90118568252456,115.32442712756136,62.54453041468675,50.351609712751156,40.3823509179867,39.150523638532235,43.886690157139135,54.856131505298215,45.40893284053679,33.90010964108783,37.48771275312019,45.801448656357714,29.22247472863893,51.1487563367635,57.84890363956377,41.117008589002815,31.8896167994039,63.460381890689575,18.580477082329708,24.856627550627373,67.43885161611823,69.48177295414897,74.56904862255617,32.531655419512184,76.23612099219103,80.67023368979378,87.73787358437205,91.49745133393934,50.97733620742712,93.55836809445155,57.075200064021345,62.19560185607008,67.42386810224873,104.7529000346692,70.74300801803813,77.64266936613812,82.62953384233327,85.89091382216935,90.40831383416271,97.76631404769266,113.14209094441875,74.44172919287736,156.24957139858614,93.10547252699877,150.27014514574776,102.22534514981326,141.19838125682097
6120285270,39.24842097793258,49.41767242494597,63.497960476352844,65.3199771081042,49.74792946650936,20.243993836849953,42.32005201847989,0.0,11.591807896599477,31.587158250600034,32.17160012650868,56.233833905993066,89.26195510476329,98.04324381841755,32.42183648975585,21.712988932369523,30.84568589960029,29.04541681584113,66.07912048117511,100.0491046283951,30.10676944436353,111.07455657461031,35.25185995843127,123.28991840222206,40.26435868656018,63.86890488324637,69.30224086279024,117.89154923602203,118.17546382289036,50.71052681751123,65.15609477349203,78.64677628691561,107.40661976975883,90.4318836648259,95.40583222353796,74.00743127039448,81.111317321022,94.53870685476683,88.65463632767107,103.51127210156305,80.0187085486082,96.74905060120066,81.30847359565519,73.63270054627036,63.58884470549501,48.98146470504507,91.51605892516368,44.028840748196885,56.82013055257416,71.18132282590123,85.44289461620916,65.85568103927551,30.902597930751437,29.517558780651395,81.74041930075471,73.89734879451588,31.055229877315096,59.6720456604498,34.696364660468035,30.529331855479473,30.67455435273475,34.079511230523764,12.40777310614705,34.8302566558865,38.88661240402252,45.60038006190563,49.23384764719498,8.894531375707656,51.272190016779604,15.803996806432018,21.595334593849298,27.932731548396006,62.4932286599688,31.704491432367877,38.87952395791768,43.75231688348844,47.17314759108915,51.41738289787716,58.53092975158115,73.00794996883445,45.03299983437098,115.57496846207107,60.206155786148294,109.9769260711047,68.07115497441345,102.02417979339097
6120285280,36.529995833893096,53.59368449627937,71.05010274716655,74.06024527750786,58.59847145108307,26.418488704188672,51.82056955328973,11.591807896599477,0.0,42.69015437918632,43.67844563087736,47.90385371241658,80.15518758445434,89.2305791455646,44.01348945884043,32.52040130097448,41.860071608818004,39.57070914248039,59.20334170465847,91.27033740797278,39.8397914589593,102.96567885282236,42.661018231993516,115.67233264719616,45.621710917509624,59.9319967464214,63.22534831297011,110.11573863120422,111.55316317066712,52.92236348753144,67.17004285623261,73.97678330646175,102.6279159895851,86.43830437821931,91.88244565444522,73.34581989351572,81.33934083994404,91.27185757799609,86.56494853357087,101.82440161589486,78.89788104565265,101.82281816653449,85.8315544200429,79.12271352800157,67.3078269982841,49.11574202641981,97.54443765861808,43.0049522534823,60.74184584629745,76.90293621022876,92.73564923022133,72.64886448694051,25.77495183764196,21.077232591676335,89.5422696561322,82.65528433614739,20.747865131375768,68.13203224658115,39.29131892551072,19.03427745749829,19.109197719264607,22.999511829511118,19.466587869626682,24.415964339606823,28.922472569075772,36.27172862255419,40.31816154042189,9.577116029966316,42.46352221664657,14.90602244926699,20.211833772367335,26.847617973648862,54.62141317401227,30.57840876026225,37.2426076034467,41.605716318824776,44.94362850607119,48.68870430452219,55.249233205944215,68.4173512822727,48.84488843460217,109.86165371093071,61.22458318758118,104.68976950299226,68.02949839483966,97.80580906611313
6120286590,51.431457942838,40.90916686981562,41.14387754910157,38.969381499248385,24.92496983774022,24.686389250039902,16.499540068064004,31.587158250600034,42.69015437918632,0.0,6.358762360551309,86.55662687616066,119.90021761910666,128.3538347727566,10.67772173933745,22.59833571236538,21.750315489399576,25.100653421517674,94.76660700083929,130.3134221539285,29.9237410754139,140.53007030650238,41.560632863532575,152.03806745203812,50.77033390874718,88.8599936039095,96.95089121638736,146.88654848557152,145.6061290983318,66.26605059571678,79.19552057889155,104.05405973857697,132.17881618670805,114.37506604807584,118.39495494224505,92.82382076408602,97.64423781195843,117.1120134599328,109.34240417294392,122.82145140882606,99.32873741582533,78.97199950895431,66.2862305753236,56.53731747953774,53.23856583680315,51.78412765725634,71.35491264015431,51.03648938481765,47.18826954723075,53.6649028605678,62.03859209133458,45.65291108441723,50.1993700818041,54.36308189453231,57.092166817404035,46.94357036850003,58.612765205557494,34.77260504973304,31.08568383977086,60.60516147144554,61.62230608283644,65.58979135749432,25.897135404509328,66.40739552511184,70.3600817322594,76.75488127712988,80.09992220371275,39.25510040474071,82.0369301050146,44.29861364761485,48.7668850079772,53.270039945593716,92.29394761023,56.304649466883355,62.92586056275359,67.85134448819882,71.00016718041547,75.54431090780244,82.89858091693183,98.51385023237103,58.12889761361486,141.6820914152663,76.93614288777424,135.51378177327283,86.14224300669798,125.99906118092002
6120287640,56.39991411903172,47.24221386212647,46.72849220291276,43.7072549965695,30.481344362936024,29.139401849357384,22.253799063315675,32.17160012650868,43.67844563087736,6.358762360551309,0.0,85.29952367241711,118.67982863965472,126.89168394458453,4.371521610613899,18.760254001168363,16.018845464828807,19.79353881278227,92.69577680116225,128.81716781140804,24.692282503504703,138.57342177266676,36.45718053750369,149.73727611369702,45.85822041262361,85.71925858032995,94.49417200691151,144.70364287287913,142.83842894738947,61.67526630787672,74.1974565668672,100.89044837228231,128.70007355207144,110.78567039449818,114.57018648221741,88.39391561391069,92.8185787063388,113.20620425190829,105.11376862534473,118.27615960517389,94.92717494312255,84.78755433197988,72.40629798885918,62.56233924758547,59.588732755158,57.67171267230838,76.92652278953145,56.55476498692197,53.54691223169375,59.67706670671883,67.14373903755721,51.47172537007596,54.15141170640453,57.410695276388715,61.97892837187098,51.32661574027722,61.083362924616985,39.99948938377784,37.01409339310663,62.2382763555403,62.78542923174004,66.16487560424167,28.866472911566728,66.54553661839186,70.1965663071069,76.15855755368992,79.24063945247828,38.90656512718888,81.09066089812471,43.1067050320398,47.012256724453444,50.884558164793845,90.72076589264688,53.646834119689,59.96317725866698,64.79488032997871,67.82363308406092,72.36198928975264,79.67298385607002,95.41759160932541,53.361149182558066,138.52126823517384,72.35045894482305,132.21873292503253,81.65603211484921,122.35613155231326
6120288900,77.80376015172534,100.71259073952832,118.91484396516056,121.46007957855129,105.89752420088531,74.30853888053122,98.55274743776299,56.233833905993066,47.90385371241658,86.55662687616066,85.29952367241711,0.0,33.383105950761234,41.85601587907198,83.8422200173698,68.03236889301196,76.11246377113403,71.95569174248715,14.233236255672804,43.84492780328451,68.97470503305003,55.07101557823971,62.640500952607944,67.83745662255825,57.29070552358158,27.42122175217208,20.40427104873245,62.23637728500718,64.64686494823741,49.49456037446773,56.82331550577266,34.313960940936916,59.83724470018452,47.37078354075572,53.808230609659475,49.97624547609781,59.57185413660216,54.159417355839814,54.476634318135694,69.18162060380466,52.18961270464756,148.9673791030484,132.72144419728693,126.63605713747344,113.85661690749194,92.81495505218481,145.2075386095011,85.7874404159298,107.56448298818093,124.52637911130029,140.63820076191809,120.5409827761529,65.75209906964103,56.17293933912604,137.3774219180576,130.05312436220262,49.66375136498906,115.68837902532661,86.87144177138458,41.14639080145518,36.58179124227957,29.564870157000875,67.09349466841515,25.616539141018492,20.64467948514938,12.740780454133843,8.171567658678446,47.653181366121096,6.028161689003172,42.28511493758254,38.431409532767766,36.08085565482991,7.183771705633621,34.83396135865097,32.06702758425471,30.034359647433025,29.899723602416486,28.448074658850107,28.08656580062996,30.23137286291302,53.45545597619395,64.56252279420234,49.13547878095244,60.505095024089776,48.93058977905628,56.93296847087996
6120289420,105.78419135045597,131.33363959546838,151.0630572312128,154.17286315753861,138.6581345844931,106.47646653195315,131.53232358105114,89.26195510476329,80.15518758445434,119.90021761910666,118.67982863965472,33.383105950761234,0.0,9.618217849975295,117.17640208908186,101.27607788823147,109.12697860197221,104.87339191842092,29.465584579175164,11.667376726200935,101.61402223587558,25.47261045293757,94.21444703208631,39.522495212160294,87.61296527525641,45.87842046811336,32.051907896148,33.649853063929854,41.87770681785848,76.45578797504112,79.05758707019537,39.78994123354798,49.10179034261229,47.28117158350321,52.92868126054031,65.79878317060142,73.94961039772387,54.541168551417684,60.923588860548335,71.25148100738002,64.59202629703545,179.15565985523898,162.7434595773313,157.47705189513454,143.76267274181,121.2576522119937,176.19569042751436,114.0352680496214,137.8089752769736,155.55401819643663,172.5269889638885,152.26839451811466,94.19072496286307,84.26327434581381,169.58525611244463,162.77188364810556,77.25903990319738,148.28123056538197,118.16305528652144,69.50007729221657,65.61802255214175,59.031358252533224,99.59267133216935,56.190721509582715,51.37486876073901,43.890342852368455,40.035495271202095,80.84691520350836,37.99113901917391,75.65886671896574,71.75801036565028,68.92890846924308,28.422903084368762,67.17135197380517,62.99744643710402,59.619798163805044,58.168938836604845,54.910029710263636,50.48228042990867,40.49848602528057,82.40324489113115,46.96405786514009,72.3178324477044,46.544879965574765,68.0954538874829,50.61015118361675
6120289820,115.37875201758372,140.77004065370718,160.2327241252563,163.14568011586317,147.60409986946414,115.61081709707966,140.35908230536154,98.04324381841755,89.2305791455646,128.3538347727566,126.89168394458453,41.85601587907198,9.618217849975295,0.0,125.2164446963399,109.1832344980295,116.75472872460156,112.42635791696777,35.61353940748434,2.068442172553921,108.96409798562921,16.07741687545747,100.99069107345014,30.14566497886817,93.88984669445338,50.23943323330446,36.72608600534775,24.308862803109946,33.901749702603624,81.70959216348201,82.78877905225714,41.41788319859236,44.614908116619986,46.34482782338459,51.2629664534327,68.15995129165216,75.56030194429292,53.13788319854463,60.88663712839436,69.4277592813019,66.05069119630684,188.66027145644316,172.25705047913274,166.9009538094563,153.27757846585004,130.84494734285477,185.60728511661713,123.62583904803977,147.290239641048,164.95126950253024,181.77191433347727,161.54093889763877,103.75858987553458,93.83421273639871,178.74519953282245,171.74435935936225,86.83860891682815,157.30267790241803,127.4944225348932,79.02934675096839,75.0919109031697,68.44160681472047,108.61946622046572,65.47157485656503,60.60001297662983,52.97536863548254,48.950964421832296,89.50594602618449,46.845251320896914,84.05561268112722,79.88147898322727,76.61126020013965,36.182362655505,74.57722451772113,69.87325575011837,66.12102329435416,64.31830432239782,60.68411072844933,55.45605746854145,43.368570129539656,88.22254780260553,40.381704864136445,76.52339360969303,41.18228635805431,71.2962402482046,47.42831293919882
6120289950,59.40854201347665,51.45180800605882,50.96186994617592,47.63006350779846,34.73097261482955,31.992285128927254,26.570947892219536,32.42183648975585,44.01348945884043,10.67772173933745,4.371521610613899,83.8422200173698,117.17640208908186,125.2164446963399,0.0,16.212940180420564,11.959520882565108,16.007018594383275,90.67723136431151,127.11696874438428,20.8954164345122,136.56050972166622,32.66026918743894,147.49168260948989,42.143019448844356,83.01848681818352,92.21855729265631,142.5382592781764,140.3005479290107,58.11361543118221,70.37254576681535,98.14792757753072,125.72880822441597,107.76300454333429,111.3988353653361,84.88469583039185,89.07344086424976,109.98673245987668,101.70707140849953,114.67332617850941,91.42745715887784,89.07668950485134,76.77011507468198,66.91038935839009,63.91303915655595,61.402893358230685,81.13561751708639,59.98329025872622,57.83184167465442,64.0229066993002,71.17690931873955,55.772297216700665,56.436638029204495,59.042972698538144,65.9259830154819,55.073196690499806,62.2923095657825,44.12117396584107,40.82726794101805,62.85956278157883,63.07877113266696,66.03395092846108,30.774306681949106,66.11233527062502,69.53841358526078,75.17941994671882,78.07146826626196,38.38812636472326,79.8562119581805,41.94555991045785,45.4193547691348,48.82520886092855,89.03703193855293,51.38316365319583,57.46016672304602,62.20907603239911,65.14779686146667,69.66788528463901,76.93121491250653,92.72682364845693,49.711869177604044,135.73953849335115,68.77066673466275,129.35843251338795,78.1218276756819,119.28912531995174
6120290440,57.283317789630495,57.71431133703128,63.20863099559794,61.56421727200596,47.18696348703435,31.452402145462464,38.69870507874433,21.712988932369523,32.52040130097448,22.59833571236538,18.760254001168363,68.03236889301196,101.27607788823147,109.1832344980295,16.212940180420564,0.0,9.398615875880843,7.450697772406303,74.4970266996046,111.06710119513876,10.023104155024587,120.37238089109093,20.051287375285607,131.27974808280212,28.67401328357739,66.973041540227,76.0068253274954,126.32649697600797,124.16255755142639,43.7633964711716,57.01929704559654,82.13751898110884,109.95695304513747,92.06270594998998,95.93237497533507,70.23886495216132,75.24809564966807,94.60920432595421,86.74782329740194,100.25627999239596,76.7376282903301,100.35629228273561,86.64951629943126,77.42329289881371,71.4524587071141,63.3039385960271,93.27673930740917,60.072447192376494,64.8489462802678,74.63036656236319,84.48285520324586,67.26010210989678,51.16100784916891,51.08642903961372,79.64384774252058,69.52035774855378,52.7315056948685,57.21904872977649,44.410628652109494,51.4452498970485,50.74260206620345,52.57894978174684,26.432297054834002,51.99294509654004,54.93869653853621,59.998045025782524,62.60865261987241,24.854109057328003,64.3037545140332,26.867535431259256,29.64630190007746,32.663288607903155,73.02747039538205,35.17098232857309,41.29127165045908,46.08203745587448,49.08008211539312,53.614966902449986,60.91807132935121,76.6752095911969,35.7912740302974,119.76468540113508,54.41361137941656,113.45880600754022,63.573531677863734,103.65024039921538
6120290550,64.42242790001822,61.05770919966296,62.72413421516641,59.589365471002395,46.47230337361079,37.52190322928201,38.16338332370814,30.84568589960029,41.860071608818004,21.750315489399576,16.018845464828807,76.11246377113403,109.12697860197221,116.75472872460156,11.959520882565108,9.398615875880843,0.0,4.51553253678922,81.63301870442329,118.59432566700852,9.151833217371792,127.34993073361795,20.809667662199214,137.7927969335321,30.343415221125316,72.63494698701176,82.62643462069889,133.00653674747454,130.06336272683905,46.44404956011203,58.4558627723732,87.63290136763818,114.77246311855905,96.75207635900199,100.15692191542627,73.23318997160715,77.1993870069935,98.67774391977166,90.1595340515482,102.90532075105806,79.78002679705773,100.6987114279769,87.96707212642593,78.27701421005202,74.17759176280718,68.8527701133948,92.93204602326499,66.37227146302334,67.83285177131116,75.40859863718515,83.11853476383948,67.3743656304481,59.303480725557215,59.93787463108606,77.88461065425713,67.0033340010533,61.900142703000206,56.01261504875603,48.94737928865575,60.82009163092446,60.14037539015164,61.8929251608693,33.82470967943751,61.176173223723445,63.9571346826463,68.70191936896624,71.09036086455363,34.23352165739722,72.69653484660711,35.85648513340954,38.05760303504477,40.20051374282462,80.7427397763958,42.2198969648129,47.6675395878734,52.18961654447767,54.91982193818199,59.37055143456089,66.49987551450369,82.32336619156894,37.962301457970916,125.0804724983172,57.06083515102982,118.57680230826985,66.44997963231762,108.19236359445206
6120291220,64.49793685331247,63.178416942020746,66.23965933012649,63.49955077232863,50.005046941773145,38.19855403732291,41.60000598129311,29.04541681584113,39.57070914248039,25.100653421517674,19.79353881278227,71.95569174248715,104.87339191842092,112.42635791696777,16.007018594383275,7.450697772406303,4.51553253678922,0.0,77.23568549882597,114.25545516409949,4.90167964247135,122.91352766295854,16.674928693397007,133.30699946908496,26.136485131079912,68.12054503848422,78.16109459661013,128.53554084271923,125.54988688099503,42.136504851835454,54.41293118418035,83.1175546898677,110.28236822968653,92.26651458333627,95.7087362302324,68.920819660845,73.0773647511174,94.24421764509205,85.8000167430779,98.67204560438473,75.46631246299262,104.01613949846076,90.93985152587116,81.39742485030165,76.58896499732985,69.91370044658767,96.45360129595797,66.9950637783152,70.12384800172747,78.54979526209941,86.91267037575307,70.7171523845287,58.593229078687095,58.4910031119884,81.77220642824282,71.0519914482484,59.9768430004131,59.71630960317224,50.4801096463426,58.34250041586881,57.372344622904045,58.733697813997196,33.66062949566931,57.78268120699712,60.365139572271595,64.85336506794415,67.1113851635848,31.395586528541212,68.6719185616235,32.34101300275117,34.13798649097442,35.95273041771734,76.46885598341132,37.858187015735,43.202996465574444,47.698986141544566,50.41370165563265,54.860125863493295,61.98499897513826,77.80827420550106,33.709059293472265,120.56970196797936,52.78150611600534,114.07215259767612,62.148183393157254,103.71952880833017
6120292470,91.11132849417145,112.69158148327702,129.50788147255926,131.2659207741818,115.71485397733514,85.2460461108768,107.9883423922126,66.07912048117511,59.20334170465847,94.76660700083929,92.69577680116225,14.233236255672804,29.465584579175164,35.61353940748434,90.67723136431151,74.4970266996046,81.63301870442329,77.23568549882597,0.0,37.31893744349867,73.59521582218478,45.8875954652081,65.38230278841955,57.35762929167596,58.35365017460872,17.897983232505442,6.46593832338685,52.12688070659187,52.35364524956157,47.04444569742874,50.821019268934386,20.458838646947793,45.730848256135225,33.305927832756296,39.78837771047858,40.2491807839551,49.49477137906662,40.274335578046106,41.663909474389605,55.80987979154029,41.110493302366486,160.97288150291052,144.87898390360144,138.32604274838127,126.16246651388728,105.86634439435565,156.71794138655443,98.95177765301648,119.72322092948792,136.0959696762588,151.406243924294,131.5586522367374,79.02649966860537,69.66088485726071,147.81182951791197,139.80590015076527,63.359927115633894,125.71766736650291,98.49334703251338,54.785967809312474,50.1188848972036,43.14887437573746,77.71013750688147,38.91317943702094,34.09993359073421,26.49746472987707,22.00872550822375,57.2142053078948,20.042684675307804,50.91560305584859,46.021385854561224,41.854820353136034,7.8858560091786645,39.43960017270864,34.327994975070325,30.508532428619773,28.803659064690237,25.444566169352562,21.438940715846158,17.14491101570723,52.95898493858451,51.15492852006223,43.648870624499274,46.679790851456715,40.88746303639858,42.699732726599684
6120292600,117.44012623724001,142.83705536682004,162.2791962668562,165.1704884158544,149.62628793166974,117.65500441094665,142.36709106676204,100.0491046283951,91.27033740797278,130.3134221539285,128.81716781140804,43.84492780328451,11.667376726200935,2.068442172553921,127.11696874438428,111.06710119513876,118.59432566700852,114.25545516409949,37.31893744349867,0.0,110.76242298875886,14.216754073494048,102.6998108407141,28.25912751249372,95.52016016765188,51.60934982794822,38.20441169852998,22.44962029409601,32.52386802242065,83.17525852109593,83.97938379550472,42.333911596963674,44.16582595664399,46.710970224560434,51.44557490926532,69.11709649891502,76.35545641743288,53.370219103180844,61.38286202627417,69.515290359993,66.83654216160635,190.72871312372928,174.32544073201836,168.9673359560045,155.34594595898525,132.9079084719502,187.6729997277908,125.68813300307337,149.3585153037541,167.01629245076057,183.82527239028911,163.59697216395153,105.82417599209877,95.89941231924014,180.79036529413867,173.7688702218363,88.90264920797928,159.33330369539826,129.55552874501157,81.09725517151311,77.16022147961225,70.50822195421831,110.65278258953174,67.53097075772531,62.65572062863003,55.02063485056877,50.98165935584141,91.49794237683416,48.87077741610284,86.01490749583897,81.80499465097344,78.47342183867535,38.09741580546619,76.39971124809321,71.61860969974121,67.81165797422933,65.95512829342842,62.26565511293574,56.91552517094363,44.50433770946905,89.77958040940293,39.395803566261804,77.80952770572884,40.526113059215554,72.40620865457441,47.28255036634335
6120293210,67.10147643052015,67.34778836003112,71.06720614439584,68.3992688279219,54.84430197011923,41.47549879433652,46.41975171974088,30.10676944436353,39.8397914589593,29.9237410754139,24.692282503504703,68.97470503305003,101.61402223587558,108.96409798562921,20.8954164345122,10.023104155024587,9.151833217371792,4.90167964247135,73.59521582218478,110.76242298875886,0.0,119.10165342054562,11.773690898734742,129.27146413079618,21.251430592833387,63.860778389304215,74.25600499938665,124.57679685535766,121.28831120974856,37.30208979149861,49.51128300651182,78.7716993776961,105.72355879630652,87.69292693622411,91.03659264170663,64.09134255805958,68.18061420995477,89.5450668980002,81.00810466497035,93.80326370260391,70.63797133139539,108.76701321031122,95.5478392890305,86.07662497979489,80.91132997355811,73.32555459766472,101.2754794297507,70.06337409093906,74.38410406567021,83.23925638854816,91.79857158230058,75.48816377974728,60.47787366061199,59.59490837630935,86.6695854074011,75.95134317419517,60.51824072495478,64.59025577806368,54.30409175110614,58.19351394399096,56.83320047911918,57.61331328062236,36.29448263130798,56.297132219221005,58.53263423624147,62.53588611914318,64.5285610597609,31.051054998838968,65.98995811833404,30.892507683836588,31.882963456968394,32.89678675767312,73.19156782350913,34.44562591119814,39.362399921862774,43.70003476490609,46.288465566782044,50.68035288755083,57.71614457371114,73.52128640112763,28.843291707099922,116.13127938904977,47.93122531710417,109.58510617335266,57.31155860989599,99.1047098320859
6120294010,130.6474570859353,155.33694441812102,173.9854873875325,176.38984539816823,160.81796199030055,129.37709380428385,153.31211970602064,111.07455657461031,102.96567885282236,140.53007030650238,138.57342177266676,55.07101557823971,25.47261045293757,16.07741687545747,136.56050972166622,120.37238089109093,127.34993073361795,122.91352766295854,45.8875954652081,14.216754073494048,119.10165342054562,0.0,110.16940915083329,14.072055298232634,102.28668485859377,56.8980734949629,44.90232954165211,8.234596027958595,20.048328970486057,88.59698281592767,87.11620699551383,44.62957877091788,36.93453386646201,44.86709621354771,48.101653686703656,70.72436510212424,76.60269442595379,50.28600224411423,59.84913191834518,64.94851610484324,67.22832666852165,203.43145099959202,187.07631258265087,181.3946150979099,168.1180184655779,146.0531615970413,200.041761017013,138.86078795586263,162.00671506152204,179.35900528897716,195.70065697423186,175.57545986658968,118.89015198689111,108.99635445461865,192.4431201568054,184.9710373846824,102.05676537796931,170.6792097239379,141.75730807683968,94.04582787018101,89.93028416258835,83.12066906219432,122.15003726641008,79.83690875610164,74.8743197450493,67.03436569171276,62.74700411022595,102.33801790450424,60.56970251347125,96.41212110513878,91.76585744957337,87.7416528209512,48.58258550822604,85.25682075691857,79.74639413084164,75.46939938474976,73.14761176429715,69.03515557023837,62.77200048027479,48.28740970714465,95.92814839376322,28.95869883348377,81.81051141754645,32.13734523484596,75.1093414329916,41.907824934878434
6120294330,74.16763309078802,77.62834663403811,82.67015276867379,80.16357088493483,66.48062170169747,50.32354075831281,58.02560728362916,35.25185995843127,42.661018231993516,41.560632863532575,36.45718053750369,62.640500952607944,94.21444703208631,100.99069107345014,32.66026918743894,20.051287375285607,20.809667662199214,16.674928693397007,65.38230278841955,102.6998108407141,11.773690898734742,110.16940915083329,0.0,119.72672987564326,9.552463140255915,53.96302426825669,65.29532707470804,115.24384187550658,111.16600369367396,25.748273086205252,37.74060016862755,68.53859801755716,94.8360500564137,76.79508360215752,79.86181117482879,52.5068394897148,56.41352186980345,78.29817277915778,69.5148429151863,82.1007953510518,59.05149410816132,120.18565702705934,106.66576094037006,97.3559414176101,91.45484986185637,82.02039007895641,112.85464509244304,78.07108943975287,84.82006409356975,94.5430745892591,103.52611608733154,86.9698522900863,66.12249809944294,63.5556515861602,98.426634313143,87.7240591815123,63.18974476378378,76.29431701951219,63.9942835573407,59.32297754036202,57.0712041861357,56.402678995993966,44.10273231977397,54.20557293672849,55.48321831776731,58.11139519912582,59.35193510945411,33.12305955157002,60.517988050202135,30.320974605579387,29.056707890791532,27.624439889488443,65.9881369204651,27.937305067675204,31.217282645812496,34.90384356310498,37.0278544103482,41.17040608316869,47.84558414937667,63.48095667569627,17.20053162015747,105.54982898656455,36.30172616101431,98.88412885936292,45.712729522050914,88.07529712160148
6120294870,144.2693488378181,168.47322678526203,186.53058571588386,188.56741175351158,173.0043434341924,142.01967065931194,165.33112547690243,123.28991840222206,115.67233264719616,152.03806745203812,149.73727611369702,67.83745662255825,39.522495212160294,30.14566497886817,147.49168260948989,131.27974808280212,137.7927969335321,133.30699946908496,57.35762929167596,28.25912751249372,129.27146413079618,14.072055298232634,119.72672987564326,0.0,111.36655139715685,65.79394357670925,55.27316604075508,5.880350046772282,13.563221492218394,96.79038774264556,93.43237997148715,51.91182011651788,35.66314838467861,48.57325861403569,50.062025197074526,76.14917522206648,80.61361616462572,52.34371162782902,62.84905225238798,64.60127961084136,71.69549407921669,216.6668274400741,200.35612566734002,194.45263292594336,181.42702228530325,159.62411044451082,213.04164169300856,152.45450898137324,175.23715238688692,192.3589759214546,208.343210859269,188.31766905560738,132.43850007877722,122.57602754416519,204.92333367409495,197.12126202355256,115.67949585364808,182.96195181933294,154.70769612787413,107.56398475160685,103.35420239465896,96.47305467413643,134.65548225794484,93.0228976797553,88.03290497624603,80.12260347749455,75.72892507321488,114.46590378909748,73.53439620230398,108.26728127440393,103.35027862670559,98.87352775166514,61.05482208813468,96.12203027263905,90.15852200693818,85.60974377966451,82.99191467216914,78.65742082001903,71.88810407012497,56.46887454970467,104.59392301155154,24.312597491918183,88.97258948854738,30.05505917690823,81.34679854858994,42.26064269531901
