,6120277420,6120278290,6120279370,6120279550,6120282210,6120282300,6120285110,6120285270,6120285280,6120286590,6120287640,6120288900,6120289420,6120289820,6120289950,6120290440,6120290550,6120291220,6120292470,6120292600,6120293210,6120294010,6120294330,6120294870,6120294980,6120294990,6120295000,6120295140,6120295300,6120297930,6120298080,6120299270,6120300440,6120300910,6120300920,6120301070,6120301170,6120301180,6120301240,6120301420,6120301800,6121068100,6121068690,6121068970,6121069060,6121069120,6121069370,6121069470,6121069680,6121069930,6121070030,6121070490,6121070850,6121071110,6121071140,6121071360,6121071730,6121071790,6121071940,6121072170,6121072610,6121073080,6121073420,6121073430,6121073870,6121074210,6121074290,6121074350,6121074670,6121074790,6121075480,6121075780,6121076020,6121076240,6121076560,6121076880,6121077050,6121077410,6121077580,6121078140,6121078240,6121078850,6121079400,6121079720,6121079740,6121080100
6120277420,0.0,21.489398956299993,155.9915962222,112.59459304820001,559.9595832822,203.5265998842,619.8176155092,297.28160476719995,33.55440139769999,470.62858963020005,1167.7025642392,430.2505989072,41.7289009094,42.10499954219999,1217.2025642392,114.1906013492,945.9225959792001,945.9225959792001,541.7236213682,42.10499954219999,633.7316169742,207.4146003722,1001.4425544692,2883.5425300592,929.7476081852001,500.8265876772,586.1666145322,719.3386116032,4062.5325202992003,1393.0226325991998,44.9099016189,1474.0026130692,8946.7327156092,1313.3425788892,4533.0227546692,1808.8025398292,23.105602264400005,4533.0227546692,2651.3125495892,12.621295928999999,2258.8225593592,24.8649024963,0.9335021973000011,77.69559097319998,4.2781982421999984,1.981800079300001,30.9970970154,1.0628967285000002,109.97459793120001,110.2775917052,76.4095954892,121.25960159319999,98.5486030582,161.8595924382,93.3895912172,187.3815956112,164.4986000062,306.83058548019994,94.60260391220001,317.96159744219995,317.96159744219995,360.37959671019996,260.50960159320005,641.5145759582,641.5145759582,530.7905769352001,565.4216194152,259.8246040342,565.4216194152,183.0775947572,673.5126228332,432.80958938619995,525.0955696102001,556.6456184392,666.1506233212,587.1085700992,495.5085945132,621.0126228332,481.9766120912001,1374.6526374792,1150.0925788892,283.2566108702,2000.2126960791998,4201.5227546692,2247.2625007592,6921.102832799201
6120278290,21.489398956299993,0.0,134.5021972659,91.10519409190002,538.4701843258999,182.03720092790002,598.3282165528999,275.7922058109,12.065002441399997,449.13919067390003,1146.2131652829,408.7611999509,20.239501953100003,20.615600585899998,1195.7131652829,92.7012023929,924.4331970229,924.4331970229,520.2342224119,20.615600585899998,612.2422180179001,185.9252014159,979.9531555128999,2862.0531311029004,908.2582092289001,479.3371887209,564.6772155758999,697.8492126469,4041.0431213429006,1371.5332336428999,66.3993005752,1452.5132141129,8925.243316652899,1291.8531799329,4511.5333557129,1787.3131408729,44.5950012207,4511.5333557129,2629.8231506329003,8.868103027299995,2237.3331604029004,46.3543014526,22.422901153599994,56.20619201689999,17.211200714099995,23.471199035599994,9.507698059100008,20.426502227799993,88.48519897490002,88.7881927489,54.92019653290001,99.7702026369,77.05920410190001,140.3701934819,71.90019226090001,165.8921966549,143.0092010499,285.3411865239,73.11320495590002,296.4721984859,296.4721984859,338.8901977539,239.02020263690002,620.0251770018999,620.0251770018999,509.30117797890006,543.9322204589,238.3352050779,543.9322204589,161.5881958009,652.0232238768999,411.3201904299,503.60617065390005,535.1562194829,644.6612243648999,565.6191711429001,474.0191955569,599.5232238768999,460.48721313490006,1353.1632385229,1128.6031799329,261.7672119139,1978.7232971228998,4180.0333557129,2225.7731018029003,6899.6134338429
6120279370,155.9915962222,134.5021972659,0.0,43.39700317399999,403.96798706,47.53500366200001,463.82601928699995,141.29000854499998,122.43719482450001,314.636993408,1011.7109680170001,274.259002685,114.2626953128,113.88659668000001,1061.2109680170001,41.80099487300001,789.9309997570001,789.9309997570001,385.732025146,113.88659668000001,477.740020752,51.42300415,845.450958247,2727.5509338370002,773.756011963,344.83499145499997,430.17501831,563.3470153809999,3906.5409240770005,1237.031036377,200.9014978411,1318.011016847,8790.741119387,1157.3509826670002,4377.031158447,1652.8109436070001,179.0971984866,4377.031158447,2495.320953367,143.3703002932,2102.8309631370003,180.8564987185,156.9250984195,78.29600524900002,151.71339798,157.9733963015,124.9944992068,154.9286994937,46.01699829099999,45.714004517000006,79.582000733,34.73199462900001,57.442993164,5.8679962159999945,62.602005004999995,31.389999388999996,8.507003784000005,150.83898925799997,61.38899230999999,161.97000121999997,161.97000121999997,204.388000488,104.51800537100002,485.52297973599997,485.52297973599997,374.79898071300005,409.43002319299995,103.833007812,409.43002319299995,27.085998534999987,517.521026611,276.817993164,369.10397338800004,400.654022217,510.15902709899996,431.116973877,339.516998291,465.02102661099997,325.98501586900005,1218.661041257,994.1009826670002,127.26501464799998,1844.221099857,4045.531158447,2091.270904537,6765.111236577
6120279550,112.59459304820001,91.10519409190002,43.39700317399999,0.0,447.36499023399995,90.932006836,507.2230224609999,184.68701171899997,79.04019165050002,358.033996582,1055.1079711910002,317.65600585899995,70.86569213880001,70.48959350600002,1104.6079711910002,1.5960083009999835,833.328002931,833.328002931,429.12902832,70.48959350600002,521.137023926,94.82000732399999,888.8479614209999,2770.9479370110002,817.153015137,388.2319946289999,473.57202148399995,606.7440185549999,3949.9379272510005,1280.428039551,157.5044946671,1361.408020021,8834.138122560998,1200.7479858410002,4420.428161621,1696.2079467810001,135.70019531260002,4420.428161621,2538.717956541,99.97329711920001,2146.2279663110003,137.45949554450002,113.52809524550001,34.89900207500003,108.316394806,114.57639312750001,81.59749603280001,111.53169631970002,2.619995117000002,2.3170013430000154,36.18499755900001,8.665008544999978,14.04598999000001,49.264999389999986,19.205001831000004,74.78700256299999,51.904006958,194.23599243199996,17.991989136,205.36700439399996,205.36700439399996,247.78500366199998,147.915008545,528.9199829099999,528.9199829099999,418.195983887,452.8270263669999,147.230010986,452.8270263669999,70.48300170899998,560.9180297849999,320.214996338,412.500976562,444.05102539099994,553.5560302729999,474.513977051,382.91400146499996,508.41802978499993,369.382019043,1262.058044431,1037.4979858410002,170.66201782199997,1887.618103031,4088.928161621,2134.667907711,6808.5082397510005
6120282210,559.9595832822,538.4701843258999,403.96798706,447.36499023399995,0.0,356.432983398,59.85803222699997,262.677978515,526.4051818845,89.33099365199996,607.7429809570001,129.708984375,518.2306823728,517.85458374,657.2429809570001,445.76898193299996,385.96301269700007,385.96301269700007,18.235961913999972,517.85458374,73.77203369200004,352.54498291,441.482971187,2323.582946777,369.78802490300006,59.13299560500002,26.20703125,159.37902832099996,3502.572937017,833.0630493169999,604.8694849011,914.043029787,8386.773132327,753.3829956070001,3973.063171387,1248.842956547,583.0651855466,3973.063171387,2091.3529663070003,547.3382873532,1698.8629760770002,584.8244857784999,560.8930854795,482.263992309,555.68138504,561.9413833615,528.9624862667999,558.8966865537,449.984985351,449.68199157699996,483.549987793,438.69998168899997,461.410980224,398.099990844,466.56999206499995,372.57798767099996,395.460983276,253.12899780200001,465.35697937,241.99798584,241.99798584,199.579986572,299.44998168899997,81.55499267599998,81.55499267599998,29.169006346999936,5.46203613299997,300.134979248,5.46203613299997,376.881988525,113.55303955099998,127.14999389600001,34.86401367199994,3.313964843000008,106.19104003899997,27.148986817000036,64.45098876899999,61.05303955099998,77.98297119099993,814.693054197,590.1329956070001,276.702972412,1440.2531127969999,3641.563171387,1687.3029174770002,6361.143249517
6120282300,203.5265998842,182.03720092790002,47.53500366200001,90.932006836,356.432983398,0.0,416.29101562499994,93.75500488299997,169.97219848650002,267.101989746,964.1759643550001,226.72399902299998,161.79769897480003,161.42160034200003,1013.6759643550001,89.33599853500002,742.3959960950001,742.3959960950001,338.197021484,161.42160034200003,430.20501709,3.8880004879999888,797.915954585,2680.015930175,726.221008301,297.29998779299996,382.640014648,515.8120117189999,3859.005920415,1189.496032715,248.4365015031,1270.476013185,8743.206115725,1109.8159790050001,4329.496154785,1605.2759399450001,226.63220214860002,4329.496154785,2447.785949705,190.9053039552,2055.295959475,228.39150238050001,204.4601020815,125.83100891100003,199.248401642,205.5083999635,172.52950286880002,202.46370315570002,93.552001953,93.24900817900001,127.11700439500001,82.26699829100002,104.97799682600001,41.667007446000014,110.137008667,16.145004273000012,39.027999878,103.30398559599996,108.923995972,114.43499755799996,114.43499755799996,156.85299682599998,56.98300170900001,437.98797607399996,437.98797607399996,327.26397705100004,361.89501953099995,56.29800415,361.89501953099995,20.44900512700002,469.98602294899996,229.28298950199996,321.56896972600003,353.11901855499997,462.62402343699995,383.581970215,291.981994629,417.48602294899996,278.45001220700004,1171.126037595,946.5659790050001,79.73001098599997,1796.686096195,3997.996154785,2043.7359008750002,6717.576232915
6120285110,619.8176155092,598.3282165528999,463.82601928699995,507.2230224609999,59.85803222699997,416.29101562499994,0.0,322.536010742,586.2632141115,149.18902587899993,547.8849487300001,189.56701660199997,578.0887145997999,577.7126159669999,597.3849487300001,505.62701415999993,326.1049804700001,326.1049804700001,78.09399414099994,577.7126159669999,13.91400146500007,412.40301513699995,381.62493896,2263.72491455,309.9299926760001,118.99102783199999,33.65100097699997,99.520996094,3442.71490479,773.20501709,664.7275171281,854.18499756,8326.9151001,693.5249633800001,3913.20513916,1188.9849243200001,642.9232177736,3913.20513916,2031.4949340800001,607.1963195802,1639.0049438500002,644.6825180054999,620.7511177064999,542.122024536,615.539417267,621.7994155885,588.8205184937999,618.7547187806999,509.84301757799994,509.54002380399993,543.40802002,498.55801391599994,521.269012451,457.95802307099996,526.4280242919999,432.4360198979999,455.31901550299995,312.987030029,525.215011597,301.856018067,301.856018067,259.43801879899996,359.30801391599994,21.696960449000017,21.696960449000017,89.0270385739999,54.395996094,359.99301147499995,54.395996094,436.74002075199996,53.69500732400002,187.00802612299998,94.72204589899991,63.171997069999975,46.333007812000005,32.70904540999993,124.30902099599996,1.1950073240000165,137.8410034179999,754.8350219700001,530.2749633800001,336.561004639,1380.39508057,3581.70513916,1627.4448852500002,6301.28521729
6120285270,297.28160476719995,275.7922058109,141.29000854499998,184.68701171899997,262.677978515,93.75500488299997,322.536010742,0.0,263.7272033695,173.34698486300005,870.420959472,132.96899414,255.5527038578,255.176605225,919.920959472,183.09100341799999,648.640991212,648.640991212,244.44201660100003,255.176605225,336.45001220700004,89.86700439499998,704.1609497019999,2586.260925292,632.4660034180001,203.54498291,288.885009765,422.05700683599997,3765.2509155320004,1095.7410278319999,342.1915063861,1176.721008302,8649.451110842,1016.0609741220001,4235.741149902,1511.520935062,320.3872070316,4235.741149902,2354.030944822,284.66030883819997,1961.5409545920002,322.1465072635,298.21510696449997,219.586013794,293.003406525,299.26340484649995,266.2845077518,296.21870803869996,187.30700683599997,187.00401306199998,220.87200927799998,176.022003174,198.73300170899998,135.42201232899998,203.89201354999997,109.90000915599998,132.78300476099997,9.548980712999992,202.67900085499997,20.679992674999994,20.679992674999994,63.09799194300001,36.77200317399996,344.232971191,344.232971191,233.50897216800007,268.140014648,37.45700073299997,268.140014648,114.20401000999999,376.231018066,135.527984619,227.81396484300006,259.364013672,368.869018554,289.82696533200004,198.22698974600002,323.731018066,184.69500732400007,1077.371032712,852.8109741220001,14.024993897000002,1702.9310913119998,3904.241149902,1949.9808959920001,6623.821228032
6120285280,33.55440139769999,12.065002441399997,122.43719482450001,79.04019165050002,526.4051818845,169.97219848650002,586.2632141115,263.7272033695,0.0,437.07418823250003,1134.1481628415002,396.6961975095,8.174499511700006,8.5505981445,1183.6481628415002,80.6361999515,912.3681945815001,912.3681945815001,508.1692199705,8.5505981445,600.1772155765,173.8601989745,967.8881530715,2849.9881286615,896.1932067875,467.2721862795,552.6122131345,685.7842102054999,4028.9781189015002,1359.4682312015,78.4643030166,1440.4482116715,8913.1783142115,1279.7881774915002,4499.4683532715,1775.2481384315001,56.660003662099996,4499.4683532715,2617.7581481915,20.933105468699992,2225.2681579615,58.419303893999995,34.48790359499999,44.14118957549999,29.276203155499992,35.53620147699999,2.5573043822999892,32.49150466919999,76.42019653350002,76.7231903075,42.85519409150001,87.7052001955,64.99420166050001,128.3051910405,59.835189819500016,153.8271942135,130.94419860850002,273.2761840825,61.04820251450002,284.4071960445,284.4071960445,326.8251953125,226.95520019550003,607.9601745605,607.9601745605,497.23617553750006,531.8672180174999,226.27020263650002,531.8672180174999,149.5231933595,639.9582214355,399.2551879885,491.54116821250005,523.0912170414999,632.5962219235,553.5541687015,461.9541931155,587.4582214355,448.42221069350006,1341.0982360815,1116.5381774915002,249.7022094725,1966.6582946815,4167.9683532715,2213.7080993615,6887.5484314015
6120286590,470.62858963020005,449.13919067390003,314.636993408,358.033996582,89.33099365199996,267.101989746,149.18902587899993,173.34698486300005,437.07418823250003,0.0,697.0739746090001,40.37799072300004,428.89968872080004,428.52359008800005,746.5739746090001,356.437988281,475.29400634900003,475.29400634900003,71.09503173799999,428.52359008800005,163.103027344,263.213989258,530.8139648389999,2412.913940429,459.119018555,30.197998046999942,115.53802490199996,248.71002197299993,3591.903930669,922.3940429689999,515.5384912491,1003.374023439,8476.104125979,842.7139892590001,4062.3941650389997,1338.173950199,493.73419189460003,4062.3941650389997,2180.6839599590003,458.0072937012,1788.1939697290002,495.49349212650003,471.5620918275,392.93299865700004,466.35039138800005,472.61038970950005,439.63149261480004,469.5656929017,360.653991699,360.350997925,394.21899414100005,349.368988037,372.07998657200005,308.76899719200003,377.238998413,283.246994019,306.129989624,163.79800415000005,376.025985718,152.66699218800005,152.66699218800005,110.24899292000003,210.118988037,170.88598632799994,170.88598632799994,60.161987305000025,94.79302978499993,210.80398559600002,94.79302978499993,287.55099487300004,202.88403320299994,37.81900024400005,54.46697998000002,86.01702880899995,195.52203369099993,116.479980469,24.88000488299997,150.38403320299994,11.348022461000028,904.024047849,679.4639892590001,187.37197876000005,1529.5841064489998,3730.8941650389997,1776.6339111290001,6450.474243169
6120287640,1167.7025642392,1146.2131652829,1011.7109680170001,1055.1079711910002,607.7429809570001,964.1759643550001,547.8849487300001,870.420959472,1134.1481628415002,697.0739746090001,0.0,737.4519653320001,1125.9736633298,1125.597564697,49.5,1053.5119628900002,221.77996826000003,221.77996826000003,625.9789428710001,1125.597564697,533.9709472650001,960.2879638670001,166.26000977000012,1715.83996582,237.95495605400004,666.8759765620001,581.5359497070001,448.36395263600014,2894.8299560600003,225.32006835999982,1212.6124658581,306.3000488299999,7779.03015137,145.64001465,3365.32019043,641.09997559,1190.8081665036002,3365.32019043,1483.60998535,1155.0812683102001,1091.11999512,1192.5674667355001,1168.6360664365002,1090.0069732660002,1163.424365997,1169.6843643185,1136.7054672238,1166.6396675107,1057.727966308,1057.424972534,1091.29296875,1046.442962646,1069.153961181,1005.8429718010001,1074.312973022,980.3209686280001,1003.2039642330001,860.8719787590001,1073.0999603270002,849.740966797,849.740966797,807.3229675290002,907.1929626460001,526.1879882810001,526.1879882810001,636.911987304,602.2809448240001,907.8779602050001,602.2809448240001,984.6249694820001,494.1899414060001,734.8929748530002,642.606994629,611.0569458000001,501.5519409180001,580.5939941400001,672.1939697260001,546.6899414060001,685.725952148,206.95007323999994,17.609985349999988,884.4459533690001,832.5101318399998,3033.82019043,1079.55993652,5753.400268560001
6120288900,430.2505989072,408.7611999509,274.259002685,317.65600585899995,129.708984375,226.72399902299998,189.56701660199997,132.96899414,396.6961975095,40.37799072300004,737.4519653320001,0.0,388.5216979978,388.145599365,786.9519653320001,316.05999755799996,515.6719970720001,515.6719970720001,111.47302246100003,388.145599365,203.48101806700004,222.835998535,571.191955562,2453.291931152,499.49700927800006,70.57598876999998,155.916015625,289.08801269599996,3632.281921392,962.7720336919999,475.1605005261,1043.752014162,8516.482116702,883.0919799820001,4102.772155762,1378.551940922,453.3562011716,4102.772155762,2221.0619506820003,417.6293029782,1828.5719604520002,455.1155014035,431.1841011045,352.555007934,425.972400665,432.2323989865,399.2535018918,429.18770217869996,320.276000976,319.97300720199996,353.841003418,308.99099731399997,331.701995849,268.391006469,336.86100768999995,242.869003296,265.751998901,123.42001342700001,335.647994995,112.28900146500001,112.28900146500001,69.871002197,169.74099731399997,211.26397705099998,211.26397705099998,100.53997802800006,135.17102050799997,170.42599487299998,135.17102050799997,247.17300415,243.26202392599998,2.5589904789999878,94.84497070300006,126.39501953199999,235.90002441399997,156.85797119200004,65.25799560600001,190.76202392599998,51.72601318400007,944.402038572,719.8419799820001,146.993988037,1569.9620971719999,3771.272155762,1817.0119018520002,6490.852233892
6120289420,41.7289009094,20.239501953100003,114.2626953128,70.86569213880001,518.2306823728,161.79769897480003,578.0887145997999,255.5527038578,8.174499511700006,428.89968872080004,1125.9736633298,388.5216979978,0.0,0.37609863279999445,1175.4736633298,72.4617004398,904.1936950698,904.1936950698,499.99472045880003,0.37609863279999445,592.0027160648,165.68569946280002,959.7136535597999,2841.8136291498004,888.0187072758,459.0976867678,544.4377136228,677.6097106937999,4020.8036193898006,1351.2937316897999,86.6388025283,1432.2737121598,8905.0038146998,1271.6136779798,4491.2938537598,1767.0736389198,64.8345031738,4491.2938537598,2609.5836486798003,29.107604980399998,2217.0936584498004,66.5938034057,42.6624031067,35.96669006379999,37.4507026672,43.7107009887,10.731803893999995,40.666004180899996,68.24569702180001,68.5486907958,34.680694579800004,79.53070068379999,56.819702148800005,120.1306915288,51.66069030780001,145.6526947018,122.76969909680001,265.1016845708,52.87370300280001,276.2326965328,276.2326965328,318.6506958008,218.78070068380003,599.7856750487999,599.7856750487999,489.06167602580007,523.6927185057999,218.09570312480002,523.6927185057999,141.3486938478,631.7837219237999,391.0806884768,483.36666870080006,514.9167175297999,624.4217224117999,545.3796691898,453.7796936038,579.2837219237999,440.24771118180007,1332.9237365698,1108.3636779798,241.5277099608,1958.4837951697998,4159.7938537598,2205.5335998498003,6879.373931889801
6120289820,42.10499954219999,20.615600585899998,113.88659668000001,70.48959350600002,517.85458374,161.42160034200003,577.7126159669999,255.176605225,8.5505981445,428.52359008800005,1125.597564697,388.145599365,0.37609863279999445,0.0,1175.097564697,72.085601807,903.817596437,903.817596437,499.61862182600004,0.0,591.626617432,165.30960083000002,959.3375549269999,2841.437530517,887.642608643,458.721588135,544.06161499,677.2336120609999,4020.4275207570004,1350.9176330569999,87.0149011611,1431.897613527,8904.627716067,1271.237579347,4490.917755127,1766.697540287,65.2106018066,4490.917755127,2609.207550047,29.483703613199992,2216.717559817,66.9699020385,43.03850173949999,35.59059143099999,37.82680129999999,44.08679962149999,11.10790252679999,41.04210281369999,67.86959838900002,68.172592163,34.30459594700001,79.154602051,56.44360351600001,119.754592896,51.284591675000016,145.276596069,122.39360046400002,264.725585938,52.49760437000002,275.8565979,275.8565979,318.274597168,218.40460205100004,599.4095764159999,599.4095764159999,488.6855773930001,523.3166198729999,217.71960449200003,523.3166198729999,140.972595215,631.4076232909999,390.704589844,482.99057006800007,514.540618897,624.0456237789999,545.003570557,453.403594971,578.9076232909999,439.8716125490001,1332.547637937,1107.987579347,241.151611328,1958.1076965369998,4159.417755127,2205.157501217,6878.997833257001
6120289950,1217.2025642392,1195.7131652829,1061.2109680170001,1104.6079711910002,657.2429809570001,1013.6759643550001,597.3849487300001,919.920959472,1183.6481628415002,746.5739746090001,49.5,786.9519653320001,1175.4736633298,1175.097564697,0.0,1103.0119628900002,271.27996826000003,271.27996826000003,675.4789428710001,1175.097564697,583.4709472650001,1009.7879638670001,215.76000977000012,1666.33996582,287.45495605400004,716.3759765620001,631.0359497070001,497.86395263600014,2845.3299560600003,175.82006835999982,1262.1124658581,256.8000488299999,7729.53015137,96.14001465000001,3315.82019043,591.59997559,1240.3081665036002,3315.82019043,1434.10998535,1204.5812683102001,1041.61999512,1242.0674667355001,1218.1360664365002,1139.5069732660002,1212.924365997,1219.1843643185,1186.2054672238,1216.1396675107,1107.227966308,1106.924972534,1140.79296875,1095.942962646,1118.653961181,1055.3429718010002,1123.812973022,1029.8209686280002,1052.703964233,910.3719787590001,1122.5999603270002,899.240966797,899.240966797,856.8229675290002,956.6929626460001,575.6879882810001,575.6879882810001,686.411987304,651.7809448240001,957.3779602050001,651.7809448240001,1034.124969482,543.6899414060001,784.3929748530002,692.106994629,660.5569458000001,551.0519409180001,630.0939941400001,721.6939697260001,596.1899414060001,735.225952148,157.45007323999994,67.10998534999999,933.9459533690001,783.0101318399998,2984.32019043,1030.05993652,5703.900268560001
6120290440,114.1906013492,92.7012023929,41.80099487300001,1.5960083009999835,445.76898193299996,89.33599853500002,505.62701415999993,183.09100341799999,80.6361999515,356.437988281,1053.5119628900002,316.05999755799996,72.4617004398,72.085601807,1103.0119628900002,0.0,831.73199463,831.73199463,427.533020019,72.085601807,519.541015625,93.223999023,887.2519531199999,2769.3519287100003,815.557006836,386.63598632799994,471.97601318299996,605.1480102539999,3948.3419189500005,1278.83203125,159.1005029681,1359.81201172,8832.542114259999,1199.1519775400002,4418.83215332,1694.6119384800002,137.2962036136,4418.83215332,2537.12194824,101.5693054202,2144.6319580100003,139.0555038455,115.1241035465,36.49501037600001,109.91240310699999,116.1724014285,83.19350433379999,113.1277046207,4.2160034179999855,3.913009643999999,37.78100585999999,7.069000243999994,15.641998290999993,47.668991089,20.801010131999988,73.190994262,50.30799865700001,192.63998413099998,19.587997436999984,203.77099609299998,203.77099609299998,246.188995361,146.31900024400002,527.323974609,527.323974609,416.599975586,451.23101806599993,145.634002685,451.23101806599993,68.886993408,559.322021484,318.618988037,410.904968261,442.45501708999996,551.9600219719999,472.91796875,381.317993164,506.82202148399995,367.78601074200003,1260.4620361300001,1035.9019775400002,169.06600952099998,1886.02209473,4087.33215332,2133.0718994100002,6806.91223145
6120290550,945.9225959792001,924.4331970229,789.9309997570001,833.328002931,385.96301269700007,742.3959960950001,326.1049804700001,648.640991212,912.3681945815001,475.29400634900003,221.77996826000003,515.6719970720001,904.1936950698,903.817596437,271.27996826000003,831.73199463,0.0,0.0,404.19897461100004,903.817596437,312.19097900500003,738.5079956070001,55.51995848999991,1937.6199340800001,16.174987794000003,445.0960083020001,359.75598144700007,226.5839843760001,3116.6099243200006,447.10003661999986,990.8324975981001,528.08001709,8000.8101196299995,367.41998291000004,3587.10015869,862.87994385,969.0281982436001,3587.10015869,1705.38995361,933.3013000502001,1312.8999633800001,970.7874984755,946.8560981765,868.2270050060001,941.6443977370001,947.9043960585001,914.9254989638,944.8596992507,835.947998048,835.645004274,869.5130004900001,824.662994386,847.3739929210001,784.0630035410001,852.533004762,758.541000368,781.423995973,639.092010499,851.319992067,627.960998537,627.960998537,585.5429992690001,685.412994386,304.4080200210001,304.4080200210001,415.132019044,380.5009765640001,686.0979919450001,380.5009765640001,762.8450012220001,272.4099731460001,513.1130065930001,420.827026369,389.2769775400001,279.7719726580001,358.81402588000003,450.41400146600006,324.9099731460001,463.945983888,428.73004149999997,204.16998291000004,662.6659851090001,1054.2901000999998,3255.60015869,1301.33990478,5975.180236820001
6120291220,945.9225959792001,924.4331970229,789.9309997570001,833.328002931,385.96301269700007,742.3959960950001,326.1049804700001,648.640991212,912.3681945815001,475.29400634900003,221.77996826000003,515.6719970720001,904.1936950698,903.817596437,271.27996826000003,831.73199463,0.0,0.0,404.19897461100004,903.817596437,312.19097900500003,738.5079956070001,55.51995848999991,1937.6199340800001,16.174987794000003,445.0960083020001,359.75598144700007,226.5839843760001,3116.6099243200006,447.10003661999986,990.8324975981001,528.08001709,8000.8101196299995,367.41998291000004,3587.10015869,862.87994385,969.0281982436001,3587.10015869,1705.38995361,933.3013000502001,1312.8999633800001,970.7874984755,946.8560981765,868.2270050060001,941.6443977370001,947.9043960585001,914.9254989638,944.8596992507,835.947998048,835.645004274,869.5130004900001,824.662994386,847.3739929210001,784.0630035410001,852.533004762,758.541000368,781.423995973,639.092010499,851.319992067,627.960998537,627.960998537,585.5429992690001,685.412994386,304.4080200210001,304.4080200210001,415.132019044,380.5009765640001,686.0979919450001,380.5009765640001,762.8450012220001,272.4099731460001,513.1130065930001,420.827026369,389.2769775400001,279.7719726580001,358.81402588000003,450.41400146600006,324.9099731460001,463.945983888,428.73004149999997,204.16998291000004,662.6659851090001,1054.2901000999998,3255.60015869,1301.33990478,5975.180236820001
6120292470,541.7236213682,520.2342224119,385.732025146,429.12902832,18.235961913999972,338.197021484,78.09399414099994,244.44201660100003,508.1692199705,71.09503173799999,625.9789428710001,111.47302246100003,499.99472045880003,499.61862182600004,675.4789428710001,427.533020019,404.19897461100004,404.19897461100004,0.0,499.61862182600004,92.00799560600001,334.309020996,459.71893310099995,2341.818908691,388.02398681700004,40.89703369100005,44.44299316399997,177.61499023499994,3520.8088989310004,851.2990112309999,586.6335229871,932.278991701,8405.009094240999,771.6189575210001,3991.299133301,1267.078918461,564.8292236326,3991.299133301,2109.588928221,529.1023254392001,1717.0989379910002,566.5885238645,542.6571235655,464.02803039500003,537.445423126,543.7054214475,510.7265243528,540.6607246397,431.749023437,431.446029663,465.31402587900004,420.464019775,443.17501831000004,379.86402893,448.334030151,354.342025757,377.225021362,234.89303588800004,447.121017456,223.76202392600004,223.76202392600004,181.34402465800002,281.214019775,99.79095458999996,99.79095458999996,10.933044432999964,23.697998046999942,281.899017334,23.697998046999942,358.646026611,131.78900146499996,108.91403198200004,16.62805175799997,14.921997070999964,124.42700195299994,45.38494873100001,46.21502685500002,79.28900146499996,59.74700927699996,832.929016111,608.3689575210001,258.46701049800004,1458.4890747109998,3659.799133301,1705.5388793910001,6379.379211431
6120292600,42.10499954219999,20.615600585899998,113.88659668000001,70.48959350600002,517.85458374,161.42160034200003,577.7126159669999,255.176605225,8.5505981445,428.52359008800005,1125.597564697,388.145599365,0.37609863279999445,0.0,1175.097564697,72.085601807,903.817596437,903.817596437,499.61862182600004,0.0,591.626617432,165.30960083000002,959.3375549269999,2841.437530517,887.642608643,458.721588135,544.06161499,677.2336120609999,4020.4275207570004,1350.9176330569999,87.0149011611,1431.897613527,8904.627716067,1271.237579347,4490.917755127,1766.697540287,65.2106018066,4490.917755127,2609.207550047,29.483703613199992,2216.717559817,66.9699020385,43.03850173949999,35.59059143099999,37.82680129999999,44.08679962149999,11.10790252679999,41.04210281369999,67.86959838900002,68.172592163,34.30459594700001,79.154602051,56.44360351600001,119.754592896,51.284591675000016,145.276596069,122.39360046400002,264.725585938,52.49760437000002,275.8565979,275.8565979,318.274597168,218.40460205100004,599.4095764159999,599.4095764159999,488.6855773930001,523.3166198729999,217.71960449200003,523.3166198729999,140.972595215,631.4076232909999,390.704589844,482.99057006800007,514.540618897,624.0456237789999,545.003570557,453.403594971,578.9076232909999,439.8716125490001,1332.547637937,1107.987579347,241.151611328,1958.1076965369998,4159.417755127,2205.157501217,6878.997833257001
6120293210,633.7316169742,612.2422180179001,477.740020752,521.137023926,73.77203369200004,430.20501709,13.91400146500007,336.45001220700004,600.1772155765,163.103027344,533.9709472650001,203.48101806700004,592.0027160648,591.626617432,583.4709472650001,519.541015625,312.19097900500003,312.19097900500003,92.00799560600001,591.626617432,0.0,426.317016602,367.71093749499994,2249.8109130850003,296.015991211,132.90502929700006,47.565002442000036,85.60699462899993,3428.8009033250005,759.2910156249999,678.6415185931,840.270996095,8313.001098634999,679.6109619150001,3899.291137695,1175.070922855,656.8372192386,3899.291137695,2017.5809326150002,621.1103210452001,1625.0909423850003,658.5965194705,634.6651191715,556.036026001,629.453418732,635.7134170535,602.7345199588,632.6687202457,523.757019043,523.454025269,557.322021485,512.472015381,535.183013916,471.872024536,540.342025757,446.350021363,469.233016968,326.90103149400005,539.129013062,315.77001953200005,315.77001953200005,273.35202026400003,373.222015381,7.782958983999947,7.782958983999947,102.94104003899997,68.30999755900007,373.90701294,68.30999755900007,450.65402221700003,39.78100585899995,200.92202758800005,108.63604736399998,77.08599853500004,32.419006346999936,46.623046875,138.22302246100003,12.718994141000053,151.75500488299997,740.921020505,516.3609619150001,350.47500610400004,1366.481079105,3567.791137695,1613.5308837850002,6287.371215825
6120294010,207.4146003722,185.9252014159,51.42300415,94.82000732399999,352.54498291,3.8880004879999888,412.40301513699995,89.86700439499998,173.8601989745,263.213989258,960.2879638670001,222.835998535,165.68569946280002,165.30960083000002,1009.7879638670001,93.223999023,738.5079956070001,738.5079956070001,334.309020996,165.30960083000002,426.317016602,0.0,794.027954097,2676.1279296870002,722.333007813,293.41198730499997,378.75201416,511.92401123099995,3855.1179199270005,1185.608032227,252.3245019911,1266.588012697,8739.318115237,1105.9279785170002,4325.608154297,1601.3879394570001,230.5202026366,4325.608154297,2443.897949217,194.7933044432,2051.4079589870003,232.2795028685,208.34810256949999,129.71900939900002,203.13640213,209.3964004515,176.4175033568,206.3517036437,97.44000244099999,97.137008667,131.005004883,86.15499877900001,108.865997314,45.555007934,114.02500915499999,20.033004761,42.91600036599999,99.41598510799997,112.81199645999999,110.54699706999997,110.54699706999997,152.964996338,53.09500122100002,434.09997558599997,434.09997558599997,323.37597656300005,358.00701904299996,52.41000366200001,358.00701904299996,24.33700561500001,466.09802246099997,225.39498901399998,317.68096923800005,349.231018067,458.73602294899996,379.693969727,288.093994141,413.59802246099997,274.56201171900005,1167.238037107,942.6779785170002,75.84201049799998,1792.798095707,3994.108154297,2039.8479003870002,6713.688232427
6120294330,1001.4425544692,979.9531555128999,845.450958247,888.8479614209999,441.482971187,797.915954585,381.62493896,704.1609497019999,967.8881530715,530.8139648389999,166.26000977000012,571.191955562,959.7136535597999,959.3375549269999,215.76000977000012,887.2519531199999,55.51995848999991,55.51995848999991,459.71893310099995,959.3375549269999,367.71093749499994,794.027954097,0.0,1882.0999755900002,71.69494628399991,500.615966792,415.275939937,282.103942866,3061.0899658300004,391.58007812999995,1046.3524560880999,472.56005860000005,7945.290161139999,311.90002442000014,3531.5802002,807.3599853600001,1024.5481567336,3531.5802002,1649.86999512,988.8212585402,1257.3800048900002,1026.3074569655,1002.3760566665,923.746963496,997.164356227,1003.4243545485,970.4454574537999,1000.3796577406999,891.467956538,891.1649627639999,925.03295898,880.182952876,902.893951411,839.582962031,908.0529632519999,814.0609588579999,836.943954463,694.6119689889999,906.839950557,683.4809570269999,683.4809570269999,641.062957759,740.932952876,359.927978511,359.927978511,470.6519775339999,436.020935054,741.617950435,436.020935054,818.364959712,327.929931636,568.632965083,476.3469848589999,444.79693603,335.291931148,414.33398436999994,505.93395995599997,380.429931636,519.4659423779999,373.21008301000006,148.65002442000014,718.185943599,998.7701416099999,3200.0802002,1245.8199462900002,5919.66027833
6120294870,2883.5425300592,2862.0531311029004,2727.5509338370002,2770.9479370110002,2323.582946777,2680.015930175,2263.72491455,2586.260925292,2849.9881286615,2412.913940429,1715.83996582,2453.291931152,2841.8136291498004,2841.437530517,1666.33996582,2769.3519287100003,1937.6199340800001,1937.6199340800001,2341.818908691,2841.437530517,2249.8109130850003,2676.1279296870002,1882.0999755900002,0.0,1953.794921874,2382.7159423820003,2297.375915527,2164.2039184560003,1178.9899902400002,1490.5198974600003,2928.4524316781003,1409.5399169900002,6063.190185549999,1570.19995117,1649.4802246099998,1074.73999023,2906.6481323236003,1649.4802246099998,232.2299804700001,2870.9212341302,624.7199707,2908.4074325555002,2884.4760322565003,2805.846939086,2879.2643318170003,2885.5243301385003,2852.5454330438,2882.4796333307004,2773.5679321280004,2773.264938354,2807.13293457,2762.282928466,2784.993927001,2721.6829376210003,2790.1529388420004,2696.1609344480003,2719.043930053,2576.7119445790004,2788.9399261470003,2565.580932617,2565.580932617,2523.162933349,2623.032928466,2242.0279541010004,2242.0279541010004,2352.751953124,2318.120910644,2623.717926025,2318.120910644,2700.4649353020004,2210.0299072260004,2450.732940673,2358.446960449,2326.89691162,2217.391906738,2296.4339599600003,2388.033935546,2262.5299072260004,2401.565917968,1508.8898925800002,1733.44995117,2600.285919189,883.3298339800003,1317.9802246099998,636.2800293,4037.56030274
6120294980,929.7476081852001,908.2582092289001,773.756011963,817.153015137,369.78802490300006,726.221008301,309.9299926760001,632.4660034180001,896.1932067875,459.119018555,237.95495605400004,499.49700927800006,888.0187072758,887.642608643,287.45495605400004,815.557006836,16.174987794000003,16.174987794000003,388.02398681700004,887.642608643,296.015991211,722.333007813,71.69494628399991,1953.794921874,0.0,428.9210205080001,343.58099365300006,210.4089965820001,3132.7849121140002,463.27502441399986,974.6575098041001,544.255004884,8016.985107424,383.59497070400005,3603.275146484,879.054931644,952.8532104496,3603.275146484,1721.564941404,917.1263122562001,1329.074951174,954.6125106815,930.6811103825,852.052017212,925.4694099430001,931.7294082645001,898.7505111698,928.6847114567,819.773010254,819.47001648,853.3380126960001,808.488006592,831.1990051270001,767.888015747,836.358016968,742.366012574,765.249008179,622.9170227050001,835.145004273,611.7860107430001,611.7860107430001,569.368011475,669.238006592,288.2330322270001,288.2330322270001,398.95703125,364.3259887700001,669.923004151,364.3259887700001,746.6700134280001,256.2349853520001,496.9380187990001,404.652038575,373.1019897460001,263.5969848640001,342.639038086,434.23901367200006,308.7349853520001,447.770996094,444.905029294,220.34497070400005,646.4909973150001,1070.4650878939997,3271.775146484,1317.514892574,5991.355224614001
6120294990,500.8265876772,479.3371887209,344.83499145499997,388.2319946289999,59.13299560500002,297.29998779299996,118.99102783199999,203.54498291,467.2721862795,30.197998046999942,666.8759765620001,70.57598876999998,459.0976867678,458.721588135,716.3759765620001,386.63598632799994,445.0960083020001,445.0960083020001,40.89703369100005,458.721588135,132.90502929700006,293.41198730499997,500.615966792,2382.7159423820003,428.9210205080001,0.0,85.34002685500002,218.51202392599998,3561.7059326220005,892.1960449219999,545.7364892961,973.176025392,8445.906127932,812.5159912120001,4032.196166992,1307.975952152,523.9321899416,4032.196166992,2150.485961912,488.20529174819995,1757.9959716820003,525.6914901734999,501.76008987449995,423.130996704,496.548389435,502.8083877565,469.8294906618,499.76369094869995,390.85198974599996,390.54899597199994,424.416992188,379.56698608399995,402.277984619,338.96699523899997,407.43699645999993,313.44499206599994,336.32798767099996,193.996002197,406.22398376499996,182.864990235,182.864990235,140.44699096699998,240.31698608399995,140.687988281,140.687988281,29.963989258000083,64.59503173799999,241.00198364299996,64.59503173799999,317.74899292,172.686035156,68.016998291,24.268981933000077,55.81903076200001,165.324035644,86.28198242200006,5.317993163999972,120.186035156,18.849975585999914,873.826049802,649.2659912120001,217.569976807,1499.386108402,3700.696166992,1746.4359130820003,6420.276245122001
6120295000,586.1666145322,564.6772155758999,430.17501831,473.57202148399995,26.20703125,382.640014648,33.65100097699997,288.885009765,552.6122131345,115.53802490199996,581.5359497070001,155.916015625,544.4377136228,544.06161499,631.0359497070001,471.97601318299996,359.75598144700007,359.75598144700007,44.44299316399997,544.06161499,47.565002442000036,378.75201416,415.275939937,2297.375915527,343.58099365300006,85.34002685500002,0.0,133.17199707099996,3476.365905767,806.8560180669999,631.0765161511,887.835998537,8360.566101077,727.1759643570001,3946.856140137,1222.635925297,609.2722167966,3946.856140137,2065.1459350570003,573.5453186032,1672.6559448270002,611.0315170284999,587.1001167295,508.471023559,581.88841629,588.1484146115,555.1695175167999,585.1037178037,476.192016601,475.88902282699996,509.757019043,464.90701293899997,487.618011474,424.307022094,492.77702331499995,398.78501892099996,421.668014526,279.336029052,491.56401062,268.20501709,268.20501709,225.787017822,325.65701293899997,55.34796142599998,55.34796142599998,55.376037596999936,20.74499511700003,326.342010498,20.74499511700003,403.089019775,87.34600830099998,153.357025146,61.07104492199994,29.520996093000008,79.98400878899997,0.9419555670000364,90.65802001899999,34.84600830099998,104.19000244099993,788.486022947,563.9259643570001,302.910003662,1414.0460815469999,3615.356140137,1661.0958862270002,6334.936218267
