,6120282210,6120285110,6120286590,6120287640,6120289950,6120290550,6120291220,6120292470,6120293210,6120294010,6120294330,6120294870,6120294980,6120294990,6120295000,6120295140,6120295300,6120297930,6120299270,6120300440,6120300910,6120300920,6120301070,6120301180,6120301240,6120301800,6121074790,6121075480,6121075780,6121076240,6121076560,6121076880,6121077050,6121077410,6121077580,6121078140,6121078240,6121078850,6121079400,6121079720,6121079740,6121080100
6120282210,1.0,0.994821864272,0.734730953928,0.397931889236,0.454897710564,0.539258372217,0.401103022466,0.924194201291,0.852970744702,0.783158754215,0.817388496957,0.153408961776,0.866220719675,0.882780572699,0.905696686938,0.629273152257,0.0864978924696,0.6516664895,0.799510630834,0.196686435905,0.810353243708,0.0509971142031,0.718230996273,0.587464685834,0.609793430448,0.619835342295,0.779593592005,0.795424028331,0.88375805389,0.9094160157,0.89904207452,0.899719955133,0.878532650772,0.894032716134,0.891284906814,0.749191981908,0.762952928614,0.816327589453,0.37864992228,0.496320467936,0.388335657148,0.135759725518
6120285110,0.994821864272,1.0,0.767476852262,0.465188034276,0.50950343588,0.539379345751,0.423205145333,0.898494306527,0.849423475517,0.757091852486,0.809085171367,0.140306469273,0.850257648982,0.853809933487,0.88065351863,0.608885291845,0.0753475604525,0.635307927401,0.783218472115,0.165243831826,0.795356776931,0.0343390270806,0.699627126094,0.575635874789,0.58866283141,0.601138311958,0.749264911782,0.789719060688,0.853495283852,0.885087533806,0.878308312657,0.873943030072,0.846879614279,0.869741525909,0.86122861731,0.733371287529,0.74498819234,0.796587846539,0.365058987958,0.485005413647,0.372965011777,0.103956214716
6120286590,0.734730953928,0.767476852262,1.0,0.536122206388,0.334061757088,0.596590982089,0.222881367025,0.474210577627,0.600189002839,0.383132240393,0.380399834135,-0.00888154667015,0.413006068669,0.443509698878,0.45805388236,0.293524968873,-0.0693308364152,0.225919788379,0.367597570334,-0.0559190154386,0.412176500263,-0.0448093495564,0.284208816986,0.299509577219,0.226865783181,0.221728768301,0.474268216428,0.413209983351,0.48671793901,0.48680124217,0.455649322488,0.462170981899,0.450443295535,0.448674301267,0.451348229553,0.322523781432,0.292231117766,0.419107547698,0.0621304104723,0.210045606522,0.0632396337652,-0.0899384680894
6120287640,0.397931889236,0.465188034276,0.536122206388,1.0,0.925817740502,0.172001372411,0.56495224806,0.329974426208,0.373775979707,0.273523691086,0.529998543643,0.0225479047877,0.401960739393,0.266298847407,0.320887884363,0.219571847378,-0.0321566906471,0.356074248661,0.383407640045,-0.129528590311,0.386486677034,-0.117565722471,0.330026352017,0.26339828595,0.225674504596,0.272970028345,0.218150954565,0.339756185813,0.248314988817,0.28908928853,0.304921218454,0.277119236545,0.241499826756,0.283052308886,0.259440874227,0.355435974064,0.406220555422,0.35217053541,0.217596445,0.222057116321,0.18410939696,-0.1862832764
6120289950,0.454897710564,0.50950343588,0.334061757088,0.925817740502,1.0,0.320301360961,0.819823287004,0.378171474496,0.521167397276,0.310356036885,0.657120430869,0.0342973645221,0.484174989179,0.304261065656,0.366525283449,0.248895587505,-0.0255345193341,0.442131643879,0.447294754457,-0.144628327604,0.445300799962,-0.133890472569,0.396246068921,0.302484334691,0.272129753684,0.333040450677,0.265353906788,0.407840305248,0.304429671904,0.346109088485,0.358775967213,0.324123541279,0.283756388645,0.327365900976,0.298525353089,0.417549620733,0.495446713784,0.401690509253,0.292502523198,0.261040276013,0.247147893394,-0.207315278994
6120290550,0.539258372217,0.539379345751,0.596590982089,0.172001372411,0.320301360961,1.0,0.671756281455,0.356814319787,0.81436009043,0.269947015182,0.316423980324,-0.0757176444406,0.298797757595,0.333920623547,0.340539542906,0.190472155971,-0.139252001937,0.18505263946,0.261709012145,-0.135043925747,0.315577519826,-0.0774784881856,0.199874295667,0.229774870862,0.141055735334,0.143307885022,0.424042961546,0.288280269059,0.403541349211,0.386716796581,0.343721497829,0.357616924259,0.353368583539,0.338833849763,0.345829012689,0.218280276481,0.236981914425,0.314398453034,0.0525219871166,0.128153677015,0.0313850431663,-0.159463278706
6120291220,0.401103022466,0.423205145333,0.222881367025,0.56495224806,0.819823287004,0.671756281455,1.0,0.353454747066,0.635376804886,0.276684170592,0.656834282229,0.0160136257382,0.480022477325,0.311397904545,0.344503556023,0.222662003605,-0.0277599939677,0.383710987423,0.363937642259,-0.0709539654225,0.370291655135,-0.0700317888255,0.337133610945,0.26003224578,0.240914538611,0.278635479337,0.234635470452,0.364047576828,0.301911595622,0.343630209505,0.352469367428,0.330739048592,0.301563859573,0.331067332619,0.311512827335,0.33837864372,0.45138062572,0.337795727787,0.238152591669,0.205430598559,0.20330033702,-0.106534952913
6120292470,0.924194201291,0.898494306527,0.474210577627,0.329974426208,0.378171474496,0.356814319787,0.353454747066,1.0,0.756318643817,0.836360283963,0.844613492328,0.238121667487,0.894997418164,0.974443205081,0.996597546671,0.666347344601,0.194947286588,0.707939369993,0.904637726786,0.388022961468,0.875665618408,0.14589628073,0.81915895582,0.643694190317,0.755443477455,0.756833174426,0.777594253063,0.801637044137,0.903933051987,0.92912254155,0.937801974888,0.939034479324,0.924351616412,0.947661093609,0.960726181,0.868945278089,0.818992990013,0.856316028428,0.474892488221,0.566988285464,0.518098617529,0.353340796639
6120293210,0.852970744702,0.849423475517,0.600189002839,0.373775979707,0.521167397276,0.81436009043,0.635376804886,0.756318643817,1.0,0.599877981986,0.777006372454,0.0523246862877,0.753425121234,0.726019549754,0.737470838457,0.467190748559,-0.009707171442,0.571955718869,0.636697882988,0.0345671442016,0.669432591125,-0.0146806076207,0.578942704979,0.489019064714,0.463254514573,0.479328953684,0.67627340705,0.701154829412,0.766000251871,0.794107855732,0.770492539892,0.769446704891,0.744655715457,0.755038816346,0.743119993342,0.587071295019,0.671275674849,0.65063683311,0.326267279124,0.375648933179,0.305624123369,-0.00138137004622
6120294010,0.783158754215,0.757091852486,0.383132240393,0.273523691086,0.310356036885,0.269947015182,0.276684170592,0.836360283963,0.599877981986,1.0,0.681810541074,0.489574524515,0.706359703504,0.740668178704,0.811293229131,0.948722755068,0.331474298238,0.542109840066,0.729489732188,0.353565727527,0.672075113185,0.0562301688859,0.599529207939,0.443898089333,0.503746027656,0.531896091428,0.621872821456,0.639897287046,0.717741048635,0.735902948677,0.738464473318,0.732038962742,0.710312210267,0.732274017172,0.731434186465,0.696301557846,0.641841968289,0.860685437594,0.31770109831,0.476964423732,0.324054796485,0.205419784311
6120294330,0.817388496957,0.809085171367,0.380399834135,0.529998543643,0.657120430869,0.316423980324,0.656834282229,0.844613492328,0.777006372454,0.681810541074,1.0,0.148731444345,0.945773905304,0.79394736993,0.826755688734,0.53800214543,0.0958298043515,0.864012754449,0.843717043424,0.104887976496,0.82214792103,-0.0265843252264,0.823144282302,0.589820074697,0.642327061621,0.708983274027,0.73412897455,0.843318592483,0.838636616171,0.868545959841,0.881266926551,0.849187781801,0.817245864591,0.845776904041,0.811838731665,0.814507544706,0.936703155998,0.757273886637,0.623744941635,0.507488328436,0.587122317583,0.0471722082524
6120294870,0.153408961776,0.140306469273,-0.00888154667015,0.0225479047877,0.0342973645221,-0.0757176444406,0.0160136257382,0.238121667487,0.0523246862877,0.489574524515,0.148731444345,1.0,0.139767534083,0.158640750373,0.230343857593,0.677249753555,0.764325066801,0.134386025773,0.31900503258,0.270404014414,0.247237888263,0.0505890323377,0.223184583151,0.106952976851,0.282759742534,0.272952488253,0.0324195877867,0.117180738175,0.0940776411552,0.123237347352,0.135597649254,0.130031512498,0.110193617501,0.140288824238,0.137118296931,0.29220845658,0.144560797782,0.318298010834,0.130782063396,0.46750201293,0.169416873692,0.210184175876
6120294980,0.866220719675,0.850257648982,0.413006068669,0.401960739393,0.484174989179,0.298797757595,0.480022477325,0.894997418164,0.753425121234,0.706359703504,0.945773905304,0.139767534083,1.0,0.868068847507,0.87588065042,0.550194286231,0.0942134812295,0.89395214296,0.841585059184,0.15097521541,0.828680431762,0.00346832740218,0.835543613386,0.602594800924,0.657549558777,0.712262784258,0.790297411565,0.869803106961,0.925303136004,0.955289120579,0.968694640878,0.947374772254,0.923614562338,0.93617621828,0.900148784646,0.812805530928,0.971518849524,0.7664280681,0.649386402192,0.504947372427,0.6030628169,0.10653263532
6120294990,0.882780572699,0.853809933487,0.443509698878,0.266298847407,0.304261065656,0.333920623547,0.311397904545,0.974443205081,0.726019549754,0.740668178704,0.79394736993,0.158640750373,0.868068847507,1.0,0.980400965068,0.562286559339,0.125322749469,0.664892391222,0.844862819921,0.326092563359,0.830627958629,0.15425078878,0.809934034533,0.638716749797,0.732086392762,0.73137015715,0.760232703982,0.769246097426,0.896822181671,0.921082334317,0.932220750908,0.945987252,0.945850342148,0.9604448817,0.988252996917,0.84871472683,0.780425093684,0.755177862784,0.423761399694,0.485811112629,0.505494818238,0.362192860533
6120295000,0.905696686938,0.88065351863,0.45805388236,0.320887884363,0.366525283449,0.340539542906,0.344503556023,0.996597546671,0.737470838457,0.811293229131,0.826755688734,0.230343857593,0.87588065042,0.980400965068,1.0,0.638167992206,0.195155636346,0.685308050446,0.910128173662,0.390371873612,0.871977204112,0.154010921004,0.813772179591,0.647372271217,0.767248117694,0.763704480169,0.759236193403,0.788350902905,0.886138306655,0.913501088657,0.924685208868,0.927196564921,0.910797029652,0.939932190928,0.957290967369,0.885925391322,0.798430755644,0.833876498971,0.467082016159,0.561403850209,0.520888877706,0.376276776586
6120295140,0.629273152257,0.608885291845,0.293524968873,0.219571847378,0.248895587505,0.190472155971,0.222662003605,0.666347344601,0.467190748559,0.948722755068,0.53800214543,0.677249753555,0.550194286231,0.562286559339,0.638167992206,1.0,0.323159822047,0.402630782336,0.560820954151,0.253679383899,0.506706342387,-0.00330166084705,0.429534772166,0.321564835396,0.320746782978,0.357108025713,0.466263672762,0.513257794561,0.550970419298,0.573420395051,0.575552606339,0.565304968927,0.540036371236,0.563821916667,0.555015508414,0.536473727508,0.492629239141,0.703208965379,0.193134185209,0.367705841648,0.18501076926,0.111191746544
6120295300,0.0864978924696,0.0753475604525,-0.0693308364152,-0.0321566906471,-0.0255345193341,-0.139252001937,-0.0277599939677,0.194947286588,-0.009707171442,0.331474298238,0.0958298043515,0.764325066801,0.0942134812295,0.125322749469,0.195155636346,0.323159822047,1.0,0.0992690076919,0.29445837899,0.475926494109,0.188320943369,0.1641519431,0.221426914997,0.0237958352905,0.340028379184,0.30269937554,-0.0407521046103,0.0696190568223,0.0313542421221,0.070277068698,0.0941438770963,0.0874137918801,0.0660753202152,0.104472709574,0.0990234339767,0.270985754984,0.100954643717,0.355868635925,0.135276118002,0.772911386529,0.200732026386,0.424933766803
6120297930,0.6516664895,0.635307927401,0.225919788379,0.356074248661,0.442131643879,0.18505263946,0.383710987423,0.707939369993,0.571955718869,0.542109840066,0.864012754449,0.134386025773,0.89395214296,0.664892391222,0.685308050446,0.402630782336,0.0992690076919,1.0,0.817757837798,0.0244260693446,0.756728607909,-0.0616635750759,0.861094653297,0.532086931584,0.63543382951,0.740627415561,0.678093729602,0.728347306807,0.782781913317,0.794046227863,0.840962582555,0.809228566725,0.79537330159,0.788666856403,0.716870676261,0.818923421157,0.969620181421,0.639298953599,0.887749363531,0.478142332536,0.77764291727,-0.00515189324745
6120299270,0.799510630834,0.783218472115,0.367597570334,0.383407640045,0.447294754457,0.261709012145,0.363937642259,0.904637726786,0.636697882988,0.729489732188,0.843717043424,0.31900503258,0.841585059184,0.844862819921,0.910128173662,0.560820954151,0.29445837899,0.817757837798,1.0,0.354750316201,0.938411408641,0.126184764603,0.932530134152,0.699657020372,0.862888078973,0.904086884121,0.669512266174,0.726734607782,0.768099279722,0.792200552993,0.827557153112,0.80374626452,0.775814031516,0.825673117852,0.817694309051,0.988106793114,0.848871977735,0.791579702894,0.698759832991,0.629944588318,0.727563753267,0.345168023328
6120300440,0.196686435905,0.165243831826,-0.0559190154386,-0.129528590311,-0.144628327604,-0.135043925747,-0.0709539654225,0.388022961468,0.0345671442016,0.353565727527,0.104887976496,0.270404014414,0.15097521541,0.326092563359,0.390371873612,0.253679383899,0.475926494109,0.0244260693446,0.354750316201,1.0,0.289102258515,0.343805419589,0.231741768128,0.192306103543,0.404593230558,0.296565592312,0.0485227727954,0.139445984817,0.155532854867,0.200481674146,0.228365445224,0.237529714783,0.223621945617,0.266775837952,0.288334613763,0.319532079686,0.0865236801155,0.730346354692,-0.0292635525833,0.845840820832,0.0658907151463,0.708833462292
6120300910,0.810353243708,0.795356776931,0.412176500263,0.386486677034,0.445300799962,0.315577519826,0.370291655135,0.875665618408,0.669432591125,0.672075113185,0.82214792103,0.247237888263,0.828680431762,0.830627958629,0.871977204112,0.506706342387,0.188320943369,0.756728607909,0.938411408641,0.289102258515,1.0,0.160198826576,0.85893488791,0.87755209203,0.83837218039,0.829699596578,0.686117760429,0.721744216548,0.78322299317,0.803177169875,0.823786353932,0.807737915289,0.784623906114,0.820288506734,0.817007018527,0.898570961971,0.813003496847,0.691187877982,0.595139380704,0.477885081605,0.611985660941,0.408889581492
6120300920,0.0509971142031,0.0343390270806,-0.0448093495564,-0.117565722471,-0.133890472569,-0.0774784881856,-0.0700317888255,0.14589628073,-0.0146806076207,0.0562301688859,-0.0265843252264,0.0505890323377,0.00346832740218,0.15425078878,0.154010921004,-0.00330166084705,0.1641519431,-0.0616635750759,0.126184764603,0.343805419589,0.160198826576,1.0,0.126024804785,0.467478245668,0.563149889593,0.279483403614,0.00995094971171,0.0297580005771,0.0504157511353,0.0646326989488,0.0703098813891,0.0864794473619,0.0904047214267,0.10314510797,0.133223280024,0.0877571780429,-0.0509426588217,0.0677758173604,0.00888902474156,0.230952685219,0.112992711692,0.80056948909
6120301070,0.718230996273,0.699627126094,0.284208816986,0.330026352017,0.396246068921,0.199874295667,0.337133610945,0.81915895582,0.578942704979,0.599529207939,0.823144282302,0.223184583151,0.835543613386,0.809934034533,0.813772179591,0.429534772166,0.221426914997,0.861094653297,0.932530134152,0.231741768128,0.85893488791,0.126024804785,1.0,0.631274612278,0.827360193022,0.917779560137,0.643040905464,0.700022375902,0.746828314477,0.771047382551,0.824548882872,0.806346219667,0.790425804006,0.838742630252,0.823771547055,0.939046974424,0.867320107152,0.681598704731,0.758629744359,0.576942660705,0.802430966529,0.290460766221
6120301180,0.587464685834,0.575635874789,0.299509577219,0.26339828595,0.302484334691,0.229774870862,0.26003224578,0.643694190317,0.489019064714,0.443898089333,0.589820074697,0.106952976851,0.602594800924,0.638716749797,0.647372271217,0.321564835396,0.0237958352905,0.532086931584,0.699657020372,0.192306103543,0.87755209203,0.467478245668,0.631274612278,1.0,0.670088349659,0.606257913702,0.501184245051,0.524609137209,0.57818823172,0.594250645998,0.609872371439,0.603604501507,0.590358988644,0.617328741475,0.62487101991,0.662271486377,0.583144257037,0.416551258452,0.390905638406,0.199218999257,0.403682128062,0.343883969484
6120301240,0.609793430448,0.58866283141,0.226865783181,0.225674504596,0.272129753684,0.141055735334,0.240914538611,0.755443477455,0.463254514573,0.503746027656,0.642327061621,0.282759742534,0.657549558777,0.732086392762,0.767248117694,0.320746782978,0.340028379184,0.63543382951,0.862888078973,0.404593230558,0.83837218039,0.563149889593,0.827360193022,0.670088349659,1.0,0.935794116113,0.518536688393,0.56946250759,0.612706765241,0.63591498673,0.673878737404,0.661337564502,0.643368599758,0.690172568549,0.698539315913,0.83766982074,0.654085930269,0.588147568621,0.660853953641,0.641527904709,0.762735207967,0.71078379327
6120301800,0.619835342295,0.601138311958,0.221728768301,0.272970028345,0.333040450677,0.143307885022,0.278635479337,0.756833174426,0.479328953684,0.531896091428,0.708983274027,0.272952488253,0.712262784258,0.73137015715,0.763704480169,0.357108025713,0.30269937554,0.740627415561,0.904086884121,0.296565592312,0.829699596578,0.279483403614,0.917779560137,0.606257913702,0.935794116113,1.0,0.548375084448,0.603186224339,0.635042999125,0.655221105685,0.70372268742,0.681704983569,0.661265154924,0.712850490321,0.708973606726,0.901939703855,0.742683227769,0.633932928073,0.785219369668,0.635472430186,0.909177460284,0.452294773411
6121074790,0.779593592005,0.749264911782,0.474268216428,0.218150954565,0.265353906788,0.424042961546,0.234635470452,0.777594253063,0.67627340705,0.621872821456,0.73412897455,0.0324195877867,0.790297411565,0.760232703982,0.759236193403,0.466263672762,-0.0407521046103,0.678093729602,0.669512266174,0.0485227727954,0.686117760429,0.00995094971171,0.643040905464,0.501184245051,0.518536688393,0.548375084448,1.0,0.944828170399,0.923434509781,0.844022880788,0.791936457461,0.796055377652,0.796246027886,0.7737941609,0.780457361976,0.627275807591,0.753982841877,0.668696739766,0.456365822621,0.366236350682,0.421062359957,0.0439420561676
6121075480,0.795424028331,0.789719060688,0.413209983351,0.339756185813,0.407840305248,0.288280269059,0.364047576828,0.801637044137,0.701154829412,0.639897287046,0.843318592483,0.117180738175,0.869803106961,0.769246097426,0.788350902905,0.513257794561,0.0696190568223,0.728347306807,0.726734607782,0.139445984817,0.721744216548,0.0297580005771,0.700022375902,0.524609137209,0.56946250759,0.603186224339,0.944828170399,1.0,0.854293843697,0.883477923827,0.86443728025,0.821545399896,0.778669049001,0.811442635768,0.780468234691,0.692201641972,0.82365847727,0.687929581771,0.482587051276,0.431937590521,0.460163415499,0.109828489154
6121075780,0.88375805389,0.853495283852,0.48671793901,0.248314988817,0.304429671904,0.403541349211,0.301911595622,0.903933051987,0.766000251871,0.717741048635,0.838636616171,0.0940776411552,0.925303136004,0.896822181671,0.886138306655,0.550970419298,0.0313542421221,0.782781913317,0.768099279722,0.155532854867,0.78322299317,0.0504157511353,0.746828314477,0.57818823172,0.612706765241,0.635042999125,0.923434509781,0.854293843697,1.0,0.983023214436,0.946801819631,0.937768179377,0.938381570241,0.917989582336,0.92232921162,0.724002133912,0.874270602751,0.75547745371,0.515517203913,0.444705883467,0.485292727241,0.142196213643
6121076240,0.9094160157,0.885087533806,0.48680124217,0.28908928853,0.346109088485,0.386716796581,0.343630209505,0.92912254155,0.794107855732,0.735902948677,0.868545959841,0.123237347352,0.955289120579,0.921082334317,0.913501088657,0.573420395051,0.070277068698,0.794046227863,0.792200552993,0.200481674146,0.803177169875,0.0646326989488,0.771047382551,0.594250645998,0.63591498673,0.655221105685,0.844022880788,0.883477923827,0.983023214436,1.0,0.98070349673,0.971770278258,0.952373187258,0.955449039449,0.944373759883,0.75083704484,0.892313435253,0.769754951543,0.515452402344,0.470973606738,0.495263724319,0.17944439461
6121076560,0.89904207452,0.878308312657,0.455649322488,0.304921218454,0.358775967213,0.343721497829,0.352469367428,0.937801974888,0.770492539892,0.738464473318,0.881266926551,0.135597649254,0.968694640878,0.932220750908,0.924685208868,0.575552606339,0.0941438770963,0.840962582555,0.827557153112,0.228365445224,0.823786353932,0.0703098813891,0.824548882872,0.609872371439,0.673878737404,0.70372268742,0.791936457461,0.86443728025,0.946801819631,0.98070349673,1.0,0.991153703596,0.972312531799,0.98349433047,0.957149457086,0.796251119158,0.915542051587,0.774740476112,0.58232109137,0.491154798308,0.567722758972,0.209522178455
6121076880,0.899719955133,0.873943030072,0.462170981899,0.277119236545,0.324123541279,0.357616924259,0.330739048592,0.939034479324,0.769446704891,0.732038962742,0.849187781801,0.130031512498,0.947374772254,0.945987252,0.927196564921,0.565304968927,0.0874137918801,0.809228566725,0.80374626452,0.237529714783,0.807737915289,0.0864794473619,0.806346219667,0.603604501507,0.661337564502,0.681704983569,0.796055377652,0.821545399896,0.937768179377,0.971770278258,0.991153703596,1.0,0.990156144209,0.992637986089,0.972216186584,0.77164320581,0.884231246682,0.759065917379,0.548623707052,0.473487849778,0.543658079786,0.231061860783
6121077050,0.878532650772,0.846879614279,0.450443295535,0.241499826756,0.283756388645,0.353368583539,0.301563859573,0.924351616412,0.744655715457,0.710312210267,0.817245864591,0.110193617501,0.923614562338,0.945850342148,0.910797029652,0.540036371236,0.0660753202152,0.79537330159,0.775814031516,0.223621945617,0.784623906114,0.0904047214267,0.790425804006,0.590358988644,0.643368599758,0.661265154924,0.796246027886,0.778669049001,0.938381570241,0.952373187258,0.972312531799,0.990156144209,1.0,0.981757680642,0.979215598987,0.743738219866,0.862222555224,0.733534413819,0.542859547182,0.44750188636,0.538989248403,0.231593696481
6121077410,0.894032716134,0.869741525909,0.448674301267,0.283052308886,0.327365900976,0.338833849763,0.331067332619,0.947661093609,0.755038816346,0.732274017172,0.845776904041,0.140288824238,0.93617621828,0.9604448817,0.939932190928,0.563821916667,0.104472709574,0.788666856403,0.825673117852,0.266775837952,0.820288506734,0.10314510797,0.838742630252,0.617328741475,0.690172568549,0.712850490321,0.7737941609,0.811442635768,0.917989582336,0.955449039449,0.98349433047,0.992637986089,0.981757680642,1.0,0.984735800941,0.802295054288,0.869129657022,0.756997726024,0.540864558396,0.481718257033,0.573798249169,0.270620935023
6121077580,0.891284906814,0.86122861731,0.451348229553,0.259440874227,0.298525353089,0.345829012689,0.311512827335,0.960726181,0.743119993342,0.731434186465,0.811838731665,0.137118296931,0.900148784646,0.988252996917,0.957290967369,0.555015508414,0.0990234339767,0.716870676261,0.817694309051,0.288334613763,0.817007018527,0.133223280024,0.823771547055,0.62487101991,0.698539315913,0.708973606726,0.780457361976,0.780468234691,0.92232921162,0.944373759883,0.957149457086,0.972216186584,0.979215598987,0.984735800941,1.0,0.796622785726,0.818426490346,0.747095197906,0.460223344617,0.467966701991,0.532346695802,0.315568266472
6121078140,0.749191981908,0.733371287529,0.322523781432,0.355435974064,0.417549620733,0.218280276481,0.33837864372,0.868945278089,0.587071295019,0.696301557846,0.814507544706,0.29220845658,0.812805530928,0.84871472683,0.885925391322,0.536473727508,0.270985754984,0.818923421157,0.988106793114,0.319532079686,0.898570961971,0.0877571780429,0.939046974424,0.662271486377,0.83766982074,0.901939703855,0.627275807591,0.692201641972,0.724002133912,0.75083704484,0.796251119158,0.77164320581,0.743738219866,0.802295054288,0.796622785726,1.0,0.833908085923,0.759824222144,0.711845466673,0.600311249016,0.754198588617,0.299750533073
6121078240,0.762952928614,0.74498819234,0.292231117766,0.406220555422,0.495446713784,0.236981914425,0.45138062572,0.818992990013,0.671275674849,0.641841968289,0.936703155998,0.144560797782,0.971518849524,0.780425093684,0.798430755644,0.492629239141,0.100954643717,0.969620181421,0.848871977735,0.0865236801155,0.813003496847,-0.0509426588217,0.867320107152,0.583144257037,0.654085930269,0.742683227769,0.753982841877,0.82365847727,0.874270602751,0.892313435253,0.915542051587,0.884231246682,0.862222555224,0.869129657022,0.818426490346,0.833908085923,1.0,0.721821072324,0.775996165783,0.502091475814,0.702398378769,0.0369416838936
6121078850,0.816327589453,0.796587846539,0.419107547698,0.35217053541,0.401690509253,0.314398453034,0.337795727787,0.856316028428,0.65063683311,0.860685437594,0.757273886637,0.318298010834,0.7664280681,0.755177862784,0.833876498971,0.703208965379,0.355868635925,0.639298953599,0.791579702894,0.730346354692,0.691187877982,0.0677758173604,0.681598704731,0.416551258452,0.588147568621,0.633932928073,0.668696739766,0.687929581771,0.75547745371,0.769754951543,0.774740476112,0.759065917379,0.733534413819,0.756997726024,0.747095197906,0.759824222144,0.721821072324,1.0,0.455927603485,0.813540754514,0.457454898471,0.275663870241
6121079400,0.37864992228,0.365058987958,0.0621304104723,0.217596445,0.292502523198,0.0525219871166,0.238152591669,0.474892488221,0.326267279124,0.31770109831,0.623744941635,0.130782063396,0.649386402192,0.423761399694,0.467082016159,0.193134185209,0.135276118002,0.887749363531,0.698759832991,-0.0292635525833,0.595139380704,0.00888902474156,0.758629744359,0.390905638406,0.660853953641,0.785219369668,0.456365822621,0.482587051276,0.515517203913,0.515452402344,0.58232109137,0.548623707052,0.542859547182,0.540864558396,0.460223344617,0.711845466673,0.775996165783,0.455927603485,1.0,0.464298562325,0.918894887908,0.0397709515445
6121079720,0.496320467936,0.485005413647,0.210045606522,0.222057116321,0.261040276013,0.128153677015,0.205430598559,0.566988285464,0.375648933179,0.476964423732,0.507488328436,0.46750201293,0.504947372427,0.485811112629,0.561403850209,0.367705841648,0.772911386529,0.478142332536,0.629944588318,0.845840820832,0.477885081605,0.230952685219,0.576942660705,0.199218999257,0.641527904709,0.635472430186,0.366236350682,0.431937590521,0.444705883467,0.470973606738,0.491154798308,0.473487849778,0.44750188636,0.481718257033,0.467966701991,0.600311249016,0.502091475814,0.813540754514,0.464298562325,1.0,0.515782355781,0.456138701714
6121079740,0.388335657148,0.372965011777,0.0632396337652,0.18410939696,0.247147893394,0.0313850431663,0.20330033702,0.518098617529,0.305624123369,0.324054796485,0.587122317583,0.169416873692,0.6030628169,0.505494818238,0.520888877706,0.18501076926,0.200732026386,0.77764291727,0.727563753267,0.0658907151463,0.611985660941,0.112992711692,0.802430966529,0.403682128062,0.762735207967,0.909177460284,0.421062359957,0.460163415499,0.485292727241,0.495263724319,0.567722758972,0.543658079786,0.538989248403,0.573798249169,0.532346695802,0.754198588617,0.702398378769,0.457454898471,0.918894887908,0.515782355781,1.0,0.192331796876
6121080100,0.135759725518,0.103956214716,-0.0899384680894,-0.1862832764,-0.207315278994,-0.159463278706,-0.106534952913,0.353340796639,-0.00138137004622,0.205419784311,0.0471722082524,0.210184175876,0.10653263532,0.362192860533,0.376276776586,0.111191746544,0.424933766803,-0.00515189324745,0.345168023328,0.708833462292,0.408889581492,0.80056948909,0.290460766221,0.343883969484,0.71078379327,0.452294773411,0.0439420561676,0.109828489154,0.142196213643,0.17944439461,0.209522178455,0.231061860783,0.231593696481,0.270620935023,0.315568266472,0.299750533073,0.0369416838936,0.275663870241,0.0397709515445,0.456138701714,0.192331796876,1.0
