,6120282210,6120285110,6120286590,6120287640,6120289950,6120290550,6120291220,6120292470,6120293210,6120294010,6120294330,6120294870,6120294980,6120294990,6120295000,6120295140,6120295300,6120297930,6120299270,6120300440,6120300910,6120300920,6120301070,6120301180,6120301240,6120301800,6121074790,6121075480,6121075780,6121076240,6121076560,6121076880,6121077050,6121077410,6121077580,6121078140,6121078240,6121078850,6121079400,6121079720,6121079740,6121080100
6120282210,1.0,0.994821868633,0.734731570303,0.397938552883,0.45489815595,0.539258285197,0.401103834772,0.924194528132,0.852971389673,0.783158839839,0.817392169546,0.153408212361,0.866220854322,0.882781078833,0.905697140643,0.629273101161,0.0864976008471,0.651667172746,0.799511253766,0.196686909275,0.810353191329,0.0509967708575,0.718230448421,0.587464740228,0.609793055896,0.619834343034,0.779594218892,0.795424842748,0.883758315132,0.909416241806,0.899042494495,0.899720167029,0.878532858788,0.894033029949,0.891285280365,0.749194084038,0.762953102238,0.816327698931,0.378648758443,0.496320343006,0.388333453138,0.135760341464
6120285110,0.994821868633,1.0,0.767477080127,0.465195112128,0.509505020896,0.539379176185,0.423206087426,0.898494773619,0.84942420197,0.757092062333,0.809088996234,0.140305795138,0.850257973123,0.853810575732,0.880654127507,0.608885355994,0.07534734773,0.635308757599,0.783219232643,0.165244416785,0.795356877238,0.0343387197617,0.699626731828,0.575636034926,0.588662601091,0.601137456271,0.749265570006,0.78971998378,0.853495647592,0.885087893626,0.878308875269,0.873943421869,0.846879960729,0.869741992702,0.861229143208,0.733373495761,0.744988506589,0.79658808515,0.365057940874,0.485005403424,0.372962939972,0.103956926348
6120286590,0.734731570303,0.767477080127,1.0,0.536137167197,0.334075852074,0.596591871698,0.222882217284,0.474212221303,0.600190352639,0.383133518576,0.380404400657,-0.00888177529524,0.413007385334,0.443511425635,0.458055564135,0.293525908115,-0.0693309497883,0.225921435971,0.367599252144,-0.0559186137054,0.41217781151,-0.044809460601,0.284209500375,0.299510619603,0.226866539017,0.221729048629,0.474269636388,0.413211528148,0.48671936869,0.486802686109,0.455651023405,0.462172472942,0.450444824579,0.448675951056,0.451349921442,0.322526369432,0.292232055763,0.419108924978,0.0621304009011,0.210046290415,0.0632389170626,-0.0899379897392
6120287640,0.397938552883,0.465195112128,0.536137167197,1.0,0.925818321351,0.172007372421,0.564953795842,0.329978174679,0.373781300026,0.273526546148,0.529999266032,0.0225472618852,0.401963545101,0.26630258172,0.320891649717,0.219574031237,-0.0321573878354,0.356074786606,0.383410074227,-0.129528567437,0.386489566137,-0.11756598798,0.3300275211,0.263400414235,0.225675669517,0.272970465276,0.218154877017,0.339759568376,0.248318905836,0.289093266338,0.304924819259,0.277123120229,0.241503537765,0.283055980884,0.259444730071,0.355438569554,0.406221873551,0.352173516476,0.217594905802,0.222058405814,0.184107641011,-0.186283236637
6120289950,0.45489815595,0.509505020896,0.334075852074,0.925818321351,1.0,0.320306348874,0.819822842965,0.378167403265,0.521168065621,0.310352242553,0.657113815433,0.0342945217865,0.484170297649,0.304256781005,0.366521278492,0.248892266494,-0.0255373402376,0.442126700743,0.447290699428,-0.144632165772,0.445297501748,-0.133892521752,0.396240879699,0.302481759043,0.272125199958,0.333035252412,0.265351901169,0.407837083868,0.304426244834,0.346105384484,0.358771556707,0.324119401475,0.28375209318,0.327361420524,0.298521070126,0.417545826445,0.495441369291,0.401687227659,0.292497553344,0.26103752176,0.24714206166,-0.207319139229
6120290550,0.539258285197,0.539379176185,0.596591871698,0.172007372421,0.320306348874,1.0,0.671756921175,0.356814528655,0.814359742419,0.269947089562,0.316424498124,-0.0757180029547,0.298797790696,0.333920966898,0.340539791295,0.190472160728,-0.139252164866,0.185053135244,0.261709369956,-0.13504373513,0.315577552527,-0.0774786165108,0.199873912135,0.229774979442,0.141055558853,0.143307284961,0.424043188879,0.288280748466,0.403541444772,0.386716902371,0.343721926177,0.357617041658,0.353368773561,0.338834185741,0.345829321584,0.218281518846,0.236982423378,0.314398544906,0.0525215392878,0.128153618996,0.031384019072,-0.159462978347
6120291220,0.401103834772,0.423206087426,0.222882217284,0.564953795842,0.819822842965,0.671756921175,1.0,0.353455348776,0.635377772397,0.276684535343,0.656832657512,0.0160132879435,0.480022944942,0.3113986607,0.344504257186,0.22266225513,-0.0277600826496,0.383711194733,0.363938050544,-0.070953541199,0.370291963115,-0.0700318260244,0.337133499828,0.260032489229,0.240914539381,0.278635057207,0.23463614222,0.364048210014,0.301912321649,0.343630914559,0.352470014786,0.330739832216,0.301564589241,0.331068040895,0.311513637602,0.338379645929,0.451380877016,0.337796053931,0.238151865119,0.20543068186,0.203299188034,-0.106534370626
6120292470,0.924194528132,0.898494773619,0.474212221303,0.329978174679,0.378167403265,0.356814528655,0.353455348776,1.0,0.756319571492,0.836360201844,0.844616466336,0.23812083979,0.89499733428,0.974443208822,0.996597574435,0.66634712932,0.194946873092,0.70793972984,0.90463827233,0.388023212663,0.875665395459,0.145895875192,0.819158576598,0.643694139126,0.755443105963,0.756832351038,0.777594958552,0.801637712373,0.90393322437,0.929122595434,0.937802028097,0.939034388501,0.924351514533,0.947660990834,0.960726101132,0.86894687861,0.818992762174,0.856316023372,0.474891247693,0.566988054543,0.518096465467,0.35334119929
6120293210,0.852971389673,0.84942420197,0.600190352639,0.373781300026,0.521168065621,0.814359742419,0.635377772397,0.756319571492,1.0,0.599878571645,0.777007895849,0.0523242710799,0.753425537329,0.726020704757,0.737471889382,0.467191141156,-0.00970720199265,0.571957132745,0.636699028704,0.034567930522,0.669433087985,-0.01468071091,0.578942845863,0.489019539431,0.46325468005,0.479328572938,0.676274149902,0.701156016675,0.766000899776,0.794108565395,0.770493627013,0.76944758031,0.744656589915,0.755039864636,0.743121082763,0.587073857554,0.671277108137,0.650637421845,0.326266823316,0.375649178069,0.305622794686,-0.00138043008314
6120294010,0.783158839839,0.757092062333,0.383133518576,0.273526546148,0.310352242553,0.269947089562,0.276684535343,0.836360201844,0.599878571645,1.0,0.681812532819,0.489573695088,0.706359320569,0.740668116065,0.811293257075,0.948722710036,0.331473776289,0.542109524034,0.729489754345,0.353565714073,0.672074730851,0.056229790232,0.59952813292,0.443897813042,0.503745399897,0.531894801726,0.621873265391,0.639897666861,0.717740970864,0.735902763022,0.738464247264,0.73203865356,0.710311869637,0.7322736834,0.731433948162,0.696302602614,0.641841388869,0.860685298716,0.317699509983,0.476964034169,0.324052254198,0.205419974008
6120294330,0.817392169546,0.809088996234,0.380404400657,0.529999266032,0.657113815433,0.316424498124,0.656832657512,0.844616466336,0.777007895849,0.681812532819,1.0,0.148730620444,0.945776010093,0.793951190427,0.826758851836,0.538003630653,0.095829562771,0.86401246587,0.843717827992,0.10489080689,0.822148745708,-0.0265831183205,0.823144164431,0.58982097419,0.642327379455,0.708982321646,0.734131354793,0.843320613791,0.838639574268,0.868549126532,0.881270020859,0.849191451934,0.817249623859,0.845780470997,0.811842635224,0.814509310944,0.936702961294,0.757275252088,0.623742209922,0.507488473349,0.587119300616,0.0471754979519
6120294870,0.153408212361,0.140305795138,-0.00888177529524,0.0225472618852,0.0342945217865,-0.0757180029547,0.0160132879435,0.23812083979,0.0523242710799,0.489573695088,0.148730620444,1.0,0.139766569814,0.158639986106,0.230343148326,0.677248868186,0.764324981414,0.134384724328,0.319003988948,0.270403846011,0.247237342846,0.0505887842729,0.223183665178,0.106952453871,0.282759134975,0.272951702166,0.0324190542786,0.117180086446,0.0940768577347,0.12323650045,0.135596733936,0.130030652024,0.110192724473,0.140287877317,0.137117472338,0.292207255394,0.144559516129,0.318297145618,0.130780769616,0.467501602867,0.169415460042,0.210184395232
6120294980,0.866220854322,0.850257973123,0.413007385334,0.401963545101,0.484170297649,0.298797790696,0.480022944942,0.89499733428,0.753425537329,0.706359320569,0.945776010093,0.139766569814,1.0,0.868069147001,0.875880739538,0.550193852494,0.0942130306801,0.893952144603,0.84158486049,0.150975673699,0.828679745836,0.00346809181947,0.835542689087,0.602594395909,0.657548574652,0.712261266489,0.790297792276,0.869803358505,0.92530317504,0.955289098872,0.968694589821,0.947374861059,0.923614669942,0.936176277288,0.900149001224,0.812806688425,0.971518733656,0.766427569055,0.649384875575,0.504946752622,0.603060555572,0.10653341794
6120294990,0.882781078833,0.853810575732,0.443511425635,0.26630258172,0.304256781005,0.333920966898,0.3113986607,0.974443208822,0.726020704757,0.740668116065,0.793951190427,0.158639986106,0.868069147001,1.0,0.980400886625,0.562286364635,0.125322327692,0.664893318734,0.844863687748,0.326092746896,0.830627699118,0.154250425775,0.809934053601,0.638716791159,0.732086050119,0.731369560568,0.760233606046,0.769247001589,0.896822588582,0.921082630648,0.932221103233,0.945987366352,0.945850471434,0.960445014969,0.988253038717,0.848716289372,0.780425108323,0.755177880494,0.423760436258,0.485810881274,0.505493046786,0.362193150724
6120295000,0.905697140643,0.880654127507,0.458055564135,0.320891649717,0.366521278492,0.340539791295,0.344504257186,0.996597574435,0.737471889382,0.811293257075,0.826758851836,0.230343148326,0.875880739538,0.980400886625,1.0,0.638167886726,0.19515533225,0.685308668059,0.910128963244,0.390372228297,0.871977137688,0.154010528582,0.813772161419,0.64737236073,0.767247984918,0.763703989436,0.759236960792,0.788351702071,0.88613855555,0.913501236662,0.924685369584,0.927196564573,0.910796957659,0.939932153849,0.95729086833,0.885926911624,0.798430677496,0.833876648851,0.467081052604,0.561403782568,0.520887042887,0.376277214389
6120295140,0.629273101161,0.608885355994,0.293525908115,0.219574031237,0.248892266494,0.190472160728,0.22266225513,0.66634712932,0.467191141156,0.948722710036,0.538003630653,0.677248868186,0.550193852494,0.562286364635,0.638167886726,1.0,0.323159226304,0.402630347004,0.560820800344,0.253679268661,0.506705857257,-0.00330197449953,0.429533536004,0.321564497762,0.320746095188,0.357106653818,0.466263939054,0.513257962606,0.550970236188,0.573420111474,0.575552268548,0.565304599809,0.540035963207,0.56382149483,0.555015190926,0.536474471587,0.492628579916,0.703208669474,0.193132657443,0.367705396638,0.185008364552,0.111191813856
6120295300,0.0864976008471,0.07534734773,-0.0693309497883,-0.0321573878354,-0.0255373402376,-0.139252164866,-0.0277600826496,0.194946873092,-0.00970720199265,0.331473776289,0.095829562771,0.764324981414,0.0942130306801,0.125322327692,0.19515533225,0.323159226304,1.0,0.099268097183,0.294457694922,0.475926545102,0.188320865442,0.164151686337,0.221426641552,0.0237956342973,0.340028205368,0.302699256985,-0.04075228722,0.0696187714692,0.031353888251,0.0702766520792,0.0941433640287,0.0874133603471,0.0660748198795,0.104472143837,0.0990229835484,0.270984724373,0.100953776176,0.355868201669,0.135275311621,0.772911313906,0.20073128421,0.424934244843
6120297930,0.651667172746,0.635308757599,0.225921435971,0.356074786606,0.442126700743,0.185053135244,0.383711194733,0.70793972984,0.571957132745,0.542109524034,0.86401246587,0.134384724328,0.893952144603,0.664893318734,0.685308668059,0.402630347004,0.099268097183,1.0,0.817757368799,0.0244256846181,0.756728443794,-0.0616645533371,0.861094086412,0.532086679503,0.635432602923,0.740626013268,0.678094638314,0.728347777996,0.782782580455,0.794046774513,0.840962694587,0.809229161339,0.795373964988,0.788667312246,0.716871450087,0.818923347561,0.969620336916,0.639298594908,0.887748314752,0.478141628203,0.777641269668,-0.00515225078468
6120299270,0.799511253766,0.783219232643,0.367599252144,0.383410074227,0.447290699428,0.261709369956,0.363938050544,0.90463827233,0.636699028704,0.729489754345,0.843717827992,0.319003988948,0.84158486049,0.844863687748,0.910128963244,0.560820800344,0.294457694922,0.817757368799,1.0,0.35475021576,0.938411605554,0.126183633941,0.932529895535,0.699657153751,0.862887540598,0.904086098713,0.669513171572,0.726735249169,0.768099783541,0.79220093092,0.827557225988,0.80374661162,0.775814330408,0.825673285867,0.817694803017,0.988107017055,0.848871705267,0.791579746674,0.69875809515,0.629944172449,0.727561397398,0.345167608375
6120300440,0.196686909275,0.165244416785,-0.0559186137054,-0.129528567437,-0.144632165772,-0.13504373513,-0.070953541199,0.388023212663,0.034567930522,0.353565714073,0.10489080689,0.270403846011,0.150975673699,0.326092746896,0.390372228297,0.253679268661,0.475926545102,0.0244256846181,0.35475021576,1.0,0.28910241388,0.343805408032,0.231741489468,0.192306021039,0.404593318339,0.29656544517,0.0485233857423,0.139446541128,0.155533214257,0.20048192994,0.228365655895,0.23752983539,0.223621980718,0.266775844706,0.288334659102,0.319532210952,0.0865232067909,0.730346537884,-0.0292643759256,0.845841027483,0.0658896112474,0.708833400832
6120300910,0.810353191329,0.795356877238,0.41217781151,0.386489566137,0.445297501748,0.315577552527,0.370291963115,0.875665395459,0.669433087985,0.672074730851,0.822148745708,0.247237342846,0.828679745836,0.830627699118,0.871977137688,0.506705857257,0.188320865442,0.756728443794,0.938411605554,0.28910241388,1.0,0.160198875836,0.858934477483,0.877552014146,0.838372077761,0.829698944342,0.686118020942,0.721744383882,0.783222712285,0.803176760836,0.823785780651,0.807737397236,0.784623314842,0.820287884813,0.817006532648,0.898571920343,0.813003037611,0.691187678948,0.595138366765,0.477885079503,0.611983723877,0.408889684498
6120300920,0.0509967708575,0.0343387197617,-0.044809460601,-0.11756598798,-0.133892521752,-0.0774786165108,-0.0700318260244,0.145895875192,-0.01468071091,0.056229790232,-0.0265831183205,0.0505887842729,0.00346809181947,0.154250425775,0.154010528582,-0.00330197449953,0.164151686337,-0.0616645533371,0.126183633941,0.343805408032,0.160198875836,1.0,0.126024505859,0.467477864206,0.563149780831,0.279483352244,0.00995078371976,0.0297578026737,0.0504154181888,0.0646323246517,0.0703095455713,0.0864790021253,0.0904042735776,0.10314467028,0.133222816221,0.0877557237535,-0.050943493738,0.0677754793168,0.00888819596108,0.230952300933,0.1129921452,0.800569407525
6120301070,0.718230448421,0.699626731828,0.284209500375,0.3300275211,0.396240879699,0.199873912135,0.337133499828,0.819158576598,0.578942845863,0.59952813292,0.823144164431,0.223183665178,0.835542689087,0.809934053601,0.813772161419,0.429533536004,0.221426641552,0.861094086412,0.932529895535,0.231741489468,0.858934477483,0.126024505859,1.0,0.631274046701,0.827359900449,0.91777920665,0.643040957562,0.700022124769,0.746827850687,0.771046732773,0.824547969355,0.806345599281,0.790425146351,0.838741882836,0.823771121961,0.939047052461,0.867319419788,0.681597943781,0.758629760273,0.576942549826,0.802430096511,0.290461072257
6120301180,0.587464740228,0.575636034926,0.299510619603,0.263400414235,0.302481759043,0.229774979442,0.260032489229,0.643694139126,0.489019539431,0.443897813042,0.58982097419,0.106952453871,0.602594395909,0.638716791159,0.64737236073,0.321564497762,0.0237956342973,0.532086679503,0.699657153751,0.192306021039,0.877552014146,0.467477864206,0.631274046701,1.0,0.670088400648,0.606257214949,0.501184556247,0.524609359825,0.578188167493,0.594250489254,0.609872106699,0.603604267852,0.59035872564,0.617328451618,0.624870861435,0.662272302342,0.583143901365,0.416551010245,0.390904586292,0.199218769724,0.403680322416,0.343883527497
6120301240,0.609793055896,0.588662601091,0.226866539017,0.225675669517,0.272125199958,0.141055558853,0.240914539381,0.755443105963,0.46325468005,0.503745399897,0.642327379455,0.282759134975,0.657548574652,0.732086050119,0.767247984918,0.320746095188,0.340028205368,0.635432602923,0.862887540598,0.404593318339,0.838372077761,0.563149780831,0.827359900449,0.670088400648,1.0,0.935794062461,0.518536643836,0.569462259906,0.612706209326,0.635914273724,0.673877753897,0.661336737223,0.64336768906,0.690171562225,0.698538529001,0.837669159305,0.654084805313,0.588147104136,0.660852903208,0.641527705257,0.762734075849,0.710784030394
6120301800,0.619834343034,0.601137456271,0.221729048629,0.272970465276,0.333035252412,0.143307284961,0.278635057207,0.756832351038,0.479328572938,0.531894801726,0.708982321646,0.272951702166,0.712261266489,0.731369560568,0.763703989436,0.357106653818,0.302699256985,0.740626013268,0.904086098713,0.29656544517,0.829698944342,0.279483352244,0.91777920665,0.606257214949,0.935794062461,1.0,0.548374604262,0.603185444553,0.635041992173,0.655219915854,0.703721175257,0.681703779998,0.661263892338,0.712849088128,0.708972509477,0.901938802659,0.742681835372,0.633931949694,0.785218422432,0.635472288216,0.909176814239,0.452295286669
6121074790,0.779594218892,0.749265570006,0.474269636388,0.218154877017,0.265351901169,0.424043188879,0.23463614222,0.777594958552,0.676274149902,0.621873265391,0.734131354793,0.0324190542786,0.790297792276,0.760233606046,0.759236960792,0.466263939054,-0.04075228722,0.678094638314,0.669513171572,0.0485233857423,0.686118020942,0.00995078371976,0.643040957562,0.501184556247,0.518536643836,0.548374604262,1.0,0.944828339128,0.923434721985,0.844023294486,0.791937254861,0.796055902218,0.796246656186,0.773794952188,0.780458142571,0.627278003965,0.753983601567,0.668697168204,0.456365235245,0.366236409734,0.42106102715,0.0439428268803
6121075480,0.795424842748,0.78971998378,0.413211528148,0.339759568376,0.407837083868,0.288280748466,0.364048210014,0.801637712373,0.701156016675,0.639897666861,0.843320613791,0.117180086446,0.869803358505,0.769247001589,0.788351702071,0.513257962606,0.0696187714692,0.728347777996,0.726735249169,0.139446541128,0.721744383882,0.0297578026737,0.700022124769,0.524609359825,0.569462259906,0.603185444553,0.944828339128,1.0,0.854294321428,0.883478421255,0.864437785985,0.821546175328,0.778669788337,0.811443337671,0.78046912405,0.692203469653,0.823658701964,0.687929918948,0.482585917973,0.43193755386,0.46016155017,0.109829208822
6121075780,0.883758315132,0.853495647592,0.48671936869,0.248318905836,0.304426244834,0.403541444772,0.301912321649,0.90393322437,0.766000899776,0.717740970864,0.838639574268,0.0940768577347,0.92530317504,0.896822588582,0.88613855555,0.550970236188,0.031353888251,0.782782580455,0.768099783541,0.155533214257,0.783222712285,0.0504154181888,0.746827850687,0.578188167493,0.612706209326,0.635041992173,0.923434721985,0.854294321428,1.0,0.983023254492,0.946802092121,0.937768245746,0.938381721738,0.917989889281,0.922329490295,0.72400418694,0.874270866184,0.755477372477,0.515516276165,0.444705603473,0.485290941575,0.142196742303
6121076240,0.909416241806,0.885087893626,0.486802686109,0.289093266338,0.346105384484,0.386716902371,0.343630914559,0.929122595434,0.794108565395,0.735902763022,0.868549126532,0.12323650045,0.955289098872,0.921082630648,0.913501236662,0.573420111474,0.0702766520792,0.794046774513,0.79220093092,0.20048192994,0.803176760836,0.0646323246517,0.771046732773,0.594250489254,0.635914273724,0.655219915854,0.844023294486,0.883478421255,0.983023254492,1.0,0.980703681892,0.971770285293,0.952373269583,0.955449219741,0.944373973827,0.75083899811,0.892313490689,0.769754758306,0.515451257713,0.470973231448,0.495261707813,0.17944482697
6121076560,0.899042494495,0.878308875269,0.455651023405,0.304924819259,0.358771556707,0.343721926177,0.352470014786,0.937802028097,0.770493627013,0.738464247264,0.881270020859,0.135596733936,0.968694589821,0.932221103233,0.924685369584,0.575552268548,0.0941433640287,0.840962694587,0.827557225988,0.228365655895,0.823785780651,0.0703095455713,0.824547969355,0.609872106699,0.673877753897,0.703721175257,0.791937254861,0.864437785985,0.946802092121,0.980703681892,1.0,0.991153804725,0.972312636236,0.98349445006,0.95714973362,0.796252619204,0.91554172529,0.774740173237,0.582319369682,0.491154260563,0.567720297682,0.209522597591
6121076880,0.899720167029,0.873943421869,0.462172472942,0.277123120229,0.324119401475,0.357617041658,0.330739832216,0.939034388501,0.76944758031,0.73203865356,0.849191451934,0.130030652024,0.947374861059,0.945987366352,0.927196564573,0.565304599809,0.0874133603471,0.809229161339,0.80374661162,0.23752983539,0.807737397236,0.0864790021253,0.806345599281,0.603604267852,0.661336737223,0.681703779998,0.796055902218,0.821546175328,0.937768245746,0.971770285293,0.991153804725,1.0,0.990156117039,0.992638075236,0.972216196868,0.771645099881,0.884231183592,0.759065619294,0.548622565893,0.473487421678,0.543656157135,0.231062119966
6121077050,0.878532858788,0.846879960729,0.450444824579,0.241503537765,0.28375209318,0.353368773561,0.301564589241,0.924351514533,0.744656589915,0.710311869637,0.817249623859,0.110192724473,0.923614669942,0.945850471434,0.910796957659,0.540035963207,0.0660748198795,0.795373964988,0.775814330408,0.223621980718,0.784623314842,0.0904042735776,0.790425146351,0.59035872564,0.64336768906,0.661263892338,0.796246656186,0.778669788337,0.938381721738,0.952373269583,0.972312636236,0.990156117039,1.0,0.981757677399,0.97921561405,0.74374006355,0.862222493814,0.733534077035,0.542858447873,0.447501395195,0.538987365091,0.231593865943
6121077410,0.894033029949,0.869741992702,0.448675951056,0.283055980884,0.327361420524,0.338834185741,0.331068040895,0.947660990834,0.755039864636,0.7322736834,0.845780470997,0.140287877317,0.936176277288,0.960445014969,0.939932153849,0.56382149483,0.104472143837,0.788667312246,0.825673285867,0.266775844706,0.820287884813,0.10314467028,0.838741882836,0.617328451618,0.690171562225,0.712849088128,0.773794952188,0.811443337671,0.917989889281,0.955449219741,0.98349445006,0.992638075236,0.981757677399,1.0,0.984735856708,0.802296589907,0.869129431416,0.756997372374,0.540863071705,0.481717701004,0.573796009079,0.270621097042
6121077580,0.891285280365,0.861229143208,0.451349921442,0.259444730071,0.298521070126,0.345829321584,0.311513637602,0.960726101132,0.743121082763,0.731433948162,0.811842635224,0.137117472338,0.900149001224,0.988253038717,0.95729086833,0.555015190926,0.0990229835484,0.716871450087,0.817694803017,0.288334659102,0.817006532648,0.133222816221,0.823771121961,0.624870861435,0.698538529001,0.708972509477,0.780458142571,0.78046912405,0.922329490295,0.944373973827,0.95714973362,0.972216196868,0.97921561405,0.984735856708,1.0,0.796624528252,0.818426443061,0.747094995208,0.460222119181,0.467966315281,0.532344641927,0.315568372346
6121078140,0.749194084038,0.733373495761,0.322526369432,0.355438569554,0.417545826445,0.218281518846,0.338379645929,0.86894687861,0.587073857554,0.696302602614,0.814509310944,0.292207255394,0.812806688425,0.848716289372,0.885926911624,0.536474471587,0.270984724373,0.818923347561,0.988107017055,0.319532210952,0.898571920343,0.0877557237535,0.939047052461,0.662272302342,0.837669159305,0.901938802659,0.627278003965,0.692203469653,0.72400418694,0.75083899811,0.796252619204,0.771645099881,0.74374006355,0.802296589907,0.796624528252,1.0,0.833908807532,0.759825076705,0.711843114651,0.600310828595,0.754195683079,0.299749988023
6121078240,0.762953102238,0.744988506589,0.292232055763,0.406221873551,0.495441369291,0.236982423378,0.451380877016,0.818992762174,0.671277108137,0.641841388869,0.936702961294,0.144559516129,0.971518733656,0.780425108323,0.798430677496,0.492628579916,0.100953776176,0.969620336916,0.848871705267,0.0865232067909,0.813003037611,-0.050943493738,0.867319419788,0.583143901365,0.654084805313,0.742681835372,0.753983601567,0.823658701964,0.874270866184,0.892313490689,0.91554172529,0.884231183592,0.862222493814,0.869129431416,0.818426443061,0.833908807532,1.0,0.721820596425,0.775995120786,0.502090837825,0.702396559003,0.0369414819331
6121078850,0.816327698931,0.79658808515,0.419108924978,0.352173516476,0.401687227659,0.314398544906,0.337796053931,0.856316023372,0.650637421845,0.860685298716,0.757275252088,0.318297145618,0.766427569055,0.755177880494,0.833876648851,0.703208669474,0.355868201669,0.639298594908,0.791579746674,0.730346537884,0.691187678948,0.0677754793168,0.681597943781,0.416551010245,0.588147104136,0.633931949694,0.668697168204,0.687929918948,0.755477372477,0.769754758306,0.774740173237,0.759065619294,0.733534077035,0.756997372374,0.747094995208,0.759825076705,0.721820596425,1.0,0.455926215572,0.8135406085,0.457452660402,0.275664284148
6121079400,0.378648758443,0.365057940874,0.0621304009011,0.217594905802,0.292497553344,0.0525215392878,0.238151865119,0.474891247693,0.326266823316,0.317699509983,0.623742209922,0.130780769616,0.649384875575,0.423760436258,0.467081052604,0.193132657443,0.135275311621,0.887748314752,0.69875809515,-0.0292643759256,0.595138366765,0.00888819596108,0.758629760273,0.390904586292,0.660852903208,0.785218422432,0.456365235245,0.482585917973,0.515516276165,0.515451257713,0.582319369682,0.548622565893,0.542858447873,0.540863071705,0.460222119181,0.711843114651,0.775995120786,0.455926215572,1.0,0.464297689643,0.91889437718,0.0397705762549
6121079720,0.496320343006,0.485005403424,0.210046290415,0.222058405814,0.26103752176,0.128153618996,0.20543068186,0.566988054543,0.375649178069,0.476964034169,0.507488473349,0.467501602867,0.504946752622,0.485810881274,0.561403782568,0.367705396638,0.772911313906,0.478141628203,0.629944172449,0.845841027483,0.477885079503,0.230952300933,0.576942549826,0.199218769724,0.641527705257,0.635472288216,0.366236409734,0.43193755386,0.444705603473,0.470973231448,0.491154260563,0.473487421678,0.447501395195,0.481717701004,0.467966315281,0.600310828595,0.502090837825,0.8135406085,0.464297689643,1.0,0.515781303252,0.456139471108
6121079740,0.388333453138,0.372962939972,0.0632389170626,0.184107641011,0.24714206166,0.031384019072,0.203299188034,0.518096465467,0.305622794686,0.324052254198,0.587119300616,0.169415460042,0.603060555572,0.505493046786,0.520887042887,0.185008364552,0.20073128421,0.777641269668,0.727561397398,0.0658896112474,0.611983723877,0.1129921452,0.802430096511,0.403680322416,0.762734075849,0.909176814239,0.42106102715,0.46016155017,0.485290941575,0.495261707813,0.567720297682,0.543656157135,0.538987365091,0.573796009079,0.532344641927,0.754195683079,0.702396559003,0.457452660402,0.91889437718,0.515781303252,1.0,0.192331509018
6121080100,0.135760341464,0.103956926348,-0.0899379897392,-0.186283236637,-0.207319139229,-0.159462978347,-0.106534370626,0.35334119929,-0.00138043008314,0.205419974008,0.0471754979519,0.210184395232,0.10653341794,0.362193150724,0.376277214389,0.111191813856,0.424934244843,-0.00515225078468,0.345167608375,0.708833400832,0.408889684498,0.800569407525,0.290461072257,0.343883527497,0.710784030394,0.452295286669,0.0439428268803,0.109829208822,0.142196742303,0.17944482697,0.209522597591,0.231062119966,0.231593865943,0.270621097042,0.315568372346,0.299749988023,0.0369414819331,0.275664284148,0.0397705762549,0.456139471108,0.192331509018,1.0
