,6120445660,6120450780,6120453010,6120453420,6120456190,6120458590,6120459530
6120445660,0.0,9.46117145463,11.1579065902,22.4236119219,32.090166776,36.1510332632,38.733597978
6120450780,9.46117145463,0.0,1.94873793837,12.9625496452,22.6291015965,26.6950812181,29.2724300948
6120453010,11.1579065902,1.94873793837,0.0,11.3695675801,21.0130123224,25.1125315249,27.6427051975
6120453420,22.4236119219,12.9625496452,11.3695675801,0.0,9.66655884889,13.745700878,16.3105033954
6120456190,32.090166776,22.6291015965,21.0130123224,9.66655884889,0.0,4.14614640787,6.6455287437
6120458590,36.1510332632,26.6950812181,25.1125315249,13.745700878,4.14614640787,0.0,2.80562668275
6120459530,38.733597978,29.2724300948,27.6427051975,16.3105033954,6.6455287437,2.80562668275,0.0
