,6120445660,6120450780,6120453010,6120453420,6120456190,6120458590,6120459530
6120445660,0.0,0.674390044912,0.659384794251,0.640855220693,0.132515878031,0.330118196126,0.343212898509
6120450780,0.674390044912,0.0,0.025008041547,0.671873839214,0.639651437285,0.620820629489,0.632393253202
6120453010,0.659384794251,0.025008041547,0.0,0.673289439429,0.662032605519,0.607245281478,0.615180920256
6120453420,0.640855220693,0.671873839214,0.673289439429,0.0,0.137937892212,0.207091091667,0.144793048872
6120456190,0.132515878031,0.639651437285,0.662032605519,0.137937892212,0.0,0.102096236472,0.154076256804
6120458590,0.330118196126,0.620820629489,0.607245281478,0.207091091667,0.102096236472,0.0,0.00329033641186
6120459530,0.343212898509,0.632393253202,0.615180920256,0.144793048872,0.154076256804,0.00329033641186,0.0
