,6120445660,6120450780,6120453010,6120453420,6120456190,6120458590,6120459530
6120445660,1.0,-0.0117033967962,-0.149621409581,-0.223284457458,-0.896398129808,-0.714532508918,-0.700815297815
6120450780,-0.0117033967962,1.0,0.98128686369,0.0621967041149,-0.227250389485,-0.282058824078,-0.249798294021
6120453010,-0.149621409581,0.98128686369,1.0,0.0420637675848,-0.135866068054,-0.315727264964,-0.296509185712
6120453420,-0.223284457458,0.0621967041149,0.0420637675848,1.0,-0.891900567645,0.832444216602,0.886187109227
6120456190,-0.896398129808,-0.227250389485,-0.135866068054,-0.891900567645,1.0,-0.921209212421,-0.87838498948
6120458590,-0.714532508918,-0.282058824078,-0.315727264964,0.832444216602,-0.921209212421,1.0,0.997557846919
6120459530,-0.700815297815,-0.249798294021,-0.296509185712,0.886187109227,-0.87838498948,0.997557846919,1.0
