,6120445660,6120450780,6120453010,6120453420,6120456190,6120458590,6120459530
6120445660,0.0,13181.5,13181.5,22207.3984375,8832.0976562,25307.5976562,25307.5976562
6120450780,13181.5,0.0,0.0,9025.8984375,4349.4023438,12126.0976562,12126.0976562
6120453010,13181.5,0.0,0.0,9025.8984375,4349.4023438,12126.0976562,12126.0976562
6120453420,22207.3984375,9025.8984375,9025.8984375,0.0,13375.3007813,3100.1992187,3100.1992187
6120456190,8832.0976562,4349.4023438,4349.4023438,13375.3007813,0.0,16475.5,16475.5
6120458590,25307.5976562,12126.0976562,12126.0976562,3100.1992187,16475.5,0.0,0.0
6120459530,25307.5976562,12126.0976562,12126.0976562,3100.1992187,16475.5,0.0,0.0
