,6120445660,6120450780,6120453010,6120453420,6120456190,6120458590,6120459530
6120445660,0.0,0.674389874084,0.659382915866,0.640855304583,0.132515794135,0.330120817691,0.343215637555
6120450780,0.674389874084,0.0,0.0250071656608,0.671873070178,0.63965014604,0.620822351045,0.632395112591
6120453010,0.659382915866,0.0250071656608,0.0,0.673288855286,0.662031592689,0.60724736662,0.615183330683
6120453420,0.640855304583,0.671873070178,0.673288855286,0.0,0.137940644518,0.207090756829,0.14479273001
6120456190,0.132515794135,0.63965014604,0.662031592689,0.137940644518,0.0,0.102098798664,0.154078598943
6120458590,0.330120817691,0.620822351045,0.60724736662,0.207090756829,0.102098798664,0.0,0.00329035515908
6120459530,0.343215637555,0.632395112591,0.615183330683,0.14479273001,0.154078598943,0.00329035515908,0.0
