,6120445660,6120450780,6120453010,6120453420,6120456190,6120458590,6120459530
6120445660,1.0,-0.0116925712905,-0.149612102705,-0.223284735976,-0.896398060427,-0.71453522872,-0.700818195121
6120450780,-0.0116925712905,1.0,0.981286202005,0.0621875374649,-0.227246177297,-0.282063348649,-0.249803811942
6120453010,-0.149612102705,0.981286202005,1.0,0.0420534717028,-0.135860541758,-0.315732160718,-0.296515212015
6120453420,-0.223284735976,0.0621875374649,0.0420534717028,1.0,-0.891902855239,0.832443918422,0.886186842494
6120456190,-0.896398060427,-0.227246177297,-0.135860541758,-0.891902855239,1.0,-0.921211274249,-0.878386966116
6120458590,-0.71453522872,-0.282063348649,-0.315732160718,0.832443918422,-0.921211274249,1.0,0.997557860851
6120459530,-0.700818195121,-0.249803811942,-0.296515212015,0.886186842494,-0.878386966116,0.997557860851,1.0
