,6120328550,6120330520,6120337280,6121092730,6121093280,6121095430,6121096850
6120328550,1.0,0.986231218715,-0.77838751612,-0.97375404531,0.445293629969,-0.804582996695,-0.904605423753
6120330520,0.986231218715,1.0,-0.728268413729,-0.900985427976,0.399968258115,-0.713564027289,-0.860602828498
6120337280,-0.77838751612,-0.728268413729,1.0,0.220382422713,-0.263999592275,0.998760272028,0.960771098228
6121092730,-0.97375404531,-0.900985427976,0.220382422713,1.0,-0.741382381904,0.181839886386,0.675411822162
6121093280,0.445293629969,0.399968258115,-0.263999592275,-0.741382381904,1.0,-0.0406474051102,-0.390000015216
6121095430,-0.804582996695,-0.713564027289,0.998760272028,0.181839886386,-0.0406474051102,1.0,0.897587412874
6121096850,-0.904605423753,-0.860602828498,0.960771098228,0.675411822162,-0.390000015216,0.897587412874,1.0
