,6120328550,6120330520,6120337280,6121092730,6121093280,6121095430,6121096850
6120328550,0.0,0.0184457294703,0.265822141501,0.0349402443468,0.540741587467,0.237853606067,0.122546025322
6120330520,0.0184457294703,0.0,0.316753809511,0.126954597337,0.566582223158,0.33105368416,0.174935587709
6120337280,0.265822141501,0.316753809511,0.0,0.641723725244,0.627473687357,0.00167131241411,0.0518804311714
6121092730,0.0349402443468,0.126954597337,0.641723725244,0.0,0.303754544147,0.652179999728,0.366796179479
6121093280,0.540741587467,0.566582223158,0.627473687357,0.303754544147,0.0,0.673367870208,0.571893498196
6121095430,0.237853606067,0.33105368416,0.00167131241411,0.652179999728,0.673367870208,0.0,0.131076748045
6121096850,0.122546025322,0.174935587709,0.0518804311714,0.366796179479,0.571893498196,0.131076748045,0.0
