,6120496990,6120497570,6120498830,6120498980,6120499610,6120500310,6120500430,6120501590,6120501870,6120502430,6120502520,6120505910,6120521250,6120522690,6120524850,6121159720,6121159770,6121162000,6121170610,6121171030
6120496990,1.0,0.942865067647,0.646689700331,0.742090061325,0.113237128119,0.308750589724,-0.101789175537,-0.0456721685421,0.59595979592,-0.35298484101,0.724637446758,-0.484086600848,-0.26855172347,-0.586235275244,0.0330675695831,-0.0463628389045,0.162971811355,0.7613321646,0.0749297650138,0.199211567206
6120497570,0.942865067647,1.0,0.847897443355,0.743427151853,0.215448215505,0.346167958835,0.0848236990886,-0.0663524689471,0.472370333608,-0.341626887426,0.535856654301,-0.479645874623,-0.288854675894,-0.567099750963,-0.0262323542593,-0.0428239489744,0.268613197156,0.594268270622,0.011552118288,0.127720203198
6120498830,0.646689700331,0.847897443355,1.0,0.495149984918,0.188448916683,0.287698328687,0.280893872753,-0.164355520035,0.198555567536,-0.214965937438,0.242354067995,-0.341383064853,-0.20569060523,-0.401991614293,-0.0485955011694,-0.154326487191,0.257717471618,0.317391613012,-0.0230041809907,0.0580168022433
6120498980,0.742090061325,0.743427151853,0.495149984918,1.0,0.0207997818488,0.299520481394,0.114517094454,-0.0108681682337,0.893754850451,-0.00805641279739,0.351529929052,-0.145766433425,-0.273061091097,-0.498697841498,-0.16353863478,0.0851839767336,0.27808167481,0.336151426675,-0.145358515495,-0.0731775774368
6120499610,0.113237128119,0.215448215505,0.188448916683,0.0207997818488,1.0,0.541854911476,0.206197809372,0.00383116990782,-0.0985906471238,-0.127214296181,-0.109880916146,-0.132375607609,-0.357052882912,-0.394241547733,-0.284595705043,0.0223340496154,0.227376612883,-0.075318287581,-0.282971559675,-0.251858999892
6120500310,0.308750589724,0.346167958835,0.287698328687,0.299520481394,0.541854911476,1.0,0.298763346285,0.153281679252,0.128666392874,0.17410636493,0.0772386636006,0.127607149338,-0.0276550462588,-0.15749555936,0.0149679216919,0.17810028737,0.9304850228,0.211377030057,0.0445506989257,0.128183789529
6120500430,-0.101789175537,0.0848236990886,0.280893872753,0.114517094454,0.206197809372,0.298763346285,1.0,0.403390287376,-0.0740217669556,0.151930272969,-0.298361234201,0.181193746454,-0.214516566194,-0.230410593803,-0.269968648278,0.479552328454,0.596007354908,-0.301286593265,-0.282623999726,-0.289377938302
6120501590,-0.0456721685421,-0.0663524689471,-0.164355520035,-0.0108681682337,0.00383116990782,0.153281679252,0.403390287376,1.0,0.153243692169,0.410716737625,-0.0996850785109,0.456193604644,-0.270155512524,-0.250596676618,-0.322737774037,0.974932130743,0.341602199698,-0.210133482761,-0.339637960849,-0.35313613692
6120501870,0.59595979592,0.472370333608,0.198555567536,0.893754850451,-0.0985906471238,0.128666392874,-0.0740217669556,0.153243692169,1.0,0.155093817613,0.435234075227,0.025318055912,-0.218716292419,-0.393031923569,-0.149585644163,0.0380499493438,0.0765731180624,0.337363780029,-0.13836027846,-0.0882305766418
6120502430,-0.35298484101,-0.341626887426,-0.214965937438,-0.00805641279739,-0.127214296181,0.17410636493,0.151930272969,0.410716737625,0.155093817613,1.0,-0.198226537576,0.960755903333,-0.0682145468732,-0.0848685022349,-0.248604233382,0.410136270447,0.301942234455,-0.217507326551,-0.27094381507,-0.301303828636
6120502520,0.724637446758,0.535856654301,0.242354067995,0.351529929052,-0.109880916146,0.0772386636006,-0.298361234201,-0.0996850785109,0.435234075227,-0.198226537576,1.0,-0.24917078037,-0.205359479909,-0.487532908728,0.0879173757328,-0.162945074532,-0.106320715049,0.9533280742,0.126309422667,0.232101053225
6120505910,-0.484086600848,-0.479645874623,-0.341383064853,-0.145766433425,-0.132375607609,0.127607149338,0.181193746454,0.456193604644,0.025318055912,0.960755903333,-0.24917078037,1.0,-0.102290334611,0.00137116262425,-0.316305470324,0.4582384304,0.277705656674,-0.33283065164,-0.343990423843,-0.389721269546
6120521250,-0.26855172347,-0.288854675894,-0.20569060523,-0.273061091097,-0.357052882912,-0.0276550462588,-0.214516566194,-0.270155512524,-0.218716292419,-0.0682145468732,-0.205359479909,-0.102290334611,1.0,0.927538612055,0.917982465024,-0.280602075422,-0.113189832931,-0.0862439680044,0.890895089835,0.797206816545
6120522690,-0.586235275244,-0.567099750963,-0.401991614293,-0.498697841498,-0.394241547733,-0.15749555936,-0.230410593803,-0.250596676618,-0.393031923569,-0.0848685022349,-0.487532908728,0.00137116262425,0.927538612055,1.0,0.469945633594,-0.263909622182,-0.22050014207,-0.474378803008,0.381611451569,0.133307302348
6120524850,0.0330675695831,-0.0262323542593,-0.0485955011694,-0.16353863478,-0.284595705043,0.0149679216919,-0.269968648278,-0.322737774037,-0.149585644163,-0.248604233382,0.0879173757328,-0.316305470324,0.917982465024,0.469945633594,1.0,-0.342521947765,-0.131764653653,0.241251344124,0.99811291705,0.97784054665
6121159720,-0.0463628389045,-0.0428239489744,-0.154326487191,0.0851839767336,0.0223340496154,0.17810028737,0.479552328454,0.974932130743,0.0380499493438,0.410136270447,-0.162945074532,0.4582384304,-0.280602075422,-0.263909622182,-0.342521947765,1.0,0.393873080805,-0.257017272318,-0.360960003922,-0.376546924444
6121159770,0.162971811355,0.268613197156,0.257717471618,0.27808167481,0.227376612883,0.9304850228,0.596007354908,0.341602199698,0.0765731180624,0.301942234455,-0.106320715049,0.277705656674,-0.113189832931,-0.22050014207,-0.131764653653,0.393873080805,1.0,-0.000323392855458,-0.116908823791,-0.0588060726739
6121162000,0.7613321646,0.594268270622,0.317391613012,0.336151426675,-0.075318287581,0.211377030057,-0.301286593265,-0.210133482761,0.337363780029,-0.217507326551,0.9533280742,-0.33283065164,-0.0862439680044,-0.474378803008,0.241251344124,-0.257017272318,-0.000323392855458,1.0,0.283657634712,0.403451554738
6121170610,0.0749297650138,0.011552118288,-0.0230041809907,-0.145358515495,-0.282971559675,0.0445506989257,-0.282623999726,-0.339637960849,-0.13836027846,-0.27094381507,0.126309422667,-0.343990423843,0.890895089835,0.381611451569,0.99811291705,-0.360960003922,-0.116908823791,0.283657634712,1.0,0.986939151969
6121171030,0.199211567206,0.127720203198,0.0580168022433,-0.0731775774368,-0.251858999892,0.128183789529,-0.289377938302,-0.35313613692,-0.0882305766418,-0.301303828636,0.232101053225,-0.389721269546,0.797206816545,0.133307302348,0.97784054665,-0.376546924444,-0.0588060726739,0.403451554738,0.986939151969,1.0
