,6120496700,6120496990,6120497570,6120498830,6120498980,6120499610,6120500310,6120500430,6120501590,6120501870,6120502430,6120502520,6120505910,6120521250,6120522690,6120524850,6121159720,6121159770,6121162000,6121170610,6121171030
6120496700,0.0,0.0137990146713,0.115773850575,0.428173358201,0.368238433613,0.671396177219,0.603000882839,0.650998320034,0.665664487964,0.453400811712,0.602687254158,0.244501561102,0.531049352361,0.64549139591,0.473624137649,0.666421664804,0.662056768616,0.662187794612,0.197842688665,0.658291377503,0.620447160607
6120496990,0.0137990146713,0.0,0.0725456725185,0.386399553902,0.309881236872,0.665136746321,0.610927044291,0.666873347827,0.671712206642,0.440471608416,0.587664194769,0.307957652159,0.510446066996,0.633566535525,0.464929872153,0.671947558907,0.671261962671,0.658568473857,0.271904484134,0.667107244873,0.639155031899
6120497570,0.115773850575,0.0725456725185,0.0,0.190588735344,0.314630919343,0.642738804407,0.595978367533,0.671080598889,0.66914666126,0.529348117999,0.593263258107,0.462062395908,0.51336173752,0.629003687011,0.485521148208,0.674418143948,0.670999501567,0.631585126609,0.416275777947,0.672836282236,0.655900201977
6120498830,0.428173358201,0.386399553902,0.190588735344,0.0,0.508950128698,0.650050109177,0.618657049583,0.630600899638,0.653992185727,0.647587770971,0.641649072194,0.628107548697,0.592023028507,0.649456538128,0.573691473625,0.673889382855,0.655767756013,0.632188884208,0.598342926143,0.674477226755,0.670231930922
6120498980,0.368238433613,0.309881236872,0.314630919343,0.508950128698,0.0,0.674172721263,0.61374071173,0.66577736314,0.674385881006,0.135735050293,0.674407114517,0.591689456488,0.65952013574,0.626150516272,0.510780796683,0.658146425828,0.669750730206,0.622888681483,0.598716288225,0.661863796311,0.671700666051
6120499610,0.671396177219,0.665136746321,0.642738804407,0.650050109177,0.674172721263,0.0,0.480132516399,0.646240647692,0.674482213727,0.667984490437,0.663122232306,0.667712231452,0.661954857624,0.590864042289,0.572929564248,0.623052757569,0.674282199291,0.641275404161,0.671622091697,0.624017537548,0.635290591381
6120500310,0.603000882839,0.610927044291,0.595978367533,0.618657049583,0.61374071173,0.480132516399,0.0,0.61455268875,0.659218207301,0.663226447489,0.654440651895,0.670218760693,0.664000870567,0.674044547643,0.658340326383,0.674264836136,0.654003908284,0.0919567517564,0.644717064182,0.672962952961,0.663048081279
6120500430,0.650998320034,0.666873347827,0.671080598889,0.630600899638,0.66577736314,0.646240647692,0.61455268875,0.0,0.564623579277,0.670739024627,0.658715822171,0.614549177048,0.652069856643,0.643150375283,0.638381736935,0.625102340576,0.519829318958,0.434674972874,0.613815755431,0.620504225771,0.618121584676
6120501590,0.665664487964,0.671712206642,0.66914666126,0.653992185727,0.674385881006,0.674482213727,0.659218207301,0.564623579277,0.0,0.658086430168,0.559109671686,0.664685176671,0.53124658034,0.623244811667,0.630057075528,0.600648505372,0.0333664211802,0.595481354543,0.639716156994,0.592765744504,0.586064955938
6120501870,0.453400811712,0.440471608416,0.529348117999,0.647587770971,0.135735050293,0.667984490437,0.663226447489,0.670739024627,0.658086430168,0.0,0.658621638724,0.551128702107,0.674126355334,0.643205743275,0.57226762429,0.66038713257,0.673439860803,0.670600707096,0.600090878297,0.662578537046,0.669903620784
6120502430,0.602687254158,0.587664194769,0.593263258107,0.641649072194,0.674407114517,0.663122232306,0.654440651895,0.658715822171,0.559109671686,0.658621638724,0.0,0.638421224356,0.0525786117259,0.67092372171,0.669067150865,0.630931606835,0.559243708682,0.61270072677,0.63810063507,0.622930901154,0.611074143603
6120502520,0.244501561102,0.307957652159,0.462062395908,0.628107548697,0.591689456488,0.667712231452,0.670218760693,0.614549177048,0.664685176671,0.551128702107,0.638421224356,0.0,0.622546442856,0.652070599079,0.533374792067,0.665187228427,0.651193504407,0.666097133785,0.0584574059084,0.657782090908,0.627580489085
6120505910,0.531049352361,0.510446066996,0.51336173752,0.592023028507,0.65952013574,0.661954857624,0.664000870567,0.652069856643,0.53124658034,0.674126355334,0.0525786117259,0.622546442856,0.0,0.666404315665,0.674446832412,0.60303780185,0.529328127113,0.62212830607,0.588707140393,0.590251473681,0.567049532672
6120521250,0.64549139591,0.633566535525,0.629003687011,0.649456538128,0.626150516272,0.590864042289,0.674044547643,0.643150375283,0.623244811667,0.643205743275,0.67092372171,0.652070599079,0.666404315665,0.0,0.0940298841954,0.106888664533,0.618865653334,0.665603053841,0.671627475967,0.140184734924,0.246336883247
6120522690,0.473624137649,0.464929872153,0.485521148208,0.573691473625,0.510780796683,0.572929564248,0.658340326383,0.638381736935,0.630057075528,0.57226762429,0.669067150865,0.533374792067,0.674446832412,0.0940298841954,0.0,0.524169408891,0.624879128803,0.641318495729,0.542634586364,0.573823443738,0.660095138469
6120524850,0.666421664804,0.671947558907,0.674418143948,0.673889382855,0.658146425828,0.623052757569,0.674264836136,0.625102340576,0.600648505372,0.66038713257,0.630931606835,0.665187228427,0.60303780185,0.106888664533,0.524169408891,0.0,0.590673143228,0.662350127784,0.626380103656,0.00261025255233,0.0297689754266
6121159720,0.662056768616,0.671261962671,0.670999501567,0.655767756013,0.669750730206,0.674282199291,0.654003908284,0.519829318958,0.0333664211802,0.673439860803,0.559243708682,0.651193504407,0.529328127113,0.618865653334,0.624879128803,0.590673143228,0.0,0.569809585226,0.622889589655,0.581435075476,0.573048741388
6121159770,0.662187794612,0.658568473857,0.631585126609,0.632188884208,0.622888681483,0.641275404161,0.0919567517564,0.434674972874,0.595481354543,0.670600707096,0.61270072677,0.666097133785,0.62212830607,0.665603053841,0.641318495729,0.662350127784,0.569809585226,0.0,0.674435297293,0.664846429045,0.671856410225
6121162000,0.197842688665,0.271904484134,0.416275777947,0.598342926143,0.598716288225,0.671622091697,0.644717064182,0.613815755431,0.639716156994,0.600090878297,0.63810063507,0.0584574059084,0.588707140393,0.671627475967,0.542634586364,0.626380103656,0.622889589655,0.674435297293,0.0,0.609325128119,0.549958293931
6121170610,0.658291377503,0.667107244873,0.672836282236,0.674477226755,0.661863796311,0.624017537548,0.672962952961,0.620504225771,0.592765744504,0.662578537046,0.622930901154,0.657782090908,0.590251473681,0.140184734924,0.573823443738,0.00261025255233,0.581435075476,0.664846429045,0.609325128119,0.0,0.0173862925521
6121171030,0.620447160607,0.639155031899,0.655900201977,0.670231930922,0.671700666051,0.635290591381,0.663048081279,0.618121584676,0.586064955938,0.669903620784,0.611074143603,0.627580489085,0.567049532672,0.246336883247,0.660095138469,0.0297689754266,0.573048741388,0.671856410225,0.549958293931,0.0173862925521,0.0
