,6120610410,6120611180,6120611530,6120613920,6120614010,6120615140,6120615260,6120616190,6120617270,6120617570,6120617650,6120617990,6120618140,6120618150,6120619230,6121207540,6121207730,6121207920,6121208600,6121209010,6121209160,6121209650,6121210020,6121210110,6121210620,6121210630,6121210750
6120610410,1.0,0.9468145724715996,0.3320381630936158,0.16986914962943395,0.4541664325166066,0.4485196353878356,0.7499218005243061,0.08590055354565396,0.5298015468461347,-0.18198305901847822,-0.18289189469383763,0.3922051909827836,-0.31216522543512476,-0.14986282660504013,-0.1346220594968899,0.4491352908111119,0.4595981742667299,0.6409536285989457,0.3734400734184718,0.37052781485806824,0.8130778651944545,0.39970612914443054,0.4350543274763102,0.6917142827209829,0.5549466940119889,0.30108303914155365,0.22008581371672165
6120611180,0.9468145724715996,1.0,0.1767954833019777,0.3695365453747251,0.2877910725468538,0.2826758324050825,0.7481959338565798,0.1664321223716772,0.48645403835877377,-0.19893337642702116,-0.19695367449591997,0.2641520529487958,-0.34763791298575336,-0.20130332338264037,-0.15184738197371608,0.33699179214104646,0.4112696348169137,0.816899641589404,0.21106697824508105,0.21745888470174557,0.9101845135157133,0.24424582235708325,0.2796559551683978,0.5861233448668118,0.40231518393460824,0.22355541369275342,0.1500119525398589
6120611530,0.3320381630936158,0.1767954833019777,1.0,-0.20849484530387413,0.9468328906719233,0.8997723041619328,-0.15118470398837697,-0.6603893107240643,0.08636060352681534,-0.027014212728664198,-0.028227775999315422,0.6955569793283058,0.08980164997069573,-0.09459634797703956,-0.20953816283180812,-0.024510590025250464,0.036970068736257765,-0.10277960015766989,0.8623213791797103,0.8403831281572346,0.014686319999590192,0.859500255186762,0.8909716148307555,0.10485161045751999,0.47871364088131046,0.14422097433915934,0.014434422008965254
6120613920,0.16986914962943395,0.3695365453747251,-0.20849484530387413,1.0,-0.23009517141063693,-0.23518800390223096,0.26536068257578715,0.1834309816543652,0.6779056997207081,-0.257348035468,-0.2459141360179574,-0.044143385795705564,-0.4885148146133783,-0.39286588881341605,-0.18214162550790836,0.06850361795837902,0.1930781729001431,0.5101064600482047,-0.05562510097887905,-0.05653675921331107,0.650711706638025,-0.2301000610012199,-0.17208358227000642,0.06150188700687096,-0.07693463513335652,0.017764131801776484,-0.09356972072936798
6120614010,0.4541664325166066,0.2877910725468538,0.9468328906719233,-0.23009517141063693,1.0,0.97979866979389,-0.010353177010587918,-0.5305349686583779,0.027811523592732368,-0.0019502647188977492,-0.01103025754029131,0.6863354018201345,0.157318215670134,0.06268284105936252,-0.12983078926780295,0.05280945771492569,0.04791485332218718,0.018189338407871597,0.7791151414156783,0.7708311084577721,0.04972091443493053,0.9221640918397589,0.9391534551059627,0.2229721722326985,0.5360267947809645,0.11634022581217271,0.1001130067318617
6120615140,0.4485196353878356,0.2826758324050825,0.8997723041619328,-0.23518800390223096,0.97979866979389,1.0,0.01969049731794091,-0.4816292051295551,-0.008025230085791394,-0.0014536245713129127,-0.013851689297715589,0.6737460971348339,0.23270900253273902,0.1172196218834265,-0.09217528311886107,0.076729037058247,0.04269352059108796,0.033135498370990724,0.7520858421077895,0.75016974744084,0.033363607273069334,0.9750570683857798,0.9460552529843277,0.2413666838256954,0.5228332290130528,0.07098851032228644,0.12869612185121984
6120615260,0.7499218005243061,0.7481959338565798,-0.15118470398837697,0.26536068257578715,-0.010353177010587918,0.01969049731794091,1.0,0.488388610671657,0.4320420782602499,-0.19651686192222778,-0.19789049732852249,-0.0050995609501343865,-0.2905595732770036,-0.1656858943153448,0.0025887592192263545,0.599605453445482,0.4765728786405726,0.6062445570801969,-0.12472560194751382,-0.11454473928439095,0.7040599090929737,-0.0051227609165368565,-0.019022027954744166,0.7965790968977275,0.13786531627431378,-0.03261773329010655,0.27310744424344835
6120616190,0.08590055354565396,0.1664321223716772,-0.6603893107240643,0.1834309816543652,-0.5305349686583779,-0.4816292051295551,0.488388610671657,1.0,0.15309185594067376,-0.1358495743623765,-0.13952265617744722,-0.3692155990982847,-0.21492793222851272,0.11087453280749071,0.324299557287049,0.3252710180515344,0.23054188738743583,0.2590554765546088,-0.5424817282440921,-0.5214431925448171,0.2820737343989426,-0.48042021516527206,-0.4846771955159806,0.2024534345947543,-0.3452848009431522,-0.10239356037441188,0.14219846434077077
6120617270,0.5298015468461347,0.48645403835877377,0.08636060352681534,0.6779056997207081,0.027811523592732368,-0.008025230085791394,0.4320420782602499,0.15309185594067376,1.0,-0.34177406801495025,-0.32459668360168664,0.19242037130112025,-0.683317145836585,-0.5003657670710049,-0.1596899390925913,0.24600943623128738,0.4342168884060636,0.041033785784285605,0.31364729535912983,0.28883126231254413,0.7215420700256147,-0.02374419431388026,0.08903497121664657,0.40015011522737426,0.2979941748154223,0.40235070527836353,0.09265721891649661
6120617570,-0.18198305901847822,-0.19893337642702116,-0.027014212728664198,-0.257348035468,-0.0019502647188977492,-0.0014536245713129127,-0.19651686192222778,-0.1358495743623765,-0.34177406801495025,1.0,0.9992389098207698,-0.056670965372195674,0.7392133762768041,0.5050566278235199,-0.00015795825036053244,-0.15322267348553806,-0.17275575581488403,-0.12963168616976545,0.05711262573151146,0.10593297854502563,-0.29530403791824933,-0.01107243188678494,-0.01238157206997092,-0.14735140848242567,-0.10809355481812404,-0.13836054553207802,-0.10004353623528313
6120617650,-0.18289189469383763,-0.19695367449591997,-0.028227775999315422,-0.2459141360179574,-0.01103025754029131,-0.013851689297715589,-0.19789049732852249,-0.13952265617744722,-0.32459668360168664,0.9992389098207698,1.0,-0.048426074923484407,0.7171145297932734,0.4805919992799889,-0.007083852239224205,-0.1526470627744011,-0.16937316271759797,-0.12837827388505607,0.06655194513659873,0.11158451492398058,-0.2843632111103544,-0.023266178390685715,-0.019039532714036012,-0.15243088802018606,-0.11378806650946172,-0.13522831543014852,-0.10428222811294766
6120617990,0.3922051909827836,0.2641520529487958,0.6955569793283058,-0.044143385795705564,0.6863354018201345,0.6737460971348339,-0.0050995609501343865,-0.3692155990982847,0.19242037130112025,-0.056670965372195674,-0.048426074923484407,1.0,-0.13561429273672618,-0.01227075702275408,-0.05288590865067434,0.10021522445390878,0.10578480354148284,0.021780701438516133,0.863863411315365,0.9110055091275541,0.14530429428225797,0.6363358144575094,0.6495722061976315,0.16745533035740165,0.4301675405542075,0.09760190234321316,0.11528252555151798
6120618140,-0.31216522543512476,-0.34763791298575336,0.08980164997069573,-0.4885148146133783,0.157318215670134,0.23270900253273902,-0.2905595732770036,-0.21492793222851272,-0.683317145836585,0.7392133762768041,0.7171145297932734,-0.13561429273672618,1.0,0.6564356027271174,0.027731342553558042,-0.2489573162239615,-0.30985165537470566,-0.20349745447460865,-0.14400763499875938,-0.12175216220894086,-0.5584128557684679,0.3099835145438794,0.20702199229764404,-0.19121319963910027,-0.13604334243506502,-0.2544550949491008,-0.11212154139444182
6120618150,-0.14986282660504013,-0.20130332338264037,-0.09459634797703956,-0.39286588881341605,0.06268284105936252,0.1172196218834265,-0.1656858943153448,0.11087453280749071,-0.5003657670710049,0.5050566278235199,0.4805919992799889,-0.01227075702275408,0.6564356027271174,1.0,0.5290399008415417,-0.1309124124135789,-0.2197400983528766,-0.095707988895979,-0.10264253828613318,-0.071769150018591,-0.3863936518731932,0.10269400894179487,0.04132638618104205,0.03871263457202187,0.2009340401223929,-0.04683026212736345,0.2287596208790642
6120619230,-0.1346220594968899,-0.15184738197371608,-0.20953816283180812,-0.18214162550790836,-0.12983078926780295,-0.09217528311886107,0.0025887592192263545,0.324299557287049,-0.1596899390925913,-0.00015795825036053244,-0.007083852239224205,-0.05288590865067434,0.027731342553558042,0.5290399008415417,1.0,-0.0977055513281098,-0.1693261848696115,-0.049319101756600627,-0.09292835170475125,-0.08645923144478232,-0.18094179720551934,-0.09479230435319255,-0.10294479816827982,0.38320829015193414,0.20427265464987224,0.4598376197731279,0.8654460471466218
6121207540,0.4491352908111119,0.33699179214104646,-0.024510590025250464,0.06850361795837902,0.05280945771492569,0.076729037058247,0.599605453445482,0.3252710180515344,0.24600943623128738,-0.15322267348553806,-0.1526470627744011,0.10021522445390878,-0.2489573162239615,-0.1309124124135789,-0.0977055513281098,1.0,0.9423856889162167,0.2597712508122304,0.05801414242192222,0.058502213163864406,0.3079146319199534,0.05892787686606752,0.0665208936774833,0.3919530413314637,0.16697023543599976,0.02958053820951769,0.07617595793721418
6121207730,0.4595981742667299,0.4112696348169137,0.036970068736257765,0.1930781729001431,0.04791485332218718,0.04269352059108796,0.4765728786405726,0.23054188738743583,0.4342168884060636,-0.17275575581488403,-0.16937316271759797,0.10578480354148284,-0.30985165537470566,-0.2197400983528766,-0.1693261848696115,0.9423856889162167,1.0,0.148296943297237,0.12292239146363634,0.1112196879855652,0.4390889403213152,0.028011974203068918,0.06173368602888629,0.32965613970192553,0.1580457316219643,0.12351975393767874,0.009254765746395494
6121207920,0.6409536285989457,0.816899641589404,-0.10277960015766989,0.5101064600482047,0.018189338407871597,0.033135498370990724,0.6062445570801969,0.2590554765546088,0.041033785784285605,-0.12963168616976545,-0.12837827388505607,0.021780701438516133,-0.20349745447460865,-0.095707988895979,-0.049319101756600627,0.2597712508122304,0.148296943297237,1.0,-0.11554936589443845,-0.08898519997888417,0.7197942458784369,0.01585473058222174,0.013525811329282038,0.3268401494973801,0.0972590016379626,-0.022772717225122776,0.0849157852816713
6121208600,0.3734400734184718,0.21106697824508105,0.8623213791797103,-0.05562510097887905,0.7791151414156783,0.7520858421077895,-0.12472560194751382,-0.5424817282440921,0.31364729535912983,0.05711262573151146,0.06655194513659873,0.863863411315365,-0.14400763499875938,-0.10264253828613318,-0.09292835170475125,0.05801414242192222,0.12292239146363634,-0.11554936589443845,1.0,0.9953998773644658,0.13029115957449794,0.7289222580639093,0.7929884228013209,0.14685372589837412,0.5574732154790186,0.2389566928427569,0.10711534052470087
6121209010,0.37052781485806824,0.21745888470174557,0.8403831281572346,-0.05653675921331107,0.7708311084577721,0.75016974744084,-0.11454473928439095,-0.5214431925448171,0.28883126231254413,0.10593297854502563,0.11158451492398058,0.9110055091275541,-0.12175216220894086,-0.071769150018591,-0.08645923144478232,0.058502213163864406,0.1112196879855652,-0.08898519997888417,0.9953998773644658,1.0,0.1310469904549595,0.7272410685166865,0.7836533457181438,0.1387305569922754,0.5333799236386971,0.2060372031906131,0.10364579799831378
6121209160,0.8130778651944545,0.9101845135157133,0.014686319999590192,0.650711706638025,0.04972091443493053,0.033363607273069334,0.7040599090929737,0.2820737343989426,0.7215420700256147,-0.29530403791824933,-0.2843632111103544,0.14530429428225797,-0.5584128557684679,-0.3863936518731932,-0.18094179720551934,0.3079146319199534,0.4390889403213152,0.7197942458784369,0.13029115957449794,0.1310469904549595,1.0,0.010899586744941332,0.0850800607336181,0.4778176288124624,0.2663941515461068,0.26154366571686305,0.08143681925179458
6121209650,0.39970612914443054,0.24424582235708325,0.859500255186762,-0.2301000610012199,0.9221640918397589,0.9750570683857798,-0.0051227609165368565,-0.48042021516527206,-0.02374419431388026,-0.01107243188678494,-0.023266178390685715,0.6363358144575094,0.3099835145438794,0.10269400894179487,-0.09479230435319255,0.05892787686606752,0.028011974203068918,0.01585473058222174,0.7289222580639093,0.7272410685166865,0.010899586744941332,1.0,0.9826850337870922,0.20551780211022916,0.4737988438895396,0.040065358814254035,0.11092622850093445
6121210020,0.4350543274763102,0.2796559551683978,0.8909716148307555,-0.17208358227000642,0.9391534551059627,0.9460552529843277,-0.019022027954744166,-0.4846771955159806,0.08903497121664657,-0.01238157206997092,-0.019039532714036012,0.6495722061976315,0.20702199229764404,0.04132638618104205,-0.10294479816827982,0.0665208936774833,0.06173368602888629,0.013525811329282038,0.7929884228013209,0.7836533457181438,0.0850800607336181,0.9826850337870922,1.0,0.19575180874726975,0.48874565571283374,0.10488431913037213,0.10384463999627057
6121210110,0.6917142827209829,0.5861233448668118,0.10485161045751999,0.06150188700687096,0.2229721722326985,0.2413666838256954,0.7965790968977275,0.2024534345947543,0.40015011522737426,-0.14735140848242567,-0.15243088802018606,0.16745533035740165,-0.19121319963910027,0.03871263457202187,0.38320829015193414,0.3919530413314637,0.32965613970192553,0.3268401494973801,0.14685372589837412,0.1387305569922754,0.4778176288124624,0.20551780211022916,0.19575180874726975,1.0,0.5134379394518289,0.306741186167176,0.7118638733899781
6121210620,0.5549466940119889,0.40231518393460824,0.47871364088131046,-0.07693463513335652,0.5360267947809645,0.5228332290130528,0.13786531627431378,-0.3452848009431522,0.2979941748154223,-0.10809355481812404,-0.11378806650946172,0.4301675405542075,-0.13604334243506502,0.2009340401223929,0.20427265464987224,0.16697023543599976,0.1580457316219643,0.0972590016379626,0.5574732154790186,0.5333799236386971,0.2663941515461068,0.4737988438895396,0.48874565571283374,0.5134379394518289,1.0,0.6219724548651171,0.5094889815609505
6121210630,0.30108303914155365,0.22355541369275342,0.14422097433915934,0.017764131801776484,0.11634022581217271,0.07098851032228644,-0.03261773329010655,-0.10239356037441188,0.40235070527836353,-0.13836054553207802,-0.13522831543014852,0.09760190234321316,-0.2544550949491008,-0.04683026212736345,0.4598376197731279,0.02958053820951769,0.12351975393767874,-0.022772717225122776,0.2389566928427569,0.2060372031906131,0.26154366571686305,0.040065358814254035,0.10488431913037213,0.306741186167176,0.6219724548651171,1.0,0.7790854135033435
6121210750,0.22008581371672165,0.1500119525398589,0.014434422008965254,-0.09356972072936798,0.1001130067318617,0.12869612185121984,0.27310744424344835,0.14219846434077077,0.09265721891649661,-0.10004353623528313,-0.10428222811294766,0.11528252555151798,-0.11212154139444182,0.2287596208790642,0.8654460471466218,0.07617595793721418,0.009254765746395494,0.0849157852816713,0.10711534052470087,0.10364579799831378,0.08143681925179458,0.11092622850093445,0.10384463999627057,0.7118638733899781,0.5094889815609505,0.7790854135033435,1.0
