,6120505250,6120505300,6120505670,6121162320,6121163680,6121164120
6120505250,1.0,-0.964620566266,-0.911276830233,-0.94830660596,-0.969225099125,-0.918117372515
6120505300,-0.964620566266,1.0,0.999063649921,0.99582968284,0.922462786757,-0.88260423882
6120505670,-0.911276830233,0.999063649921,1.0,0.998804645843,0.938411179968,-0.868276913759
6121162320,-0.94830660596,0.99582968284,0.998804645843,1.0,0.953195237534,-0.831786036688
6121163680,-0.969225099125,0.922462786757,0.938411179968,0.953195237534,1.0,-0.985511727867
6121164120,-0.918117372515,-0.88260423882,-0.868276913759,-0.831786036688,-0.985511727867,1.0
