,6120505250,6120505300,6120505670,6120513900,6121162320,6121163680,6121164120
6120505250,0.0,2.55189802375,3.22098632135,24.6301788257,3.68463669215,6.58424389168,19.8203481627
6120505300,2.55189802375,0.0,1.14342182293,26.1522227117,2.77847083529,7.1571846408,21.0461713252
6120505670,3.22098632135,1.14342182293,0.0,25.6873136921,1.85728685809,6.46751830471,20.459219733
6120513900,24.6301788257,26.1522227117,25.6873136921,0.0,23.9677130679,19.3592574296,5.87283889184
6121162320,3.68463669215,2.77847083529,1.85728685809,23.9677130679,0.0,4.65854042277,18.6688033029
6121163680,6.58424389168,7.1571846408,6.46751830471,19.3592574296,4.65854042277,0.0,14.0107112524
6121164120,19.8203481627,21.0461713252,20.459219733,5.87283889184,18.6688033029,14.0107112524,0.0
