,6120505250,6120505300,6120505670,6120513900,6121162320,6121163680,6121164120
6120505250,0.0,811.348999021,811.348999021,794.399047851,811.348999021,888.188964841,206.154998779
6120505300,811.348999021,0.0,0.0,16.94995117,0.0,76.83996582,1017.5039978
6120505670,811.348999021,0.0,0.0,16.94995117,0.0,76.83996582,1017.5039978
6120513900,794.399047851,16.94995117,16.94995117,0.0,16.94995117,93.78991699,1000.55404663
6121162320,811.348999021,0.0,0.0,16.94995117,0.0,76.83996582,1017.5039978
6121163680,888.188964841,76.83996582,76.83996582,93.78991699,76.83996582,0.0,1094.34396362
6121164120,206.154998779,1017.5039978,1017.5039978,1000.55404663,1017.5039978,1094.34396362,0.0
