,6120505250,6120505300,6120505670,6121162320,6121163680,6121164120
6120505250,0.0,0.0468813483108,0.114375017677,0.0679301980262,0.0408754507849,0.105934514065
6120505300,0.0468813483108,0.0,0.0012625116777,0.00561387957756,0.100539948826,0.149067160265
6120505670,0.114375017677,0.0012625116777,0.0,0.00161152659265,0.0805226982868,0.165986846772
6121162320,0.0679301980262,0.00561387957756,0.00161152659265,0.0,0.0616603850105,0.207829559689
6121163680,0.0408754507849,0.100539948826,0.0805226982868,0.0616603850105,0.0,0.0194025844023
6121164120,0.105934514065,0.149067160265,0.165986846772,0.207829559689,0.0194025844023,0.0
