,6120505250,6120505300,6120505670,6120513900,6121162320,6121163680,6121164120
6120505250,1.0,-0.641048466434,-0.612463280466,-0.843046973835,-0.625147388339,-0.559764403005,-0.908575146407
6120505300,-0.641048466434,1.0,0.998990837145,0.06979842558,0.995356777116,0.920837864941,-0.582892556913
6120505670,-0.612463280466,0.998990837145,1.0,0.113092628937,0.998634494083,0.937177397056,-0.579358059139
6120513900,-0.843046973835,0.06979842558,0.113092628937,1.0,0.158055397517,0.454400921022,-0.798055783545
6121162320,-0.625147388339,0.995356777116,0.998634494083,0.158055397517,1.0,0.953456815553,-0.567069449847
6121163680,-0.559764403005,0.920837864941,0.937177397056,0.454400921022,0.953456815553,1.0,-0.57065290632
6121164120,-0.908575146407,-0.582892556913,-0.579358059139,-0.798055783545,-0.567069449847,-0.57065290632,1.0
