,6120505250,6120505300,6120505670,6120513900,6121162320,6121163680,6121164120
6120505250,0.0,0.39730840326,0.421476361401,0.195108696655,0.410888347536,0.463142558877,0.117691220751
6120505300,0.39730840326,0.0,0.00136063798257,0.671196301283,0.00624900139385,0.102560171197,0.445317647966
6120505670,0.421476361401,0.00136063798257,0.0,0.665855668139,0.00184076138352,0.0820834968627,0.448088402341
6120513900,0.195108696655,0.671196301283,0.665855668139,0.0,0.657632673204,0.535215028144,0.244909206407
6121162320,0.410888347536,0.00624900139385,0.00184076138352,0.657632673204,0.0,0.0613239948974,0.457590508209
6121163680,0.463142558877,0.102560171197,0.0820834968627,0.535215028144,0.0613239948974,0.0,0.454840658518
6121164120,0.117691220751,0.445317647966,0.448088402341,0.244909206407,0.457590508209,0.454840658518,0.0
