,6120287390,6120289020,6120294650,6120296380,6120304120,6120304850,6120307000,6120308240,6120310970,6120312640,6120312930,6120316800,6120317770,6121075650,6121076010,6121076660,6121078510,6121078720,6121079540,6121080580
6120287390,1.0,-0.212185556615,-0.139627511501,0.0387699643489,-0.272624269912,0.1850579589,0.068587584016,0.0595270003388,0.0300572498327,-0.01211209055,-0.0555248871403,-0.0382259683286,-0.485429530211,0.924858367269,0.476064240346,-0.0188359846066,0.136157559981,0.146674931533,-0.0850620291468,-0.214263129368
6120289020,-0.212185556615,1.0,0.620320889128,0.553568017386,-0.288984865277,-0.013767548957,0.0135488463388,0.104364000509,0.11264925766,0.00463873267726,-0.0982221087552,-0.0519652498769,-0.290139371307,-0.104562814691,-0.150878674051,0.456457472349,0.339796438008,0.260486216886,0.00572550529897,-0.203034951689
6120294650,-0.139627511501,0.620320889128,1.0,0.704707739429,-0.311995950073,-0.0123369160163,0.0267638188836,0.116692254563,0.124328752422,-0.0174191477659,-0.137366261971,-0.0875780364336,-0.273045629902,0.132602213259,0.601624232001,0.917350028216,0.393706453059,0.340626146477,0.102223772017,-0.122815864686
6120296380,0.0387699643489,0.553568017386,0.704707739429,1.0,-0.396900526101,0.562816382186,0.333644004638,0.520899825907,0.52853797056,0.382622439772,0.242279571686,0.27831598568,-0.534763969567,0.185664249201,0.282715322533,0.577627650629,0.911738092452,0.88754456971,0.362951958389,-0.0224365822011
6120304120,-0.272624269912,-0.288984865277,-0.311995950073,-0.396900526101,1.0,0.0913754169495,0.301595690634,-0.110094035471,-0.171129491844,-0.139178615638,-0.137847059679,-0.171304093399,0.194398870761,-0.344711518393,-0.30789880197,-0.320611935229,-0.35493069746,-0.321229970668,0.0766563749341,0.496487335904
6120304850,0.1850579589,-0.013767548957,-0.0123369160163,0.562816382186,0.0913754169495,1.0,0.743914556155,0.828398559311,0.811603600403,0.773672335577,0.680733887571,0.648487278119,-0.419629145011,0.156798645216,0.0754027556332,0.0925416754812,0.749040363942,0.716696746584,0.238659860878,-0.0918903220633
6120307000,0.068587584016,0.0135488463388,0.0267638188836,0.333644004638,0.301595690634,0.743914556155,1.0,0.947303136776,0.920144330118,0.828218094357,0.672025620912,0.64567579594,-0.242584652379,0.0277954857062,-0.0176038464451,0.0156517708332,0.385393738701,0.343842139991,-0.0414726506739,-0.0771046471602
6120308240,0.0595270003388,0.104364000509,0.116692254563,0.520899825907,-0.110094035471,0.828398559311,0.947303136776,1.0,0.995387049282,0.92155972577,0.785851371801,0.770194401451,-0.252513937553,0.0186622481367,-0.0288282339505,0.0802315737582,0.574508241044,0.548950252876,-0.046099905732,-0.176355840986
6120310970,0.0300572498327,0.11264925766,0.124328752422,0.52853797056,-0.171129491844,0.811603600403,0.920144330118,0.995387049282,1.0,0.942010850416,0.820060081573,0.803833145362,-0.197459544279,-0.0171736118019,-0.0610393429231,0.0708216852318,0.573596617793,0.55939083754,-0.0812623790165,-0.216677425411
6120312640,-0.01211209055,0.00463873267726,-0.0174191477659,0.382622439772,-0.139178615638,0.773672335577,0.828218094357,0.92155972577,0.942010850416,1.0,0.956485052613,0.945442426764,-0.145212692154,-0.0819504121135,-0.125769578231,-0.00409767993423,0.487526065727,0.45086281134,-0.249363335611,-0.356325351883
6120312930,-0.0555248871403,-0.0982221087552,-0.137366261971,0.242279571686,-0.137847059679,0.680733887571,0.672025620912,0.785851371801,0.820060081573,0.956485052613,1.0,0.985383681458,-0.0885464718895,-0.140673002025,-0.179347574743,-0.0772131155726,0.373361845353,0.343782322024,-0.355113386737,-0.431525912962
6120316800,-0.0382259683286,-0.0519652498769,-0.0875780364336,0.27831598568,-0.171304093399,0.648487278119,0.64567579594,0.770194401451,0.803833145362,0.945442426764,0.985383681458,1.0,-0.15286847269,-0.11533399541,-0.154138161407,-0.045638511243,0.3920499555,0.355318436157,-0.339866367032,-0.413553907445
6120317770,-0.485429530211,-0.290139371307,-0.273045629902,-0.534763969567,0.194398870761,-0.419629145011,-0.242584652379,-0.252513937553,-0.197459544279,-0.145212692154,-0.0885464718895,-0.15286847269,1.0,-0.581547240856,-0.500908209111,-0.416314209697,-0.608020454103,-0.487212995645,-0.303632398856,-0.0267906852049
6121075650,0.924858367269,-0.104562814691,0.132602213259,0.185664249201,-0.344711518393,0.156798645216,0.0277954857062,0.0186622481367,-0.0171736118019,-0.0819504121135,-0.140673002025,-0.11533399541,-0.581547240856,1.0,0.767739245543,0.268721368493,0.23097470726,0.188166367542,-0.0055225940697,-0.20494683703
6121076010,0.476064240346,-0.150878674051,0.601624232001,0.282715322533,-0.30789880197,0.0754027556332,-0.0176038464451,-0.0288282339505,-0.0610393429231,-0.125769578231,-0.179347574743,-0.154138161407,-0.500908209111,0.767739245543,1.0,0.788782547593,0.24358270494,0.16254866383,0.0708402599818,-0.132859395058
6121076660,-0.0188359846066,0.456457472349,0.917350028216,0.577627650629,-0.320611935229,0.0925416754812,0.0156517708332,0.0802315737582,0.0708216852318,-0.00409767993423,-0.0772131155726,-0.045638511243,-0.416314209697,0.268721368493,0.788782547593,1.0,0.444070490322,0.290442994916,0.106168300438,-0.158018188762
6121078510,0.136157559981,0.339796438008,0.393706453059,0.911738092452,-0.35493069746,0.749040363942,0.385393738701,0.574508241044,0.573596617793,0.487526065727,0.373361845353,0.3920499555,-0.608020454103,0.23097470726,0.24358270494,0.444070490322,1.0,0.963578484163,0.499896648108,0.0509829529636
6121078720,0.146674931533,0.260486216886,0.340626146477,0.88754456971,-0.321229970668,0.716696746584,0.343842139991,0.548950252876,0.55939083754,0.45086281134,0.343782322024,0.355318436157,-0.487212995645,0.188166367542,0.16254866383,0.290442994916,0.963578484163,1.0,0.594932778182,0.170065233519
6121079540,-0.0850620291468,0.00572550529897,0.102223772017,0.362951958389,0.0766563749341,0.238659860878,-0.0414726506739,-0.046099905732,-0.0812623790165,-0.249363335611,-0.355113386737,-0.339866367032,-0.303632398856,-0.0055225940697,0.0708402599818,0.106168300438,0.499896648108,0.594932778182,1.0,0.831108473059
6121080580,-0.214263129368,-0.203034951689,-0.122815864686,-0.0224365822011,0.496487335904,-0.0918903220633,-0.0771046471602,-0.176355840986,-0.216677425411,-0.356325351883,-0.431525912962,-0.413553907445,-0.0267906852049,-0.20494683703,-0.132859395058,-0.158018188762,0.0509829529636,0.170065233519,0.831108473059,1.0
