,6120287390,6120289020,6120294650,6120296380,6120304120,6120304850,6120307000,6120308240,6120310970,6120312640,6120312930,6120316800,6120317770,6121075650,6121076010,6121076660,6121078510,6121078720,6121079540,6121080580
6120287390,0.0,0.644115238202,0.661332658076,0.673468436462,0.624352043295,0.651383635916,0.671309319913,0.672092254137,0.673872904497,0.674383309186,0.672402819949,0.673496687476,0.51554602491,0.0975550906213,0.52161951362,0.674242955108,0.661978111175,0.65997175956,0.669602008288,0.643517661645
6120289020,0.644115238202,0.0,0.414942830126,0.467795567135,0.618154725073,0.674354412567,0.674358442037,0.667135901643,0.665923175361,0.674467744178,0.667975134255,0.672660894328,0.617703764601,0.667107885259,0.65912809102,0.533951569743,0.596605443942,0.62871656629,0.674460147099,0.64667794624
6120294650,0.661332658076,0.414942830126,0.0,0.339525601538,0.608827161207,0.674379601719,0.673999124589,0.665297777185,0.664056354547,0.674277601648,0.661755121414,0.669309037704,0.624196963998,0.662622602025,0.430352246679,0.106884478784,0.569934289578,0.596224663377,0.667434120626,0.664308544852
6120296380,0.673468436462,0.467795567135,0.339525601538,0.0,0.568231048914,0.460831719811,0.599400024561,0.491470515737,0.486064029391,0.575738101328,0.634890559916,0.622237004975,0.481598878051,0.651232035723,0.620572270995,0.449438754885,0.113807853702,0.143168731419,0.585629928157,0.674142723062
6120304120,0.624352043295,0.618154725073,0.608827161207,0.568231048914,0.0,0.668850690347,0.613131377998,0.666307062742,0.654729840312,0.661417072847,0.661665872617,0.654689513398,0.648992951899,0.59433620799,0.610540211655,0.605150868583,0.589513815595,0.604883314256,0.67051886506,0.508222600486
6120304850,0.651383635916,0.674354412567,0.674379601719,0.460831719811,0.668850690347,0.0,0.301217795696,0.211622738477,0.230200521895,0.270758166167,0.361928106367,0.390838355606,0.555713608071,0.657899561478,0.670647437742,0.668706017358,0.296056252802,0.328031595231,0.63606474022,0.668787043189
6120307000,0.671309319913,0.674358442037,0.673999124589,0.599400024561,0.613131377998,0.301217795696,0.0,0.0692131887084,0.103421340203,0.211824382535,0.369873635867,0.393292470375,0.634790788671,0.673961159989,0.674273238624,0.674317024312,0.574302531663,0.594739962296,0.673322161078,0.670472375159
6120308240,0.672092254137,0.667135901643,0.665297777185,0.491470515737,0.666307062742,0.211622738477,0.0692131887084,0.0,0.00620835430825,0.101663140381,0.257947390291,0.274379776263,0.631475050694,0.674247349232,0.673921717584,0.670140544178,0.451862833153,0.471229470794,0.673048847003,0.653504926796
6120310970,0.673872904497,0.665923175361,0.664056354547,0.486064029391,0.654729840312,0.230200521895,0.103421340203,0.00620835430825,0.0,0.0759571955946,0.220893925863,0.238667080899,0.648184011149,0.674283330543,0.67196927065,0.671099249434,0.452568772646,0.4634245449,0.670028263916,0.642815918113
6120312640,0.674383309186,0.674467744178,0.674277601648,0.575738101328,0.661417072847,0.270758166167,0.211824382535,0.101663140381,0.0759571955946,0.0,0.0574229535889,0.0715886144653,0.660259635047,0.66995252239,0.663813306127,0.674470932361,0.514170191745,0.53737534246,0.632541552502,0.588844758607
6120312930,0.672402819949,0.667975134255,0.661755121414,0.634890559916,0.661665872617,0.361928106367,0.369873635867,0.257947390291,0.220893925863,0.0574229535889,0.0,0.0195728008461,0.669193994491,0.661135000017,0.652787163068,0.670461085269,0.580460059784,0.594767705301,0.589426323484,0.548883804633
6120316800,0.673496687476,0.672660894328,0.669309037704,0.622237004975,0.654689513398,0.390838355606,0.393292470375,0.274379776263,0.238667080899,0.0715886144653,0.0195728008461,0.0,0.658720436872,0.665510341468,0.658457521759,0.673077396218,0.570812198094,0.589328069202,0.596573387043,0.559127692231
6120317770,0.51554602491,0.617703764601,0.624196963998,0.481598878051,0.648992951899,0.555713608071,0.634790788671,0.631475050694,0.648184011149,0.660259635047,0.669193994491,0.658720436872,0.0,0.446374251103,0.50524856591,0.557582664605,0.425133672181,0.514376017855,0.612299961913,0.673998154135
6121075650,0.0975550906213,0.667107885259,0.662622602025,0.651232035723,0.59433620799,0.657899561478,0.673961159989,0.674247349232,0.674283330543,0.66995252239,0.661135000017,0.665510341468,0.446374251103,0.0,0.27692653148,0.625777101995,0.638499090892,0.650601146304,0.674461686515,0.646151840365
6121076010,0.52161951362,0.65912809102,0.430352246679,0.620572270995,0.610540211655,0.670647437742,0.674273238624,0.673921717584,0.67196927065,0.663813306127,0.652787163068,0.658457521759,0.50524856591,0.27692653148,0.0,0.254834297989,0.634463516001,0.656661041429,0.671097474645,0.662576553844
6121076660,0.674242955108,0.533951569743,0.106884478784,0.449438754885,0.605150868583,0.668706017358,0.674317024312,0.670140544178,0.671099249434,0.674470932361,0.670461085269,0.673077396218,0.557582664605,0.625777101995,0.254834297989,0.0,0.541475300407,0.617584867871,0.666879690509,0.657640605591
6121078510,0.661978111175,0.596605443942,0.569934289578,0.113807853702,0.589513815595,0.296056252802,0.574302531663,0.451862833153,0.452568772646,0.514170191745,0.580460059784,0.570812198094,0.425133672181,0.638499090892,0.634463516001,0.541475300407,0.0,0.048236613651,0.505931394998,0.67272910182
6121078720,0.65997175956,0.62871656629,0.596224663377,0.143168731419,0.604883314256,0.328031595231,0.594739962296,0.471229470794,0.4634245449,0.53737534246,0.594767705301,0.589328069202,0.514376017855,0.650601146304,0.656661041429,0.617584867871,0.048236613651,0.0,0.435752627801,0.654974757856
6121079540,0.669602008288,0.674460147099,0.667434120626,0.585629928157,0.67051886506,0.63606474022,0.673322161078,0.673048847003,0.670028263916,0.632541552502,0.589426323484,0.596573387043,0.612299961913,0.674461686515,0.671097474645,0.666879690509,0.505931394998,0.435752627801,0.0,0.208589510205
6121080580,0.643517661645,0.64667794624,0.664308544852,0.674142723062,0.508222600486,0.668787043189,0.670472375159,0.653504926796,0.642815918113,0.588844758607,0.548883804633,0.559127692231,0.673998154135,0.646151840365,0.662576553844,0.657640605591,0.67272910182,0.654974757856,0.208589510205,0.0
