,6120395770,6120396080,6120396460,6120396800,6120396970,6120397640,6121116180
6120395770,0.0,4.22610935677,8.66424134608,20.6799483119,16.8332581904,23.8019816917,1.66019927771
6120396080,4.22610935677,0.0,4.43860603863,16.5799578903,12.9148566038,19.6657174299,5.88290506556
6120396460,8.66424134608,4.43860603863,0.0,12.3330844277,9.04570560863,15.3485678335,10.3192545927
6120396800,20.6799483119,16.5799578903,12.3330844277,0.0,4.40434380688,3.19823176292,22.2739525562
6120396970,16.8332581904,12.9148566038,9.04570560863,4.40434380688,0.0,7.55810621899,18.3681620757
6120397640,23.8019816917,19.6657174299,15.3485678335,3.19823176292,7.55810621899,0.0,25.4087324827
6121116180,1.66019927771,5.88290506556,10.3192545927,22.2739525562,18.3681620757,25.4087324827,0.0
