,6120405880,6120407830,6120408060,6120411150,6120413190,6120420870,6120422620,6120423040,6120424770,6120427700,6120429070,6120430920,6120432120,6120432920,6120434220,6120438450,6120438950,6120439090,6120441950,6120445640,6120448930,6120449060,6120450440,6120451170,6120451760,6120452600,6120452830,6120454660,6120454770,6120460540,6120461070,6120461830,6120462450,6120463810,6120466900,6120468030,6120468890,6120470350,6120471170,6120471180,6120474360,6120476130,6120477200,6120477310,6120477410,6120480900,6121125150,6121125460,6121126060,6121126470,6121137480,6121142070,6121142220,6121142700,6121143020,6121143460,6121145000,6121148510,6121150610
6120405880,0.0,0.005327421270588352,0.006379046910973799,0.03149970229281494,0.0476506632756561,0.18892743074300294,0.42345898388587916,0.5192087358258205,0.5764076262930876,0.09360079106843852,0.23469932866277624,0.21057798629860025,0.4503335978728117,0.3513053745653786,0.346103812648396,0.5003289946625653,0.5601908542260509,0.5650013242680308,0.3707071921402632,0.27296359505637,0.19362809018098665,0.19452784388632008,0.21524642404934394,0.15882302917574798,0.17318408210717454,0.18016531094126162,0.17944935594069295,0.20844742295831398,0.21086438870678698,0.3528280289634119,0.318979111710139,0.27493147743051116,0.4260266952974967,0.29397919914882836,0.5480759592878511,0.595468451510592,0.6144597319584933,0.6344555454273416,0.6504173323042484,0.6505675190974491,0.6603647954809827,0.6708756644247353,0.6417192041776723,0.6270264017557069,0.6692539018970695,0.6671030104881028,0.05260444286729395,0.0709586932423094,0.14662511151839813,0.15237788982040135,0.29230443894133024,0.2433728487551046,0.27485432104174823,0.25783312544489684,0.29448724384402036,0.3347359423479335,0.4430934030419964,0.670465495872006,0.6632950127057743
6120407830,0.005327421270588352,0.0,7.105599657529716e-05,0.01796523452812333,0.054213789712083384,0.17396363392743144,0.4059930252563892,0.504284686259646,0.5627084463193442,0.094084830871727,0.24181570666854718,0.22241256239216858,0.4427450314687115,0.3459967115406869,0.3440941862267972,0.5114122488437864,0.5691191416439898,0.5736479915806926,0.3854309660563221,0.2774229437786511,0.1992265603726485,0.20015224689816596,0.21970918300432798,0.17003585599470428,0.17772416049417777,0.18351713100260328,0.18275076290610062,0.2110458254140339,0.21347007241799607,0.3520417678873809,0.3240784183340751,0.2794575468159841,0.4248360044331833,0.3048716751814238,0.5448567300371672,0.5926743375806744,0.6120391040931127,0.6328865782270555,0.648932029078826,0.6490852415115602,0.6585111831158529,0.6713454353683346,0.6402476773783791,0.6255223506517051,0.6677285083609875,0.6652181608028274,0.032797640800463525,0.049461505223614234,0.1198950666552468,0.14950860277035546,0.30073121655752016,0.2446786518303362,0.2819423766908439,0.2577656595166475,0.2959598399210653,0.33581419514544064,0.44072203553065764,0.6710265348924512,0.6611396259468982
6120408060,0.006379046910973799,7.105599657529716e-05,0.0,0.016761886432472787,0.05253554873743358,0.1719142742294673,0.4039438642791355,0.5026157420097611,0.5610894949635225,0.0937043200230411,0.24191217190085504,0.222799552959537,0.4419697702593137,0.34529361494120947,0.343826567481507,0.5120770402737108,0.5696293408421702,0.5741430094714155,0.3866549527434356,0.27822550188222284,0.20011733853027197,0.20104298127666734,0.22047548518024318,0.17129217587545528,0.17855627435360302,0.18426978595966445,0.18350448309138745,0.21177128737707562,0.21419423328377551,0.3527071213132329,0.3250036781304,0.28041101088740256,0.42544265609707255,0.3062349764992693,0.5451281697528155,0.5928753514919226,0.6122194817505522,0.6330613136993872,0.6490446794041501,0.6491974612617647,0.6583312874483438,0.6714427268712804,0.6404433227761589,0.6257783279657001,0.66756986745145,0.6650426557676626,0.03120584826019686,0.04789430342852127,0.11807929942497154,0.14791708990868926,0.3018564081313425,0.2453584116548639,0.2829648812803921,0.25840207140261945,0.2966124821989706,0.3364116198882905,0.4411930285162992,0.6711321740574127,0.6609289812072634
6120411150,0.03149970229281494,0.01796523452812333,0.016761886432472787,0.0,0.03783523406236042,0.15606923561964742,0.37421667276395554,0.4739902941034302,0.5290892550997073,0.10990409076973001,0.25974970334230163,0.24797203009615118,0.43754039529838845,0.3496994055734669,0.3615029094820136,0.5411087755882951,0.5923549894740652,0.5962557532735855,0.4290503989044361,0.30596776434375084,0.23283056823720044,0.2338109867495348,0.25078966402349057,0.2190483796032748,0.2110848682909185,0.214992844082803,0.21432661282724774,0.2427593119853609,0.2451693535287688,0.3841811177621624,0.36137493468847437,0.3183367842165902,0.4539670012320399,0.3604387677331946,0.5581244835594206,0.6026013064606501,0.6205348490314917,0.6396787303713386,0.6533339997695647,0.653458862040485,0.6484081542529162,0.6742838726998056,0.6479756907264036,0.6355819975224775,0.6580796100576088,0.6545658462815104,0.016254150586787745,0.026719161441913657,0.09170682827856845,0.1502142453200081,0.33973918909119843,0.27698663435340815,0.3228396677236391,0.2879410374480588,0.32713156540758326,0.36434561821181377,0.4629904761171977,0.6741511774966631,0.648903635955269
6120413190,0.0476506632756561,0.054213789712083384,0.05253554873743358,0.03783523406236042,0.0,0.13548087477211723,0.36109667468805445,0.4669131423176726,0.5171628588456533,0.10972568739418996,0.25426502659945727,0.23858819423581393,0.44533406724430136,0.3594221385026615,0.3817922521986807,0.5410548342619985,0.5907391348280272,0.594753288522292,0.4403963236722704,0.3357884455900167,0.2654258647767626,0.2663128634152182,0.2818331560905575,0.2507469433178316,0.24585336729545398,0.25040691338147797,0.249993509736407,0.27925818660212626,0.28153780857175853,0.425709156476071,0.3947277133383349,0.35601683176559795,0.4916859258893599,0.3953697420278569,0.5835958855228127,0.6220306075752331,0.6370297683573853,0.6520205160824498,0.6623867758238948,0.6624731284000441,0.6450561293706342,0.6741775380151327,0.6593964326181001,0.6500743881253849,0.654267136479416,0.6516353185683317,0.03894318067031501,0.0632607758990807,0.14544966822829702,0.08432366980525748,0.369529136395245,0.31561278133035164,0.35542241595588925,0.32851101335216876,0.3625590310202135,0.3973772105071432,0.49780522903325,0.6743214200022993,0.64495946481781
6120420870,0.18892743074300294,0.17396363392743144,0.1719142742294673,0.15606923561964742,0.13548087477211723,0.0,0.11726847378107207,0.2664461816113477,0.3314791431249078,0.2368280770000329,0.43662686426070857,0.4305706920694446,0.5171996879585424,0.4713549994907445,0.5091275553950381,0.624341708479878,0.6471956598801698,0.6489275039716017,0.5724625854529619,0.4846681986464323,0.43713969533093916,0.4376848619479929,0.4438068385288988,0.43580105874392877,0.42045016991626827,0.42050283658158766,0.4201642368978805,0.43787564350716235,0.4393555865548281,0.5349178366419509,0.5177345963801349,0.4933351003745536,0.5766628317964174,0.5283622546915404,0.626648123831683,0.6490379065560801,0.6576046439809736,0.6658816885869068,0.6705527015508603,0.6705901900357427,0.6395517359323619,0.670247939186828,0.6700858819321852,0.6660318840514758,0.6425559961494409,0.6396751988917369,0.09904009446313856,0.08981908444476937,0.10498101730679048,0.06796309647009992,0.5177738387816435,0.460981848112236,0.49495454293269114,0.46816533886647316,0.49138774678466096,0.5124190413720964,0.5763653833446818,0.6709227878313486,0.63301400102227
6120422620,0.42345898388587916,0.4059930252563892,0.4039438642791355,0.37421667276395554,0.36109667468805445,0.11726847378107207,0.0,0.05403466622441174,0.27333230493787086,0.46169089417111187,0.5727550058065474,0.5744338838346406,0.6035088108220197,0.5835732272298016,0.6118632787517735,0.6627079000501822,0.669776893838795,0.6702628410986984,0.6510451987082103,0.6086568533637943,0.5882891196748778,0.5885277869411274,0.5898391331447926,0.5931975982054691,0.5806650123631377,0.5801718769103402,0.5801561559979769,0.5891923272120764,0.5898594547613071,0.6380843274493171,0.627499487996328,0.6185924513119235,0.6541087322215958,0.6382166113020498,0.6668208220181118,0.672378651001389,0.6738475822633998,0.6744765107841572,0.6742471187417102,0.674243764642426,0.6371783928391294,0.6565778019667452,0.6738853280138235,0.6744041868787096,0.6316066904264515,0.6305419325436602,0.3090938900593988,0.28676106420199315,0.26000128202298434,0.2563842394941902,0.628126784895575,0.6017690476560638,0.6174215034501527,0.6053802761818432,0.6149147143610921,0.6230140248163967,0.6512319685157402,0.6588856609282753,0.6247287018625042
6120423040,0.5192087358258205,0.504284686259646,0.5026157420097611,0.4739902941034302,0.4669131423176726,0.2664461816113477,0.05403466622441174,0.0,0.13859930607689086,0.5593683652811685,0.554798103476583,0.5760588309722411,0.6073848429247015,0.5897184150421375,0.623834302958337,0.6624138523763944,0.6689537813183444,0.6694528837583809,0.6665992809560359,0.6376356761431579,0.6251311455744033,0.6252967054793822,0.6256104319473537,0.6318365355356302,0.6207007025988774,0.6204952294807217,0.6206268715962066,0.62809266561353,0.6285509390711984,0.6630644110062273,0.6552922965330066,0.6506665553649891,0.6708392020390196,0.6643094348351634,0.6740482408391176,0.6742401295566448,0.6733755563540909,0.6720876520994241,0.670730801392012,0.6707351445602155,0.625476791114514,0.637682804137174,0.6679488339990066,0.6696930415109748,0.6119963701304595,0.6147137147761159,0.41901381656321374,0.39581363470333486,0.35540545393276285,0.3825990502909055,0.6526898657846072,0.6381815934334056,0.6483853277392413,0.6410681800872465,0.6467159511726721,0.6515184883432397,0.6686447980879823,0.6424831324212461,0.608575717321225
6120424770,0.5764076262930876,0.5627084463193442,0.5610894949635225,0.5290892550997073,0.5171628588456533,0.3314791431249078,0.27333230493787086,0.13859930607689086,0.0,0.5974233526465488,0.5010935747221511,0.5546038590450129,0.5663883322110078,0.5503106541955658,0.6165923834582955,0.6572872778630605,0.6644711557258599,0.6651198838820795,0.6744818295497164,0.6612349403033405,0.6544709561155158,0.6545477909272176,0.653738894385177,0.6604342515221132,0.6521490327884126,0.6520477688734273,0.652262210870991,0.657830153535841,0.6580969002200525,0.6744818086756816,0.6725803035292371,0.6714317813084855,0.6719283698782229,0.6743885614712156,0.6689071148771774,0.6628147185739137,0.659165989969148,0.6574856277874593,0.655841074519263,0.655908841420893,0.5947376374566443,0.5884289610312426,0.6452819152385543,0.6478231676709988,0.5646592656732936,0.5729664644915416,0.4719347605511281,0.4461601370391844,0.3906744809523349,0.4215443711487899,0.670652570122066,0.6646256010722654,0.669462950189884,0.6666192654703357,0.6688248443442624,0.6707533641971622,0.6738548635440962,0.5995643519451056,0.5645143319919803
6120427700,0.09360079106843852,0.094084830871727,0.0937043200230411,0.10990409076973001,0.10972568739418996,0.2368280770000329,0.46169089417111187,0.5593683652811685,0.5974233526465488,0.0,0.12288154972378586,0.21662349443214882,0.3200056863628893,0.2754031748321795,0.3545198274877534,0.5692685702063445,0.6035908606265238,0.606753577965249,0.49290749778813053,0.3994225657026065,0.3313835157675768,0.33192685193241966,0.3394521290478988,0.30812449967757194,0.3075178575529872,0.30772381135425386,0.30694361369393114,0.32636833201793236,0.32817968234244416,0.43615029900359115,0.4219629585950455,0.3867247148638612,0.4930128308190647,0.41246169905333324,0.5804672697014535,0.6164238522252414,0.6316372222595246,0.6491840817675252,0.6595933690573811,0.6597237939145231,0.6596603795640338,0.6738406511681441,0.654301600391809,0.644740870655686,0.6668261825166553,0.6655471192785251,0.11550933924759717,0.13197183100710813,0.2015683883238196,0.18408462655325888,0.4318068293917122,0.3495552127741945,0.3929589571714336,0.3595322896284268,0.38805308972786173,0.41795707374771873,0.5027284500535062,0.6739192380401392,0.6613988729839617
6120429070,0.23469932866277624,0.24181570666854718,0.24191217190085504,0.25974970334230163,0.25426502659945727,0.43662686426070857,0.5727550058065474,0.554798103476583,0.5010935747221511,0.12288154972378586,0.0,0.06426863492018974,0.37321618485845975,0.3113554549785616,0.40497419057955314,0.4899974209465372,0.522187245974558,0.5268790594412053,0.512692147939856,0.4543800428781297,0.3981269731760575,0.3983827921335009,0.4025277821612466,0.3685535527415491,0.3807907560792183,0.38277610243150784,0.382514437623278,0.40166106038228466,0.4030881140552301,0.504724813204627,0.4820365941424204,0.4562789541255063,0.5515935544718025,0.46889437035857434,0.6186143874432879,0.6438113631731801,0.6539142864051299,0.6639080105155002,0.6696249897252536,0.6696884095364412,0.6623727330644038,0.6743866400620283,0.666958831156612,0.6615375797837886,0.6683853859637873,0.6695020795531289,0.2779429019582152,0.29603795197557153,0.35053603140532363,0.3483226535652239,0.4767421338255193,0.4237154071583197,0.4525967782133416,0.4367359019719034,0.45494422805257057,0.48035236399755826,0.5591145751579276,0.674402099849839,0.6660100384083918
6120430920,0.21057798629860025,0.22241256239216858,0.222799552959537,0.24797203009615118,0.23858819423581393,0.4305706920694446,0.5744338838346406,0.5760588309722411,0.5546038590450129,0.21662349443214882,0.06426863492018974,0.0,0.2943639080860225,0.3446392044277923,0.44558066869238794,0.4947319614372521,0.5117211296503441,0.516237739488957,0.5016216470190556,0.44961340951445006,0.39010407385228096,0.3902961255233596,0.3939817024683366,0.3516625716190492,0.37007713887785293,0.3710154110321933,0.37044058916817113,0.38609053391953874,0.3874704210235466,0.47659777477921283,0.46051341491733844,0.432601121884152,0.5239910784991101,0.4365765347824423,0.6005621767514949,0.6294393635433457,0.641723849987476,0.6553395373984376,0.6635947903457633,0.663704262943782,0.6697936527005612,0.6724697825775359,0.657798863571772,0.6498729160021282,0.673934728129222,0.6741526917620062,0.27267004420657165,0.2948467949134339,0.3561020966563105,0.34328632517190066,0.4680689646527944,0.4033818472814005,0.43367927717485766,0.4148522851099442,0.43419638250682663,0.4601372241062546,0.5356110668483092,0.6728046263682755,0.6729700589683856
6120432120,0.4503335978728117,0.4427450314687115,0.4419697702593137,0.43754039529838845,0.44533406724430136,0.5171996879585424,0.6035088108220197,0.6073848429247015,0.5663883322110078,0.3200056863628893,0.37321618485845975,0.2943639080860225,0.0,0.05720882251783055,0.2590645901146752,0.5748200324801344,0.6111377875461117,0.6125531677136851,0.6217317206964051,0.5594732569147128,0.5410727399719863,0.5411194642355088,0.53509098102566,0.5451830170463049,0.535885658613379,0.5375676800125229,0.5385068489553999,0.5595841026554851,0.5604763659474163,0.6402665971963517,0.6268784317156119,0.617763196163991,0.6610734689624079,0.638050872177032,0.673423502068512,0.6740769659442024,0.6721918209082152,0.669423866036486,0.6668273533502647,0.666837944978974,0.60323323550597,0.6205900426767781,0.6631431683570471,0.6663259057372637,0.5902310871089528,0.5955827617279996,0.4309307535955308,0.4330097391511327,0.4533556893884079,0.47770068051673464,0.5842479339217905,0.5785337140702721,0.604804104510759,0.5918983545729837,0.5992593249425497,0.6146131129905553,0.6598290647774184,0.6274810105864662,0.5849778497965563
6120432920,0.3513053745653786,0.3459967115406869,0.34529361494120947,0.3496994055734669,0.3594221385026615,0.4713549994907445,0.5835732272298016,0.5897184150421375,0.5503106541955658,0.2754031748321795,0.3113554549785616,0.3446392044277923,0.05720882251783055,0.0,0.10653643928128412,0.46654956997548375,0.5294148572130025,0.5320879777202338,0.5165295874952973,0.43308029044362,0.41570513993390684,0.4157899853287497,0.40575993567318897,0.4200596951053752,0.41476586768304013,0.4211835757762506,0.4233663490634102,0.4649661003979325,0.46651713428442637,0.6077566733766504,0.5873589439979604,0.5717131597437378,0.6458893158827111,0.6010988646916885,0.6717952072623905,0.6742651173304757,0.6719503886356566,0.6679639399026664,0.6642081548533658,0.6642195721810259,0.5807046065840318,0.6042126690462172,0.6597137349439016,0.6642118063696678,0.567226226123463,0.5758431415975205,0.3491228482807078,0.35655073254146136,0.3909857142845935,0.41696487768606233,0.46082020278624736,0.49785165690869404,0.544468397525357,0.5248676669111706,0.5351796602565915,0.5646863688131756,0.6462625677293885,0.6132225608946092,0.5609892319636464
6120434220,0.346103812648396,0.3440941862267972,0.343826567481507,0.3615029094820136,0.3817922521986807,0.5091275553950381,0.6118632787517735,0.623834302958337,0.6165923834582955,0.3545198274877534,0.40497419057955314,0.44558066869238794,0.2590645901146752,0.10653643928128412,0.0,0.4399766714734378,0.5304239173791154,0.5337197751509128,0.3606051925447062,0.2657989844554306,0.2705716101532182,0.2709481690901752,0.25733700067329357,0.2882283629681253,0.28342686424629837,0.2986949744986028,0.3030171673507539,0.3769151877613991,0.37937937147608336,0.5893948021097357,0.5706467666954718,0.5493023440950493,0.641133445699599,0.5914217489193064,0.6728101698346439,0.6733932041963498,0.6691373383148127,0.6629693027976222,0.6584139827248655,0.6584499936364501,0.5501094375092057,0.5744768509715973,0.650003705780307,0.655774959954063,0.5259469804580105,0.5357983675094599,0.3731893199843841,0.384883953826016,0.42726339790655854,0.457624066557412,0.2863132878154335,0.42758297617232777,0.5053563736719453,0.47222919084539916,0.48555679494266013,0.5316844872006964,0.6434909660986616,0.5875864424182968,0.5181097725207331
6120438450,0.5003289946625653,0.5114122488437864,0.5120770402737108,0.5411087755882951,0.5410548342619985,0.624341708479878,0.6627079000501822,0.6624138523763944,0.6572872778630605,0.5692685702063445,0.4899974209465372,0.4947319614372521,0.5748200324801344,0.46654956997548375,0.4399766714734378,0.0,0.05356426275149497,0.0572737785800122,0.2048156869534984,0.3270583813768164,0.3745838703134741,0.3739927548307684,0.359952631001224,0.3332897858750659,0.4016204413004679,0.4184747101706225,0.4221466822328181,0.4676638228373465,0.4685907470566261,0.5882143164178443,0.5666270753794336,0.5582324105176043,0.6263867988176375,0.5310919906881212,0.6697478833839785,0.6743914102595233,0.6739136585522868,0.6719329670696306,0.6689162578103193,0.6688961697844502,0.6619731985466597,0.6654035963942512,0.6709249363387736,0.6729873379321183,0.6679161246890364,0.6715294496885063,0.5596856592302631,0.5730486894943322,0.6008825169765434,0.5937413362104921,0.25622362198615833,0.49054791830048594,0.5115323814842404,0.527466669397708,0.522576271057731,0.5557898372448263,0.6397516200373073,0.6668285998907646,0.668142872407812
6120438950,0.5601908542260509,0.5691191416439898,0.5696293408421702,0.5923549894740652,0.5907391348280272,0.6471956598801698,0.669776893838795,0.6689537813183444,0.6644711557258599,0.6035908606265238,0.522187245974558,0.5117211296503441,0.6111377875461117,0.5294148572130025,0.5304239173791154,0.05356426275149497,0.0,0.00013922930214821112,0.3112759704533082,0.42983299455341245,0.4777065207238042,0.4770916873604213,0.4627661533538571,0.44063954786463494,0.4989179267619468,0.5111805662318437,0.5140525339677,0.5460715716987546,0.5465972829005674,0.626618998472981,0.6104995555036823,0.607113024306032,0.6505310685207412,0.578843155536207,0.674008160918105,0.67372153159165,0.6713811818547216,0.6689794266949686,0.665737103643413,0.6657251676284831,0.66733976959183,0.6663456771354932,0.668426054377508,0.67079552190903,0.6714458677260795,0.6738095093454105,0.605413678361805,0.6152556470829373,0.634419798443454,0.627098539518677,0.36380912175867985,0.5601587825354147,0.5706310226176984,0.587535071612813,0.5818564343637262,0.6047730539861219,0.659358684796256,0.6676492207820459,0.6720787869970877
6120439090,0.5650013242680308,0.5736479915806926,0.5741430094714155,0.5962557532735855,0.594753288522292,0.6489275039716017,0.6702628410986984,0.6694528837583809,0.6651198838820795,0.606753577965249,0.5268790594412053,0.516237739488957,0.6125531677136851,0.5320879777202338,0.5337197751509128,0.0572737785800122,0.00013922930214821112,0.0,0.31012613883718076,0.43252426300192803,0.4819681484331897,0.48135435580480584,0.4669176109137687,0.4460674045946628,0.5033662259163152,0.5155090573377076,0.5183720621290377,0.5500416946773402,0.5505507090190009,0.6289080614330937,0.6132980289660147,0.6101583523363285,0.6520348285917809,0.5825762650640395,0.6741646639312231,0.673520146561719,0.6710151531522709,0.668558491272876,0.6652865154535027,0.665275930110247,0.6672300128899076,0.6659230934753754,0.6679698539237358,0.6703983791499304,0.6712876089436998,0.6737433028765905,0.6088594450878555,0.6183603104063035,0.6367762806610988,0.6297341313170511,0.3656430459373869,0.56385392414447,0.5742159298218747,0.5908031742707007,0.5850687162469816,0.607487571133022,0.6605131653308417,0.6672846279089679,0.6719702122170348
6120441950,0.3707071921402632,0.3854309660563221,0.3866549527434356,0.4290503989044361,0.4403963236722704,0.5724625854529619,0.6510451987082103,0.6665992809560359,0.6744818295497164,0.49290749778813053,0.512692147939856,0.5016216470190556,0.6217317206964051,0.5165295874952973,0.3606051925447062,0.2048156869534984,0.3112759704533082,0.31012613883718076,0.0,0.09487970412404648,0.15773091535006592,0.15822612119608537,0.16008884448568317,0.14097736442180847,0.1867663980646703,0.20658236908310157,0.21026651960890003,0.26912475743540343,0.27103282375640414,0.43160677901023703,0.41888243929004226,0.39277137403404594,0.49836705655396396,0.38165410792347476,0.6085111083674434,0.6394469295976122,0.6523038641650072,0.6641939513063669,0.6702677641628626,0.6703278923108873,0.6665641572620772,0.674135832449814,0.666468669918918,0.6603558871514301,0.6727252760455049,0.673057184730018,0.46430388551868407,0.48467600296521157,0.5338536483951686,0.5286356097005512,0.02840267847847246,0.30398074008259063,0.349991956268947,0.3435582025635329,0.35515698631566067,0.4036800467179022,0.5258126903900054,0.6741269973594616,0.6707313811057404
6120445640,0.27296359505637,0.2774229437786511,0.27822550188222284,0.30596776434375084,0.3357884455900167,0.4846681986464323,0.6086568533637943,0.6376356761431579,0.6612349403033405,0.3994225657026065,0.4543800428781297,0.44961340951445006,0.5594732569147128,0.43308029044362,0.2657989844554306,0.3270583813768164,0.42983299455341245,0.43252426300192803,0.09487970412404648,0.0,0.03382449621312269,0.03557447105528071,0.059015390437715524,0.12581923830792952,0.04852666167794111,0.06323470098875793,0.06496510187455821,0.12496239063425194,0.12806835573712727,0.29360870012990414,0.31262825430238506,0.2604182102650016,0.3765614844598029,0.3701765402267827,0.5064928378667976,0.5630051533799801,0.5882343642749696,0.6178178590486078,0.6344240354785563,0.6346371194252011,0.6432164010619429,0.674218842228111,0.6336869820395478,0.6198855419103868,0.6541235798324795,0.6514036806836438,0.3410399089096299,0.3580643767510282,0.41373209516146164,0.4342301330944254,0.028509069329181378,0.16815869292219418,0.25707112882662103,0.1871515353630478,0.23438883557361223,0.2867664543771494,0.3925242837703074,0.6743634571254354,0.6460214611292149
6120448930,0.19362809018098665,0.1992265603726485,0.20011733853027197,0.23283056823720044,0.2654258647767626,0.43713969533093916,0.5882891196748778,0.6251311455744033,0.6544709561155158,0.3313835157675768,0.3981269731760575,0.39010407385228096,0.5410727399719863,0.41570513993390684,0.2705716101532182,0.3745838703134741,0.4777065207238042,0.4819681484331897,0.15773091535006592,0.03382449621312269,0.0,7.830072776983008e-05,0.029983580092183916,0.052640328507404105,0.022511053241895368,0.037062489459644445,0.0384330876470268,0.09667346584393624,0.10002009999007712,0.25619957043160696,0.26197145471621414,0.20409333712214314,0.3439901352331563,0.3103807889211188,0.48233751424504134,0.5450468701711852,0.5726605913933576,0.600388518000721,0.6199589871513973,0.6202018639479365,0.6428045591417351,0.6726148026930925,0.6155543992117989,0.5979056598076735,0.657630642709688,0.6547198289465308,0.2717814922466758,0.2917626733483737,0.3574281755977182,0.3791680877845932,0.0838994534961829,0.13345698562269592,0.2049840022242748,0.14968660654433572,0.20695967411363467,0.26205245290500895,0.35990850246085215,0.6733492975975375,0.6495213713050827
6120449060,0.19452784388632008,0.20015224689816596,0.20104298127666734,0.2338109867495348,0.2663128634152182,0.4376848619479929,0.5885277869411274,0.6252967054793822,0.6545477909272176,0.33192685193241966,0.3983827921335009,0.3902961255233596,0.5411194642355088,0.4157899853287497,0.2709481690901752,0.3739927548307684,0.4770916873604213,0.48135435580480584,0.15822612119608537,0.03557447105528071,7.830072776983008e-05,0.0,0.027598117149916074,0.051619933597573844,0.024596845162344318,0.038953318402332474,0.04032738492916253,0.09855366049669423,0.10189199535864835,0.2577724272449125,0.2635398140098757,0.20581505743709244,0.3453935879580715,0.3114369083192781,0.48329392020372225,0.545788518994502,0.5733172964005544,0.6008853762739759,0.620334417360246,0.620575036901309,0.6426910581216829,0.6726671969107823,0.6159229193363881,0.5983495488538347,0.6575538905825704,0.6546739180647445,0.27269352011129105,0.29266936011547734,0.35824992919162607,0.3798611852301125,0.08499030755419111,0.1351332863742437,0.20683979355547055,0.15138927641980168,0.20855103851192663,0.2636005330244804,0.3612439318985897,0.6733922702465649,0.6494569777427003
6120450440,0.21524642404934394,0.21970918300432798,0.22047548518024318,0.25078966402349057,0.2818331560905575,0.4438068385288988,0.5898391331447926,0.6256104319473537,0.653738894385177,0.3394521290478988,0.4025277821612466,0.3939817024683366,0.53509098102566,0.40575993567318897,0.25733700067329357,0.359952631001224,0.4627661533538571,0.4669176109137687,0.16008884448568317,0.059015390437715524,0.029983580092183916,0.027598117149916074,0.0,0.068354982899031,0.02511517385992105,0.027574088062894183,0.029023206743096844,0.08713339962454233,0.0902709785165664,0.24948406344125362,0.31338317853467484,0.2534357020695525,0.33858860993445955,0.3649057645654781,0.4726340401268501,0.5375172770222915,0.5674655759765548,0.6044477323584445,0.6214023724520548,0.6216140489927064,0.6342052932547008,0.6740534062288918,0.6212781498483159,0.6055456692470516,0.6496068837887083,0.6470832915059983,0.28660699089493125,0.30538996842105004,0.36791771875085605,0.38891248597587624,0.09566804626453737,0.12537217818944477,0.27089696841299893,0.1397254836504597,0.1899446515476607,0.24392440835781815,0.3497950143011205,0.6744337459895786,0.6408884091345173
6120451170,0.15882302917574798,0.17003585599470428,0.17129217587545528,0.2190483796032748,0.2507469433178316,0.43580105874392877,0.5931975982054691,0.6318365355356302,0.6604342515221132,0.30812449967757194,0.3685535527415491,0.3516625716190492,0.5451830170463049,0.4200596951053752,0.2882283629681253,0.3332897858750659,0.44063954786463494,0.4460674045946628,0.14097736442180847,0.12581923830792952,0.052640328507404105,0.051619933597573844,0.068354982899031,0.0,0.069956629540436,0.08935064047202283,0.09108378000966634,0.1440755099539242,0.14665425440869004,0.30320987174941166,0.27174495962019307,0.23247288454646603,0.3869637345528643,0.21906937610740368,0.5335825327079136,0.5855382095761431,0.6070386729705244,0.6242621361825429,0.6414163914656604,0.6415701071562839,0.6599241414432857,0.669390223551178,0.6271214404262713,0.6097019331875446,0.6708952294511756,0.6691401730100204,0.26344972099668096,0.2884006679754017,0.36264393183063637,0.37697019435952267,0.07536053744855958,0.17525951656838107,0.2024172117103115,0.2051479489788119,0.24308170171950727,0.30029177367871673,0.4170078200457138,0.6686459112082406,0.6661188085221237
6120451760,0.17318408210717454,0.17772416049417777,0.17855627435360302,0.2110848682909185,0.24585336729545398,0.42045016991626827,0.5806650123631377,0.6207007025988774,0.6521490327884126,0.3075178575529872,0.3807907560792183,0.37007713887785293,0.535885658613379,0.41476586768304013,0.28342686424629837,0.4016204413004679,0.4989179267619468,0.5033662259163152,0.1867663980646703,0.04852666167794111,0.022511053241895368,0.024596845162344318,0.02511517385992105,0.069956629540436,0.0,0.010101682858602853,0.011592389152024476,0.06071382856545777,0.06390590844024692,0.20760366308989717,0.24750643099032343,0.18268318253865792,0.2991473275096342,0.3004441161363152,0.4426855543696592,0.5134755648173314,0.5454252706321874,0.5795622214891044,0.600479678436296,0.6007467118223805,0.638698605249389,0.6712645933830848,0.5973211500025795,0.5773591248535624,0.6561642893984542,0.6528931382172819,0.2498354915437007,0.2699078986273272,0.3376849473116511,0.36169547475443753,0.10225257051880736,0.09158810335674954,0.19551208971200287,0.10395022644444664,0.16064713333903874,0.21605869711469916,0.31216965936640717,0.6728292885037344,0.6477433300603775
6120452600,0.18016531094126162,0.18351713100260328,0.18426978595966445,0.214992844082803,0.25040691338147797,0.42050283658158766,0.5801718769103402,0.6204952294807217,0.6520477688734273,0.30772381135425386,0.38277610243150784,0.3710154110321933,0.5375676800125229,0.4211835757762506,0.2986949744986028,0.4184747101706225,0.5111805662318437,0.5155090573377076,0.20658236908310157,0.06323470098875793,0.037062489459644445,0.038953318402332474,0.027574088062894183,0.08935064047202283,0.010101682858602853,0.0,0.00011004549641514045,0.034080581151124695,0.036686700072919444,0.17523795632796324,0.26758249475389756,0.19753101460690606,0.2676994874852885,0.3162932708016344,0.4103907539772274,0.4862768298016059,0.5217844145186609,0.5685214814634438,0.5886118365828985,0.5888787592014997,0.6372732224351915,0.6705079062777287,0.5872992790886005,0.566830181963021,0.6548357038898035,0.6511392694728276,0.25228035227055867,0.27152292825144425,0.3379819640648603,0.36325273605039754,0.11858856483928754,0.0657190353270104,0.22892646820594187,0.0747353330475479,0.12026868243075813,0.17685849044163046,0.27657917652922653,0.6725582045034277,0.6462285193630359
6120452830,0.17944935594069295,0.18275076290610062,0.18350448309138745,0.21432661282724774,0.249993509736407,0.4201642368978805,0.5801561559979769,0.6206268715962066,0.652262210870991,0.30694361369393114,0.382514437623278,0.37044058916817113,0.5385068489553999,0.4233663490634102,0.3030171673507539,0.4221466822328181,0.5140525339677,0.5183720621290377,0.21026651960890003,0.06496510187455821,0.0384330876470268,0.04032738492916253,0.029023206743096844,0.09108378000966634,0.011592389152024476,0.00011004549641514045,0.0,0.03145827001356729,0.03399635497991314,0.17093738824850063,0.2641012093122424,0.19368920726964006,0.2634187448203281,0.31295733050057745,0.4067706017098829,0.4832402294420448,0.5190031357942687,0.5660062104152699,0.5863002909855218,0.5865707058299837,0.6376411321846811,0.6701304727854077,0.5849427389184808,0.5641873970846496,0.6553292543693593,0.6515970573236415,0.2516755479737438,0.2709319225274485,0.3375124710008721,0.3629723678717656,0.12142640202437417,0.06254527885246805,0.22480523487463283,0.07148913984490476,0.11606274867900163,0.17295312311701436,0.2723641626998996,0.672323188978573,0.6467867058477962
6120454660,0.20844742295831398,0.2110458254140339,0.21177128737707562,0.2427593119853609,0.27925818660212626,0.43787564350716235,0.5891923272120764,0.62809266561353,0.657830153535841,0.32636833201793236,0.40166106038228466,0.38609053391953874,0.5595841026554851,0.4649661003979325,0.3769151877613991,0.4676638228373465,0.5460715716987546,0.5500416946773402,0.26912475743540343,0.12496239063425194,0.09667346584393624,0.09855366049669423,0.08713339962454233,0.1440755099539242,0.06071382856545777,0.034080581151124695,0.03145827001356729,0.0,7.259440725438672e-05,0.13718221059321511,0.2829396761034519,0.21131700338162246,0.230921519152306,0.3124397557397736,0.37635067978797393,0.4561426149377503,0.49402609914223966,0.5485837101172647,0.5672533009336691,0.567493786795917,0.6410276273132396,0.6664733914442605,0.5650802806008889,0.5430758299949975,0.659476401692967,0.6556459860975594,0.27842961109660674,0.2967439573626533,0.36027972403942804,0.3859630025146638,0.18042621451092472,0.028640069808033984,0.19295012511550227,0.050246301006488865,0.057821832727208214,0.1392015379210748,0.24119132955817488,0.6701258030894413,0.6519881561611952
6120454770,0.21086438870678698,0.21347007241799607,0.21419423328377551,0.2451693535287688,0.28153780857175853,0.4393555865548281,0.5898594547613071,0.6285509390711984,0.6580969002200525,0.32817968234244416,0.4030881140552301,0.3874704210235466,0.5604763659474163,0.46651713428442637,0.37937937147608336,0.4685907470566261,0.5465972829005674,0.5505507090190009,0.27103282375640414,0.12806835573712727,0.10002009999007712,0.10189199535864835,0.0902709785165664,0.14665425440869004,0.06390590844024692,0.036686700072919444,0.03399635497991314,7.259440725438672e-05,0.0,0.13799212930431903,0.28513354645720057,0.21390259709854398,0.23168851554743797,0.3134973052095075,0.37748807979560395,0.4570653424336569,0.4949201203422378,0.5494423569382395,0.567936713165752,0.5681742153004177,0.6410944031725528,0.6665472594383136,0.5657137133340417,0.5438309449465945,0.6595302008312927,0.6557495848236928,0.2806984955433817,0.298954284951653,0.36222171816409643,0.38775709077363935,0.18298109244047006,0.028861137763475514,0.18983591806190084,0.05119513034121804,0.05643284322062501,0.13951768723401278,0.2423936816770553,0.6701861990929666,0.6520963735015687
6120460540,0.3528280289634119,0.3520417678873809,0.3527071213132329,0.3841811177621624,0.425709156476071,0.5349178366419509,0.6380843274493171,0.6630644110062273,0.6744818086756816,0.43615029900359115,0.504724813204627,0.47659777477921283,0.6402665971963517,0.6077566733766504,0.5893948021097357,0.5882143164178443,0.626618998472981,0.6289080614330937,0.43160677901023703,0.29360870012990414,0.25619957043160696,0.2577724272449125,0.24948406344125362,0.30320987174941166,0.20760366308989717,0.17523795632796324,0.17093738824850063,0.13718221059321511,0.13799212930431903,0.0,0.28776416782755243,0.21645594125695836,0.028839268646396483,0.3217232117642693,0.1348810825262948,0.20268757039414814,0.24628922994204716,0.3489421084989843,0.3635486216450186,0.36389320138127157,0.6726067721658704,0.5892655778838155,0.37070063960685307,0.34142468906502815,0.6737305109825613,0.6742295847260963,0.4145243371060658,0.42852560803674156,0.4774116457640055,0.504772522850168,0.3491138833323056,0.08454932019729211,0.31603601734019576,0.046603398870286215,0.0989749627526859,0.12732189480073572,0.0760320189474594,0.5993765325646566,0.6744317704883648
6120461070,0.318979111710139,0.3240784183340751,0.3250036781304,0.36137493468847437,0.3947277133383349,0.5177345963801349,0.627499487996328,0.6552922965330066,0.6725803035292371,0.4219629585950455,0.4820365941424204,0.46051341491733844,0.6268784317156119,0.5873589439979604,0.5706467666954718,0.5666270753794336,0.6104995555036823,0.6132980289660147,0.41888243929004226,0.31262825430238506,0.26197145471621414,0.2635398140098757,0.31338317853467484,0.27174495962019307,0.24750643099032343,0.26758249475389756,0.2641012093122424,0.2829396761034519,0.28513354645720057,0.28776416782755243,0.0,0.024134987643124536,0.3254021942986595,0.14005125403297508,0.4598285723809102,0.5165301064437007,0.5353708161778631,0.5052655202836112,0.5347372858419276,0.5350776428503526,0.6691802937579844,0.6348466062580234,0.5176513286044006,0.4900657785793121,0.6739396168740992,0.6744808805189549,0.39415189420899815,0.41090414927567354,0.46344521309836284,0.48230886184601507,0.3505957285532273,0.29567298799736225,0.13788988208049904,0.28043310770299706,0.27467034448884975,0.19175927973259652,0.352616960338937,0.639149447042366,0.674420489326924
6120461830,0.27493147743051116,0.2794575468159841,0.28041101088740256,0.3183367842165902,0.35601683176559795,0.4933351003745536,0.6185924513119235,0.6506665553649891,0.6714317813084855,0.3867247148638612,0.4562789541255063,0.432601121884152,0.617763196163991,0.5717131597437378,0.5493023440950493,0.5582324105176043,0.607113024306032,0.6101583523363285,0.39277137403404594,0.2604182102650016,0.20409333712214314,0.20581505743709244,0.2534357020695525,0.23247288454646603,0.18268318253865792,0.19753101460690606,0.19368920726964006,0.21131700338162246,0.21390259709854398,0.21645594125695836,0.024134987643124536,0.0,0.2556051390926642,0.11572834111090062,0.39805195028700124,0.466431547799282,0.4896900580304658,0.4672407518232059,0.5018682211100386,0.5023109419278049,0.6676455075699005,0.6303266298616215,0.4903062719569392,0.4596748696078363,0.674294849577702,0.6742861832416903,0.3541636131502384,0.37222993465772325,0.4305643867029217,0.45311495089671344,0.3120831998769784,0.2269694455944805,0.12104828618511634,0.20513353659610853,0.23131457105580813,0.22644661441198852,0.2772586831160062,0.6355122699855581,0.674085314740875
6120462450,0.4260266952974967,0.4248360044331833,0.42544265609707255,0.4539670012320399,0.4916859258893599,0.5766628317964174,0.6541087322215958,0.6708392020390196,0.6719283698782229,0.4930128308190647,0.5515935544718025,0.5239910784991101,0.6610734689624079,0.6458893158827111,0.641133445699599,0.6263867988176375,0.6505310685207412,0.6520348285917809,0.49836705655396396,0.3765614844598029,0.3439901352331563,0.3453935879580715,0.33858860993445955,0.3869637345528643,0.2991473275096342,0.2676994874852885,0.2634187448203281,0.230921519152306,0.23168851554743797,0.028839268646396483,0.3254021942986595,0.2556051390926642,0.0,0.3488595325286906,0.09499523397919635,0.15083048027622256,0.1816222092579954,0.2790314607137924,0.29626287353785735,0.2967702006943586,0.6724943199543808,0.5378004915068317,0.3090204714660277,0.2799925540017893,0.6615735394409764,0.6711253386946507,0.47997807565903194,0.49145966344694897,0.5311142575153334,0.55504214885554,0.4271219263689718,0.17601529144161376,0.38958709259117885,0.1300376966960941,0.18038712716905905,0.18900398366481744,0.024509125435350332,0.5423549131669604,0.6687894711316741
6120463810,0.29397919914882836,0.3048716751814238,0.3062349764992693,0.3604387677331946,0.3953697420278569,0.5283622546915404,0.6382166113020498,0.6643094348351634,0.6743885614712156,0.41246169905333324,0.46889437035857434,0.4365765347824423,0.638050872177032,0.6010988646916885,0.5914217489193064,0.5310919906881212,0.578843155536207,0.5825762650640395,0.38165410792347476,0.3701765402267827,0.3103807889211188,0.3114369083192781,0.3649057645654781,0.21906937610740368,0.3004441161363152,0.3162932708016344,0.31295733050057745,0.3124397557397736,0.3134973052095075,0.3217232117642693,0.14005125403297508,0.11572834111090062,0.3488595325286906,0.0,0.5185917598407652,0.5656512538513131,0.5790947088200542,0.5593121064863562,0.5914455368981073,0.5916411913200019,0.6714084727011074,0.6089428697478628,0.5497964936114342,0.5204554257769194,0.6503265371599836,0.6620351940498002,0.39922029828091005,0.42091361244942677,0.48106538869348203,0.4942807864169263,0.33087463461730193,0.32161644587711213,0.19037346202682562,0.32412998910134855,0.29271974562778014,0.27243953422649136,0.4028982312961742,0.5880427577677286,0.6624688209963986
