,6120355650,6120355820,6120359380,6120360550,6120361190,6120361310,6121101480
6120355650,0.0,157.833007813,593.225006104,586.433013916,441.212982178,1140.50302124,721.897003174
6120355820,157.833007813,0.0,435.391998291,428.600006103,283.379974365,982.670013426,564.063995361
6120359380,593.225006104,435.391998291,0.0,6.791992188,152.012023926,547.278015135,128.67199707
6120360550,586.433013916,428.600006103,6.791992188,0.0,145.220031738,554.070007323,135.463989258
6120361190,441.212982178,283.379974365,152.012023926,145.220031738,0.0,699.290039061,280.684020996
6120361310,1140.50302124,982.670013426,547.278015135,554.070007323,699.290039061,0.0,418.606018065
6121101480,721.897003174,564.063995361,128.67199707,135.463989258,280.684020996,418.606018065,0.0
