,6120355650,6120355820,6120359380,6120360550,6120361190,6120361310,6121101480
6120355650,0.0,0.0924265375532,0.661026225202,0.608132403151,0.674245089671,0.419026231819,0.473152998864
6120355820,0.0924265375532,0.0,0.672977784601,0.571818604579,0.634503911229,0.513471477375,0.574010542828
6120359380,0.661026225202,0.672977784601,0.0,0.643482429305,0.67240671997,0.574867808411,0.231792166623
6120360550,0.608132403151,0.571818604579,0.643482429305,0.0,0.164977037688,0.460348857594,0.674386377018
6120361190,0.674245089671,0.634503911229,0.67240671997,0.164977037688,0.0,0.268783891212,0.601436304187
6120361310,0.419026231819,0.513471477375,0.574867808411,0.460348857594,0.268783891212,0.0,0.604981668494
6121101480,0.473152998864,0.574010542828,0.231792166623,0.674386377018,0.601436304187,0.604981668494,0.0
