,6120355650,6120355820,6120359380,6120360550,6120361190,6120361310,6121101480
6120355650,1.0,0.928960003515,-0.141245053267,-0.313642366623,0.0187517885423,-0.615421707308,-0.546346521421
6120355820,0.928960003515,1.0,0.04722880217,-0.390142346516,-0.243459736766,-0.488587343005,-0.385954973972
6120359380,-0.141245053267,0.04722880217,1.0,0.214384991854,0.0554727937671,-0.384304884121,0.81014850612
6120360550,-0.313642366623,-0.390142346516,0.214384991854,1.0,0.869138631512,0.563452021562,-0.0119228483241
6120361190,0.0187517885423,-0.243459736766,0.0554727937671,0.869138631512,1.0,0.775561718873,-0.329088583216
6120361310,-0.615421707308,-0.488587343005,-0.384304884121,0.563452021562,0.775561718873,1.0,-0.321002916224
6121101480,-0.546346521421,-0.385954973972,0.81014850612,-0.0119228483241,-0.329088583216,-0.321002916224,1.0
